%YAML:1.0
---
profile: [ 1.83999996e+01, 0., -2.32314796e+01, 1.84500008e+01, 0.,
    -2.32352409e+01, 1.85000000e+01, 0., -2.32372704e+01, 1.85499992e+01,
    0., -2.32374706e+01, 1.86000004e+01, 0., -2.32368793e+01,
    1.86499996e+01, 0., -2.32360802e+01, 1.87000008e+01, 0.,
    -2.32355194e+01, 1.87500000e+01, 0., -2.32244606e+01, 1.87999992e+01,
    0., -2.32101803e+01, 1.88500004e+01, 0., -2.32013893e+01,
    1.88999996e+01, 0., -2.31988201e+01, 1.89500008e+01, 0.,
    -2.32095394e+01, 19., 0., -2.32150192e+01, 1.90499992e+01, 0.,
    -2.32161808e+01, 1.91000004e+01, 0., -2.32199402e+01, 1.91499996e+01,
    0., -2.32241592e+01, 1.92000008e+01, 0., -2.32269592e+01,
    1.92500000e+01, 0., -2.32285900e+01, 1.92999992e+01, 0.,
    -2.32257004e+01, 1.93500004e+01, 0., -2.32106209e+01, 1.93999996e+01,
    0., -2.31971893e+01, 1.94500008e+01, 0., -2.31929493e+01,
    1.95000000e+01, 0., -2.32059097e+01, 1.95499992e+01, 0.,
    -2.32208309e+01, 1.96000004e+01, 0., -2.32242699e+01, 1.96499996e+01,
    0., -2.32255402e+01, 1.97000008e+01, 0., -2.32249393e+01,
    1.97500000e+01, 0., -2.32233791e+01, 1.97999992e+01, 0.,
    -2.32150707e+01, 1.98500004e+01, 0., -2.32005901e+01, 1.98999996e+01,
    0., -2.32066803e+01, 1.99500008e+01, 0., -2.32241001e+01, 20., 0.,
    -2.32227402e+01, 2.00499992e+01, 0., -2.32243404e+01, 2.01000004e+01,
    0., -2.32295799e+01, 2.01499996e+01, 0., -2.32287693e+01,
    2.02000008e+01, 0., -2.32247601e+01, 2.02500000e+01, 0.,
    -2.32173195e+01, 2.02999992e+01, 0., -2.32178001e+01, 2.03500004e+01,
    0., -2.32234001e+01, 2.03999996e+01, 0., -2.32215595e+01,
    2.04500008e+01, 0., -2.32200108e+01, 2.05000000e+01, 0.,
    -2.32217693e+01, 2.05499992e+01, 0., -2.32199192e+01, 2.06000004e+01,
    0., -2.32162800e+01, 2.06499996e+01, 0., -2.32009296e+01,
    2.07000008e+01, 0., -2.31865292e+01, 2.07500000e+01, 0.,
    -2.31867294e+01, 2.07999992e+01, 0., -2.31893005e+01, 2.08500004e+01,
    0., -2.31924992e+01, 2.08999996e+01, 0., -2.31978607e+01,
    2.09500008e+01, 0., -2.32044697e+01, 21., 0., -2.32107506e+01,
    2.10499992e+01, 0., -2.32009201e+01, 2.11000004e+01, 0.,
    -2.31928005e+01, 2.11499996e+01, 0., -2.32061596e+01, 2.12000008e+01,
    0., -2.32141209e+01, 2.12500000e+01, 0., -2.32157993e+01,
    2.12999992e+01, 0., -2.32117805e+01, 2.13500004e+01, 0.,
    -2.32073708e+01, 2.13999996e+01, 0., -2.32075691e+01, 2.14500008e+01,
    0., -2.31985798e+01, 2.15000000e+01, 0., -2.31864605e+01,
    2.15499992e+01, 0., -2.31853504e+01, 2.16000004e+01, 0.,
    -2.31819000e+01, 2.16499996e+01, 0., -2.31720600e+01, 2.17000008e+01,
    0., -2.31499004e+01, 2.17500000e+01, 0., -2.31269398e+01,
    2.17999992e+01, 0., -2.31750603e+01, 2.18500004e+01, 0.,
    -2.32089596e+01, 2.18999996e+01, 0., -2.31959991e+01, 2.19500008e+01,
    0., -2.31995201e+01, 22., 0., -2.32148705e+01, 2.20499992e+01, 0.,
    -2.32229099e+01, 2.21000004e+01, 0., -2.32206593e+01, 2.21499996e+01,
    0., -2.32122993e+01, 2.22000008e+01, 0., -2.32080498e+01,
    2.22500000e+01, 0., -2.32052002e+01, 2.22999992e+01, 0.,
    -2.32027206e+01, 2.23500004e+01, 0., -2.32075195e+01, 2.23999996e+01,
    0., -2.32156296e+01, 2.24500008e+01, 0., -2.32157497e+01,
    2.25000000e+01, 0., -2.32147598e+01, 2.25499992e+01, 0.,
    -2.32126007e+01, 2.26000004e+01, 0., -2.32122993e+01, 2.26499996e+01,
    0., -2.32146797e+01, 2.27000008e+01, 0., -2.32201996e+01,
    2.27500000e+01, 0., -2.32239799e+01, 2.27999992e+01, 0.,
    -2.32232609e+01, 2.28500004e+01, 0., -2.32223892e+01, 2.28999996e+01,
    0., -2.32217693e+01, 2.29500008e+01, 0., -2.32218494e+01, 23., 0.,
    -2.32214108e+01, 2.30499992e+01, 0., -2.32207699e+01, 2.31000004e+01,
    0., -2.32268295e+01, 2.31499996e+01, 0., -2.32300301e+01,
    2.32000008e+01, 0., -2.32270699e+01, 2.32500000e+01, 0.,
    -2.32243004e+01, 2.32999992e+01, 0., -2.32223091e+01, 2.33500004e+01,
    0., -2.32209091e+01, 2.33999996e+01, 0., -2.32208099e+01,
    2.34500008e+01, 0., -2.32226906e+01, 2.35000000e+01, 0.,
    -2.32233391e+01, 2.35499992e+01, 0., -2.32230701e+01, 2.36000004e+01,
    0., -2.32215099e+01, 2.36499996e+01, 0., -2.32226601e+01,
    2.37000008e+01, 0., -2.32251396e+01, 2.37500000e+01, 0.,
    -2.32338696e+01, 2.37999992e+01, 0., -2.32408504e+01, 2.38500004e+01,
    0., -2.32426109e+01, 2.38999996e+01, 0., -2.32423801e+01,
    2.39500008e+01, 0., -2.32407207e+01, 24., 0., -2.32402401e+01,
    2.40499992e+01, 0., -2.32391491e+01, 2.41000004e+01, 0.,
    -2.32377892e+01, 2.41499996e+01, 0., -2.32390709e+01, 2.42000008e+01,
    0., -2.32424107e+01, 2.42500000e+01, 0., -2.32451305e+01,
    2.42999992e+01, 0., -2.32488499e+01, 2.43500004e+01, 0.,
    -2.32519703e+01, 2.43999996e+01, 0., -2.32554398e+01, 2.44500008e+01,
    0., -2.32702599e+01, 2.45000000e+01, 0., -2.32958202e+01,
    2.45499992e+01, 0., -2.32984104e+01, 2.46000004e+01, 0.,
    -2.32929993e+01, 2.46499996e+01, 0., -2.32868404e+01, 2.47000008e+01,
    0., -2.32760601e+01, 2.47500000e+01, 0., -2.32637405e+01,
    2.47999992e+01, 0., -2.32644997e+01, 2.48500004e+01, 0.,
    -2.32670002e+01, 2.48999996e+01, 0., -2.32616405e+01, 2.49500008e+01,
    0., -2.32579899e+01, 25., 0., -2.32588692e+01, 2.50499992e+01, 0.,
    -2.32064495e+01, 2.51000004e+01, 0., -2.31538105e+01, 2.51499996e+01,
    0., -2.31132603e+01, 2.52000008e+01, 0., -2.30858994e+01,
    2.52500000e+01, 0., -2.30452099e+01, 2.52999992e+01, 0.,
    -2.30067692e+01, 2.53500004e+01, 0., -2.29883308e+01, 2.53999996e+01,
    0., -2.29797497e+01, 2.54500008e+01, 0., -2.29903107e+01,
    2.55000000e+01, 0., -2.29321098e+01, 2.55499992e+01, 0.,
    -2.28712692e+01, 2.56000004e+01, 0., -2.28172207e+01, 2.56499996e+01,
    0., -2.27857800e+01, 2.57000008e+01, 0., -2.27633400e+01,
    2.57500000e+01, 0., -2.27538204e+01, 2.57999992e+01, 0.,
    -2.27740593e+01, 2.58500004e+01, 0., -2.27626991e+01, 2.58999996e+01,
    0., -2.27340603e+01, 2.59500008e+01, 0., -2.26858006e+01, 26., 0.,
    -2.26405602e+01, 2.60499992e+01, 0., -2.25924492e+01, 2.61000004e+01,
    0., -2.25556507e+01, 2.61499996e+01, 0., -2.25165405e+01,
    2.62000008e+01, 0., -2.24767609e+01, 2.62500000e+01, 0.,
    -2.24372807e+01, 2.62999992e+01, 0., -2.23927994e+01, 2.63500004e+01,
    0., -2.23728809e+01, 2.63999996e+01, 0., -2.23445396e+01,
    2.64500008e+01, 0., -2.23177395e+01, 2.65000000e+01, 0.,
    -2.22784691e+01, 2.65499992e+01, 0., -2.22440300e+01, 2.66000004e+01,
    0., -2.22068195e+01, 2.66499996e+01, 0., -2.21782608e+01,
    2.67000008e+01, 0., -2.21640396e+01, 2.67500000e+01, 0.,
    -2.21484509e+01, 2.67999992e+01, 0., -2.21278095e+01, 2.68500004e+01,
    0., -2.20980797e+01, 2.68999996e+01, 0., -2.20722809e+01,
    2.69500008e+01, 0., -2.20380898e+01, 27., 0., -2.20098095e+01,
    2.70499992e+01, 0., -2.19736691e+01, 2.71000004e+01, 0.,
    -2.19371605e+01, 2.71499996e+01, 0., -2.19072800e+01, 2.72000008e+01,
    0., -2.18699608e+01, 2.72500000e+01, 0., -2.18402004e+01,
    2.72999992e+01, 0., -2.18056507e+01, 2.73500004e+01, 0.,
    -2.17812500e+01, 2.73999996e+01, 0., -2.17201405e+01, 2.74500008e+01,
    0., -2.16550198e+01, 2.75000000e+01, 0., -2.16041203e+01,
    2.75499992e+01, 0., -2.15797195e+01, 2.76000004e+01, 0.,
    -2.15519104e+01, 2.76499996e+01, 0., -2.15302296e+01, 2.77000008e+01,
    0., -2.14759998e+01, 2.77500000e+01, 0., -2.14271908e+01,
    2.77999992e+01, 0., -2.14271908e+01, 2.78500004e+01, 0.,
    -2.14127102e+01, 2.78999996e+01, 0., -2.13837509e+01, 2.79500008e+01,
    0., -2.13515606e+01, 28., 0., -2.13279591e+01, 2.80499992e+01, 0.,
    -2.13022003e+01, 2.81000004e+01, 0., -2.12799301e+01, 2.81499996e+01,
    0., -2.12700901e+01, 2.82000008e+01, 0., -2.12584801e+01,
    2.82500000e+01, 0., -2.12501202e+01, 2.82999992e+01, 0.,
    -2.12038307e+01, 2.83500004e+01, 0., -2.11477108e+01, 2.83999996e+01,
    0., -2.11070404e+01, 2.84500008e+01, 0., -2.10903206e+01,
    2.85000000e+01, 0., -2.10375195e+01, 2.85499992e+01, 0.,
    -2.09827709e+01, 2.86000004e+01, 0., -2.09584503e+01, 2.86499996e+01,
