%YAML:1.0
---
profile: [ 4.58499985e+01, 0., -2.32703609e+01, 4.59000015e+01, 0.,
    -2.32765198e+01, 4.59500008e+01, 0., -2.32816010e+01, 46., 0.,
    -2.32825203e+01, 4.60499992e+01, 0., -2.32874107e+01, 4.60999985e+01,
    0., -2.32900791e+01, 4.61500015e+01, 0., -2.32821999e+01,
    4.62000008e+01, 0., -2.32799797e+01, 4.62500000e+01, 0.,
    -2.32823009e+01, 4.62999992e+01, 0., -2.32828903e+01, 4.63499985e+01,
    0., -2.32828903e+01, 4.64000015e+01, 0., -2.32828903e+01,
    4.64500008e+01, 0., -2.32811203e+01, 4.65000000e+01, 0.,
    -2.32787991e+01, 4.65499992e+01, 0., -2.32487793e+01, 4.65999985e+01,
    0., -2.32269192e+01, 4.66500015e+01, 0., -2.32568798e+01,
    4.67000008e+01, 0., -2.32718601e+01, 4.67500000e+01, 0.,
    -2.32714405e+01, 4.67999992e+01, 0., -2.32699203e+01, 4.68499985e+01,
    0., -2.32718792e+01, 4.69000015e+01, 0., -2.32780399e+01,
    4.69500008e+01, 0., -2.32448597e+01, 47., 0., -2.32198200e+01,
    4.70499992e+01, 0., -2.32587395e+01, 4.70999985e+01, 0.,
    -2.32736092e+01, 4.71500015e+01, 0., -2.32674904e+01, 4.72000008e+01,
    0., -2.32659702e+01, 4.72500000e+01, 0., -2.32660007e+01,
    4.72999992e+01, 0., -2.32660007e+01, 4.73499985e+01, 0.,
    -2.32660294e+01, 4.74000015e+01, 0., -2.32660294e+01, 4.74500008e+01,
    0., -2.32722397e+01, 4.75000000e+01, 0., -2.32765007e+01,
    4.75499992e+01, 0., -2.32757797e+01, 4.75999985e+01, 0.,
    -2.32693996e+01, 4.76500015e+01, 0., -2.32598495e+01, 4.77000008e+01,
    0., -2.32537308e+01, 4.77500000e+01, 0., -2.32562199e+01,
    4.77999992e+01, 0., -2.32704201e+01, 4.78499985e+01, 0.,
    -2.32739697e+01, 4.79000015e+01, 0., -2.32724094e+01, 4.79500008e+01,
    0., -2.32661705e+01, 48., 0., -2.32694702e+01, 4.80499992e+01, 0.,
    -2.32779903e+01, 4.80999985e+01, 0., -2.32685204e+01, 4.81500015e+01,
    0., -2.32571392e+01, 4.82000008e+01, 0., -2.32580204e+01,
    4.82500000e+01, 0., -2.32579193e+01, 4.82999992e+01, 0.,
    -2.32572002e+01, 4.83499985e+01, 0., -2.32508602e+01, 4.84000015e+01,
    0., -2.32516994e+01, 4.84500008e+01, 0., -2.32625809e+01,
    4.85000000e+01, 0., -2.32627106e+01, 4.85499992e+01, 0.,
    -2.32556801e+01, 4.85999985e+01, 0., -2.32556801e+01, 4.86500015e+01,
    0., -2.32552605e+01, 4.87000008e+01, 0., -2.32544193e+01,
    4.87500000e+01, 0., -2.32627697e+01, 4.87999992e+01, 0.,
    -2.32715702e+01, 4.88499985e+01, 0., -2.32724495e+01, 4.89000015e+01,
    0., -2.32572899e+01, 4.89500008e+01, 0., -2.32364902e+01, 49., 0.,
    -2.32507305e+01, 4.90499992e+01, 0., -2.32653809e+01, 4.90999985e+01,
    0., -2.32653809e+01, 4.91500015e+01, 0., -2.32567101e+01,
    4.92000008e+01, 0., -2.32451496e+01, 4.92500000e+01, 0.,
    -2.32475395e+01, 4.92999992e+01, 0., -2.32511692e+01, 4.93499985e+01,
    0., -2.32504501e+01, 4.94000015e+01, 0., -2.32500401e+01,
    4.94500008e+01, 0., -2.32488899e+01, 4.95000000e+01, 0.,
    -2.32442894e+01, 4.95499992e+01, 0., -2.32429790e+01, 4.95999985e+01,
    0., -2.32472992e+01, 4.96500015e+01, 0., -2.32483406e+01,
    4.97000008e+01, 0., -2.32493095e+01, 4.97500000e+01, 0.,
    -2.32535896e+01, 4.97999992e+01, 0., -2.32579708e+01, 4.98499985e+01,
    0., -2.32609291e+01, 4.99000015e+01, 0., -2.32677803e+01,
    4.99500008e+01, 0., -2.32695808e+01, 50., 0., -2.32640591e+01,
    5.00499992e+01, 0., -2.32572899e+01, 5.00999985e+01, 0.,
    -2.32517395e+01, 5.01500015e+01, 0., -2.32509804e+01, 5.02000008e+01,
    0., -2.32503605e+01, 5.02500000e+01, 0., -2.32503605e+01,
    5.02999992e+01, 0., -2.32516994e+01, 5.03499985e+01, 0.,
    -2.32521191e+01, 5.04000015e+01, 0., -2.32467594e+01, 5.04500008e+01,
    0., -2.32444897e+01, 5.05000000e+01, 0., -2.32479706e+01,
    5.05499992e+01, 0., -2.32388401e+01, 5.05999985e+01, 0.,
    -2.32305603e+01, 5.06500015e+01, 0., -2.32375603e+01, 5.07000008e+01,
    0., -2.32416592e+01, 5.07500000e+01, 0., -2.32423801e+01,
    5.07999992e+01, 0., -2.32381592e+01, 5.08499985e+01, 0.,
    -2.32382698e+01, 5.09000015e+01, 0., -2.32451897e+01, 5.09500008e+01,
    0., -2.32486496e+01, 51., 0., -2.32480602e+01, 5.10499992e+01, 0.,
    -2.32457809e+01, 5.10999985e+01, 0., -2.32428608e+01, 5.11500015e+01,
    0., -2.32405796e+01, 5.12000008e+01, 0., -2.32393894e+01,
    5.12500000e+01, 0., -2.32394104e+01, 5.12999992e+01, 0.,
    -2.32394104e+01, 5.13499985e+01, 0., -2.32407398e+01, 5.14000015e+01,
    0., -2.32433796e+01, 5.14500008e+01, 0., -2.32502308e+01,
    5.15000000e+01, 0., -2.32552509e+01, 5.15499992e+01, 0.,
    -2.32508507e+01, 5.15999985e+01, 0., -2.32479897e+01, 5.16500015e+01,
    0., -2.32471905e+01, 5.17000008e+01, 0., -2.32513294e+01,
    5.17500000e+01, 0., -2.32538204e+01, 5.17999992e+01, 0.,
    -2.32522602e+01, 5.18499985e+01, 0., -2.32488194e+01, 5.19000015e+01,
    0., -2.32446804e+01, 5.19500008e+01, 0., -2.32423592e+01, 52., 0.,
    -2.32428398e+01, 5.20499992e+01, 0., -2.32472401e+01, 5.20999985e+01,
    0., -2.32453003e+01, 5.21500015e+01, 0., -2.32427807e+01,
    5.22000008e+01, 0., -2.32451000e+01, 5.22500000e+01, 0.,
    -2.32468605e+01, 5.22999992e+01, 0., -2.32468605e+01, 5.23499985e+01,
    0., -2.32453403e+01, 5.24000015e+01, 0., -2.32442398e+01,
    5.24500008e+01, 0., -2.32460003e+01, 5.25000000e+01, 0.,
    -2.32468796e+01, 5.25499992e+01, 0., -2.32468796e+01, 5.25999985e+01,
    0., -2.32486401e+01, 5.26500015e+01, 0., -2.32507591e+01,
    5.27000008e+01, 0., -2.32522793e+01, 5.27500000e+01, 0.,
    -2.32484207e+01, 5.27999992e+01, 0., -2.32428703e+01, 5.28499985e+01,
    0., -2.32451496e+01, 5.29000015e+01, 0., -2.32437992e+01,
    5.29500008e+01, 0., -2.32376804e+01, 53., 0., -2.32392292e+01,
    5.30499992e+01, 0., -2.32415600e+01, 5.30999985e+01, 0.,
    -2.32385597e+01, 5.31500015e+01, 0., -2.32349606e+01, 5.32000008e+01,
    0., -2.32324009e+01, 5.32500000e+01, 0., -2.32272205e+01,
    5.32999992e+01, 0., -2.32240009e+01, 5.33499985e+01, 0.,
    -2.32293606e+01, 5.34000015e+01, 0., -2.32315292e+01, 5.34500008e+01,
    0., -2.32308502e+01, 5.35000000e+01, 0., -2.32360096e+01,
    5.35499992e+01, 0., -2.32647400e+01, 5.35999985e+01, 0.,
    -2.33142204e+01, 5.36500015e+01, 0., -2.33220291e+01, 5.37000008e+01,
    0., -2.33141708e+01, 5.37500000e+01, 0., -2.33011303e+01,
    5.37999992e+01, 0., -2.32904205e+01, 5.38499985e+01, 0.,
    -2.32887001e+01, 5.39000015e+01, 0., -2.33033104e+01, 5.39500008e+01,
    0., -2.33064995e+01, 54., 0., -2.32903805e+01, 5.40499992e+01, 0.,
    -2.32817192e+01, 5.40999985e+01, 0., -2.32810001e+01, 5.41500015e+01,
    0., -2.32747192e+01, 5.42000008e+01, 0., -2.32701607e+01,
    5.42500000e+01, 0., -2.32702007e+01, 5.42999992e+01, 0.,
    -2.32551594e+01, 5.43499985e+01, 0., -2.32350807e+01, 5.44000015e+01,
    0., -2.32388802e+01, 5.44500008e+01, 0., -2.32451992e+01,
    5.45000000e+01, 0., -2.32445202e+01, 5.45499992e+01, 0.,
    -2.32296696e+01, 5.45999985e+01, 0., -2.32005997e+01, 5.46500015e+01,
    0., -2.31616402e+01, 5.47000008e+01, 0., -2.31248493e+01,
    5.47500000e+01, 0., -2.31336899e+01, 5.47999992e+01, 0.,
    -2.31051693e+01, 5.48499985e+01, 0., -2.30612507e+01, 5.49000015e+01,
    0., -2.30087299e+01, 5.49500008e+01, 0., -2.29641399e+01, 55., 0.,
    -2.29519005e+01, 5.50499992e+01, 0., -2.29169197e+01, 5.50999985e+01,
    0., -2.28654003e+01, 5.51500015e+01, 0., -2.28661194e+01,
    5.52000008e+01, 0., -2.28933392e+01, 5.52500000e+01, 0.,
    -2.28610992e+01, 5.52999992e+01, 0., -2.28307991e+01, 5.53499985e+01,
    0., -2.28185997e+01, 5.54000015e+01, 0., -2.27808495e+01,
    5.54500008e+01, 0., -2.27386894e+01, 5.55000000e+01, 0.,
    -2.27360706e+01, 5.55499992e+01, 0., -2.27136402e+01, 5.55999985e+01,
    0., -2.26568394e+01, 5.56500015e+01, 0., -2.26348209e+01,
    5.57000008e+01, 0., -2.26432991e+01, 5.57500000e+01, 0.,
    -2.25817795e+01, 5.57999992e+01, 0., -2.25063896e+01, 5.58499985e+01,
    0., -2.24596691e+01, 5.59000015e+01, 0., -2.24211597e+01,
    5.59500008e+01, 0., -2.24143600e+01, 56., 0., -2.24004593e+01,
    5.60499992e+01, 0., -2.23691807e+01, 5.60999985e+01, 0.,
