%YAML:1.0
---
profile: [ 4.44999981e+00, 0., -2.31740093e+01, 4.50000000e+00, 0.,
    -2.31740494e+01, 4.55000019e+00, 0., -2.31820698e+01, 4.59999990e+00,
    0., -2.31881008e+01, 4.65000010e+00, 0., -2.31881409e+01,
    4.69999981e+00, 0., -2.31882305e+01, 4.75000000e+00, 0.,
    -2.31877594e+01, 4.80000019e+00, 0., -2.31855602e+01, 4.84999990e+00,
    0., -2.31839600e+01, 4.90000010e+00, 0., -2.31840401e+01,
    4.94999981e+00, 0., -2.31842003e+01, 5., 0., -2.31779308e+01,
    5.05000019e+00, 0., -2.31523705e+01, 5.09999990e+00, 0.,
    -2.31323605e+01, 5.15000010e+00, 0., -2.31545200e+01, 5.19999981e+00,
    0., -2.31713791e+01, 5.25000000e+00, 0., -2.31786308e+01,
    5.30000019e+00, 0., -2.31770706e+01, 5.34999990e+00, 0.,
    -2.31757908e+01, 5.40000010e+00, 0., -2.31751900e+01, 5.44999981e+00,
    0., -2.31744194e+01, 5.50000000e+00, 0., -2.31739006e+01,
    5.55000019e+00, 0., -2.31740608e+01, 5.59999990e+00, 0.,
    -2.31789398e+01, 5.65000010e+00, 0., -2.31862907e+01, 5.69999981e+00,
    0., -2.31902905e+01, 5.75000000e+00, 0., -2.31910706e+01,
    5.80000019e+00, 0., -2.31866302e+01, 5.84999990e+00, 0.,
    -2.31788197e+01, 5.90000010e+00, 0., -2.31714191e+01, 5.94999981e+00,
    0., -2.31715794e+01, 6., 0., -2.31683197e+01, 6.05000019e+00, 0.,
    -2.31615601e+01, 6.09999990e+00, 0., -2.31673393e+01, 6.15000010e+00,
    0., -2.31781197e+01, 6.19999981e+00, 0., -2.31724396e+01,
    6.25000000e+00, 0., -2.31730003e+01, 6.30000019e+00, 0.,
    -2.31775208e+01, 6.34999990e+00, 0., -2.31729298e+01, 6.40000010e+00,
    0., -2.31656494e+01, 6.44999981e+00, 0., -2.31596909e+01,
    6.50000000e+00, 0., -2.31608906e+01, 6.55000019e+00, 0.,
    -2.31664104e+01, 6.59999990e+00, 0., -2.31671104e+01, 6.65000010e+00,
    0., -2.31666393e+01, 6.69999981e+00, 0., -2.31667595e+01,
    6.75000000e+00, 0., -2.31513100e+01, 6.80000019e+00, 0.,
    -2.31306305e+01, 6.84999990e+00, 0., -2.31475792e+01, 6.90000010e+00,
    0., -2.31684895e+01, 6.94999981e+00, 0., -2.31771297e+01, 7., 0.,
    -2.31750107e+01, 7.05000019e+00, 0., -2.31702900e+01, 7.09999990e+00,
    0., -2.31686497e+01, 7.15000010e+00, 0., -2.31679096e+01,
    7.19999981e+00, 0., -2.31679897e+01, 7.25000000e+00, 0.,
    -2.31642895e+01, 7.30000019e+00, 0., -2.31614304e+01, 7.34999990e+00,
    0., -2.31650696e+01, 7.40000010e+00, 0., -2.31669998e+01,
    7.44999981e+00, 0., -2.31670799e+01, 7.50000000e+00, 0.,
    -2.31716309e+01, 7.55000019e+00, 0., -2.31727600e+01, 7.59999990e+00,
    0., -2.31682396e+01, 7.65000010e+00, 0., -2.31601295e+01,
    7.69999981e+00, 0., -2.31524105e+01, 7.75000000e+00, 0.,
    -2.31524906e+01, 7.80000019e+00, 0., -2.31526203e+01, 7.84999990e+00,
    0., -2.31527405e+01, 7.90000010e+00, 0., -2.31522598e+01,
    7.94999981e+00, 0., -2.31533699e+01, 8., 0., -2.31605701e+01,
    8.05000019e+00, 0., -2.31643105e+01, 8.10000038e+00, 0.,
    -2.31644707e+01, 8.14999962e+00, 0., -2.31647301e+01, 8.19999981e+00,
    0., -2.31588192e+01, 8.25000000e+00, 0., -2.31466999e+01,
    8.30000019e+00, 0., -2.31448097e+01, 8.35000038e+00, 0.,
    -2.31503696e+01, 8.39999962e+00, 0., -2.31555309e+01, 8.44999981e+00,
    0., -2.31595993e+01, 8.50000000e+00, 0., -2.31621208e+01,
    8.55000019e+00, 0., -2.31636009e+01, 8.60000038e+00, 0.,
    -2.31645298e+01, 8.64999962e+00, 0., -2.31670494e+01, 8.69999981e+00,
    0., -2.31700001e+01, 8.75000000e+00, 0., -2.31720009e+01,
    8.80000019e+00, 0., -2.31765804e+01, 8.85000038e+00, 0.,
    -2.31813602e+01, 8.89999962e+00, 0., -2.31840000e+01, 8.94999981e+00,
    0., -2.31861801e+01, 9., 0., -2.31871204e+01, 9.05000019e+00, 0.,
    -2.31865597e+01, 9.10000038e+00, 0., -2.31859303e+01, 9.14999962e+00,
    0., -2.31855698e+01, 9.19999981e+00, 0., -2.31776409e+01,
    9.25000000e+00, 0., -2.31656399e+01, 9.30000019e+00, 0.,
    -2.31589603e+01, 9.35000038e+00, 0., -2.31455498e+01, 9.39999962e+00,
    0., -2.31288700e+01, 9.44999981e+00, 0., -2.31057301e+01,
    9.50000000e+00, 0., -2.30860901e+01, 9.55000019e+00, 0.,
    -2.30486507e+01, 9.60000038e+00, 0., -2.30118904e+01, 9.64999962e+00,
    0., -2.29907799e+01, 9.69999981e+00, 0., -2.29721603e+01,
    9.75000000e+00, 0., -2.29456406e+01, 9.80000019e+00, 0.,
    -2.29156094e+01, 9.85000038e+00, 0., -2.29018898e+01, 9.89999962e+00,
    0., -2.28858795e+01, 9.94999981e+00, 0., -2.28744793e+01, 10., 0.,
    -2.28514996e+01, 1.00500002e+01, 0., -2.28285408e+01, 1.01000004e+01,
    0., -2.27999992e+01, 1.01499996e+01, 0., -2.27708893e+01,
    1.01999998e+01, 0., -2.27457294e+01, 1.02500000e+01, 0.,
    -2.27115002e+01, 1.03000002e+01, 0., -2.26754208e+01, 1.03500004e+01,
    0., -2.26347198e+01, 1.03999996e+01, 0., -2.26163998e+01,
    1.04499998e+01, 0., -2.25829506e+01, 1.05000000e+01, 0.,
    -2.25435505e+01, 1.05500002e+01, 0., -2.24983006e+01, 1.06000004e+01,
    0., -2.24669399e+01, 1.06499996e+01, 0., -2.24314194e+01,
    1.06999998e+01, 0., -2.24049797e+01, 1.07500000e+01, 0.,
    -2.23672199e+01, 1.08000002e+01, 0., -2.23345795e+01, 1.08500004e+01,
    0., -2.22930298e+01, 1.08999996e+01, 0., -2.22593899e+01,
    1.09499998e+01, 0., -2.22149601e+01, 11., 0., -2.21789608e+01,
    1.10500002e+01, 0., -2.21366806e+01, 1.11000004e+01, 0.,
    -2.21033993e+01, 1.11499996e+01, 0., -2.20509605e+01, 1.11999998e+01,
    0., -2.20068798e+01, 1.12500000e+01, 0., -2.19612198e+01,
    1.13000002e+01, 0., -2.19266205e+01, 1.13500004e+01, 0.,
    -2.19004192e+01, 1.13999996e+01, 0., -2.18766193e+01, 1.14499998e+01,
    0., -2.18514996e+01, 1.15000000e+01, 0., -2.18273792e+01,
    1.15500002e+01, 0., -2.18169403e+01, 1.16000004e+01, 0.,
    -2.17957001e+01, 1.16499996e+01, 0., -2.17744198e+01, 1.16999998e+01,
    0., -2.17412701e+01, 1.17500000e+01, 0., -2.17135105e+01,
    1.18000002e+01, 0., -2.16733303e+01, 1.18500004e+01, 0.,
    -2.16401291e+01, 1.18999996e+01, 0., -2.16023407e+01, 1.19499998e+01,
    0., -2.15663509e+01, 12., 0., -2.15404701e+01, 1.20500002e+01, 0.,
    -2.15082092e+01, 1.21000004e+01, 0., -2.14825306e+01, 1.21499996e+01,
    0., -2.14477196e+01, 1.21999998e+01, 0., -2.14167595e+01,
    1.22500000e+01, 0., -2.13782902e+01, 1.23000002e+01, 0.,
    -2.13478508e+01, 1.23500004e+01, 0., -2.13177891e+01, 1.23999996e+01,
    0., -2.12980309e+01, 1.24499998e+01, 0., -2.12559795e+01,
    1.25000000e+01, 0., -2.12189007e+01, 1.25500002e+01, 0.,
    -2.11860409e+01, 1.26000004e+01, 0., -2.11572304e+01, 1.26499996e+01,
    0., -2.11363106e+01, 1.26999998e+01, 0., -2.11033707e+01,
    1.27500000e+01, 0., -2.10554905e+01, 1.28000002e+01, 0.,
    -2.09991493e+01, 1.28500004e+01, 0., -2.09653893e+01, 1.28999996e+01,
    0., -2.09290295e+01, 1.29499998e+01, 0., -2.09186707e+01, 13., 0.,
    -2.08892498e+01, 1.30500002e+01, 0., -2.08569698e+01, 1.31000004e+01,
    0., -2.08214397e+01, 1.31499996e+01, 0., -2.07956791e+01,
    1.31999998e+01, 0., -2.07663994e+01, 1.32500000e+01, 0.,
    -2.07435608e+01, 1.33000002e+01, 0., -2.07014599e+01, 1.33500004e+01,
    0., -2.06601105e+01, 1.33999996e+01, 0., -2.06400700e+01,
    1.34499998e+01, 0., -2.06139202e+01, 1.35000000e+01, 0.,
    -2.05897999e+01, 1.35500002e+01, 0., -2.05554504e+01, 1.36000004e+01,
    0., -2.05230103e+01, 1.36499996e+01, 0., -2.04836197e+01,
    1.36999998e+01, 0., -2.04528198e+01, 1.37500000e+01, 0.,
    -2.04193306e+01, 1.38000002e+01, 0., -2.03952503e+01, 1.38500004e+01,
    0., -2.03718891e+01, 1.38999996e+01, 0., -2.03442001e+01,
    1.39499998e+01, 0., -2.03026409e+01, 14., 0., -2.02545204e+01,
    1.40500002e+01, 0., -2.02283993e+01, 1.41000004e+01, 0.,
    -2.01977196e+01, 1.41499996e+01, 0., -2.01796799e+01, 1.41999998e+01,
    0., -2.01436901e+01, 1.42500000e+01, 0., -2.00988102e+01,
    1.43000002e+01, 0., -2.00512104e+01, 1.43500004e+01, 0.,
    -2.00233707e+01, 1.43999996e+01, 0., -2.00003796e+01, 1.44499998e+01,
    0., -1.99883804e+01, 1.45000000e+01, 0., -1.99545002e+01,
    1.45500002e+01, 0., -1.99169006e+01, 1.46000004e+01, 0.,
    -1.98902206e+01, 1.46499996e+01, 0., -1.98578300e+01, 1.46999998e+01,
