%YAML:1.0
---
profile: [ 2.59999990e+00, 0., 1.82614005e+00, 2.65000010e+00, 0.,
    1.85585999e+00, 2.70000005e+00, 0., 1.88282001e+00, 2.75000000e+00,
    0., 1.89206004e+00, 2.79999995e+00, 0., 1.92003000e+00,
    2.84999990e+00, 0., 1.95106995e+00, 2.90000010e+00, 0.,
    1.99787998e+00, 2.95000005e+00, 0., 2.04255009e+00, 3., 0.,
    2.06506991e+00, 3.04999995e+00, 0., 2.09191990e+00, 3.09999990e+00,
    0., 2.11179996e+00, 3.15000010e+00, 0., 2.14872003e+00,
    3.20000005e+00, 0., 2.18460011e+00, 3.25000000e+00, 0.,
    2.21517992e+00, 3.29999995e+00, 0., 2.24282002e+00, 3.34999990e+00,
    0., 2.28629994e+00, 3.40000010e+00, 0., 2.33417010e+00,
    3.45000005e+00, 0., 2.35144997e+00, 3.50000000e+00, 0.,
    2.37603998e+00, 3.54999995e+00, 0., 2.39924002e+00, 3.59999990e+00,
    0., 2.43774009e+00, 3.65000010e+00, 0., 2.47357988e+00,
    3.70000005e+00, 0., 2.52173996e+00, 3.75000000e+00, 0.,
    2.56202006e+00, 3.79999995e+00, 0., 2.58473992e+00, 3.84999990e+00,
    0., 2.60651994e+00, 3.90000010e+00, 0., 2.64283991e+00,
    3.95000005e+00, 0., 2.68650007e+00, 4., 0., 2.71934009e+00,
    4.05000019e+00, 0., 2.75818992e+00, 4.09999990e+00, 0.,
    2.78659010e+00, 4.15000010e+00, 0., 2.82698011e+00, 4.19999981e+00,
    0., 2.86186004e+00, 4.25000000e+00, 0., 2.89769006e+00,
    4.30000019e+00, 0., 2.93163991e+00, 4.34999990e+00, 0.,
    2.95903993e+00, 4.40000010e+00, 0., 2.99243999e+00, 4.44999981e+00,
    0., 3.01620007e+00, 4.50000000e+00, 0., 3.04728007e+00,
    4.55000019e+00, 0., 3.07367992e+00, 4.59999990e+00, 0.,
    3.11239004e+00, 4.65000010e+00, 0., 3.14638996e+00, 4.69999981e+00,
    0., 3.17739010e+00, 4.75000000e+00, 0., 3.20530009e+00,
    4.80000019e+00, 0., 3.22706008e+00, 4.84999990e+00, 0.,
    3.26398993e+00, 4.90000010e+00, 0., 3.30510998e+00, 4.94999981e+00,
    0., 3.34493995e+00, 5., 0., 3.37057996e+00, 5.05000019e+00, 0.,
    3.39674997e+00, 5.09999990e+00, 0., 3.42235994e+00, 5.15000010e+00,
    0., 3.44591999e+00, 5.19999981e+00, 0., 3.47856998e+00,
    5.25000000e+00, 0., 3.50840998e+00, 5.30000019e+00, 0.,
    3.54293990e+00, 5.34999990e+00, 0., 3.56906009e+00, 5.40000010e+00,
    0., 3.60640001e+00, 5.44999981e+00, 0., 3.63716006e+00,
    5.50000000e+00, 0., 3.66892004e+00, 5.55000019e+00, 0.,
    3.69837999e+00, 5.59999990e+00, 0., 3.72009993e+00, 5.65000010e+00,
    0., 3.75105000e+00, 5.69999981e+00, 0., 3.77781010e+00,
    5.75000000e+00, 0., 3.81804991e+00, 5.80000019e+00, 0.,
    3.85384989e+00, 5.84999990e+00, 0., 3.88512993e+00, 5.90000010e+00,
    0., 3.91378999e+00, 5.94999981e+00, 0., 3.93927002e+00, 6., 0.,
    3.97861004e+00, 6.05000019e+00, 0., 4.01892996e+00, 6.09999990e+00,
    0., 4.05868006e+00, 6.15000010e+00, 0., 4.08476019e+00,
    6.19999981e+00, 0., 4.12249994e+00, 6.25000000e+00, 0.,
    4.15365982e+00, 6.30000019e+00, 0., 4.18378019e+00, 6.34999990e+00,
    0., 4.21261978e+00, 6.40000010e+00, 0., 4.23670006e+00,
    6.44999981e+00, 0., 4.27296019e+00, 6.50000000e+00, 0.,
    4.30520010e+00, 6.55000019e+00, 0., 4.33844995e+00, 6.59999990e+00,
    0., 4.36120987e+00, 6.65000010e+00, 0., 4.39689016e+00,
    6.69999981e+00, 0., 4.43513012e+00, 6.75000000e+00, 0.,
    4.46813011e+00, 6.80000019e+00, 0., 4.50952005e+00, 6.84999990e+00,
    0., 4.54267979e+00, 6.90000010e+00, 0., 4.57399988e+00,
    6.94999981e+00, 0., 4.59356022e+00, 7., 0., 4.62558985e+00,
    7.05000019e+00, 0., 4.66233015e+00, 7.09999990e+00, 0.,
    4.70065022e+00, 7.15000010e+00, 0., 4.73295021e+00, 7.19999981e+00,
    0., 4.74006987e+00, 7.25000000e+00, 0., 4.77723980e+00,
    7.30000019e+00, 0., 4.82195997e+00, 7.34999990e+00, 0.,
    4.86279011e+00, 7.40000010e+00, 0., 4.88735008e+00, 7.44999981e+00,
    0., 4.93621016e+00, 7.50000000e+00, 0., 4.98437023e+00,
    7.55000019e+00, 0., 5.00616980e+00, 7.59999990e+00, 0.,
    5.03069019e+00, 7.65000010e+00, 0., 5.04688978e+00, 7.69999981e+00,
    0., 5.07686996e+00, 7.75000000e+00, 0., 5.10602999e+00,
    7.80000019e+00, 0., 5.13652992e+00, 7.84999990e+00, 0.,
    5.16753006e+00, 7.90000010e+00, 0., 5.19860983e+00, 7.94999981e+00,
    0., 5.23367023e+00, 8., 0., 5.25703001e+00, 8.05000019e+00, 0.,
    5.30015993e+00, 8.10000038e+00, 0., 5.34208012e+00, 8.14999962e+00,
    0., 5.37918997e+00, 8.19999981e+00, 0., 5.41496992e+00,
    8.25000000e+00, 0., 5.45169020e+00, 8.30000019e+00, 0.,
    5.49702978e+00, 8.35000038e+00, 0., 5.53131008e+00, 8.39999962e+00,
    0., 5.56637001e+00, 8.44999981e+00, 0., 5.58492994e+00,
    8.50000000e+00, 0., 5.60005999e+00, 8.55000019e+00, 0.,
    5.61800003e+00, 8.60000038e+00, 0., 5.64775991e+00, 8.64999962e+00,
    0., 5.68173981e+00, 8.69999981e+00, 0., 5.70506001e+00,
    8.75000000e+00, 0., 5.73398018e+00, 8.80000019e+00, 0.,
    5.76426983e+00, 8.85000038e+00, 0., 5.79355001e+00, 8.89999962e+00,
    0., 5.82965994e+00, 8.94999981e+00, 0., 5.85697985e+00, 9., 0.,
    5.88612986e+00, 9.05000019e+00, 0., 5.90677023e+00, 9.10000038e+00,
    0., 5.95779991e+00, 9.14999962e+00, 0., 6.00360012e+00,
    9.19999981e+00, 0., 6.04019022e+00, 9.25000000e+00, 0.,
    6.07133007e+00, 9.30000019e+00, 0., 6.09517002e+00, 9.35000038e+00,
    0., 6.12661982e+00, 9.39999962e+00, 0., 6.15369987e+00,
    9.44999981e+00, 0., 6.18944979e+00, 9.50000000e+00, 0.,
    6.21904993e+00, 9.55000019e+00, 0., 6.24563980e+00, 9.60000038e+00,
    0., 6.27448988e+00, 9.64999962e+00, 0., 6.30345011e+00,
    9.69999981e+00, 0., 6.33823013e+00, 9.75000000e+00, 0.,
    6.36523008e+00, 9.80000019e+00, 0., 6.39831018e+00, 9.85000038e+00,
    0., 6.43510008e+00, 9.89999962e+00, 0., 6.47673988e+00,
    9.94999981e+00, 0., 6.52372980e+00, 10., 0., 6.54492998e+00,
    1.00500002e+01, 0., 6.58231020e+00, 1.01000004e+01, 0.,
    6.62526989e+00, 1.01499996e+01, 0., 6.67078018e+00, 1.01999998e+01,
    0., 6.70281982e+00, 1.02500000e+01, 0., 6.72818995e+00,
    1.03000002e+01, 0., 6.75323009e+00, 1.03500004e+01, 0.,
    6.78394985e+00, 1.03999996e+01, 0., 6.81632996e+00, 1.04499998e+01,
    0., 6.83492994e+00, 1.05000000e+01, 0., 6.86238003e+00,
    1.05500002e+01, 0., 6.89313984e+00, 1.06000004e+01, 0.,
    6.91938019e+00, 1.06499996e+01, 0., 6.95508003e+00, 1.06999998e+01,
    0., 6.98699999e+00, 1.07500000e+01, 0., 7.02363014e+00,
    1.08000002e+01, 0., 7.05114985e+00, 1.08500004e+01, 0.,
    7.09490013e+00, 1.08999996e+01, 0., 7.13174009e+00, 1.09499998e+01,
    0., 7.16971016e+00, 11., 0., 7.21025991e+00, 1.10500002e+01, 0.,
    7.25721979e+00, 1.11000004e+01, 0., 7.31618977e+00, 1.11499996e+01,
    0., 7.36402988e+00, 1.11999998e+01, 0., 7.42339993e+00,
    1.12500000e+01, 0., 7.47028017e+00, 1.13000002e+01, 0.,
    7.52429008e+00, 1.13500004e+01, 0., 7.56189013e+00, 1.13999996e+01,
    0., 7.57363987e+00, 1.14499998e+01, 0., 7.56985998e+00,
    1.15000000e+01, 0., 7.59217978e+00, 1.15500002e+01, 0.,
    7.59071016e+00, 1.16000004e+01, 0., 7.55135012e+00, 1.16499996e+01,
    0., 7.53954983e+00, 1.16999998e+01, 0., 7.52575016e+00,
    1.17500000e+01, 0., 7.44520998e+00, 1.18000002e+01, 0.,
    7.24596024e+00, 1.18500004e+01, 0., 7.09882021e+00, 1.18999996e+01,
    0., 7.00114012e+00, 1.19499998e+01, 0., 6.90587997e+00, 12., 0.,
    6.86025000e+00, 1.20500002e+01, 0., 6.80590010e+00, 1.21000004e+01,
    0., 6.73219013e+00, 1.21499996e+01, 0., 6.67187023e+00,
    1.21999998e+01, 0., 6.59010983e+00, 1.22500000e+01, 0.,
    6.53207016e+00, 1.23000002e+01, 0., 6.45639992e+00, 1.23500004e+01,
    0., 6.36311007e+00, 1.23999996e+01, 0., 6.27794981e+00,
    1.24499998e+01, 0., 6.19419003e+00, 1.25000000e+01, 0.,
    6.11726999e+00, 1.25500002e+01, 0., 6.05880022e+00, 1.26000004e+01,
    0., 6.01293993e+00, 1.26499996e+01, 0., 5.94171000e+00,
    1.26999998e+01, 0., 5.89530993e+00, 1.27500000e+01, 0.,
    5.81168985e+00, 1.28000002e+01, 0., 5.74210978e+00, 1.28500004e+01,
    0., 5.67315006e+00, 1.28999996e+01, 0., 5.60211992e+00,
    1.29499998e+01, 0., 5.52629995e+00, 13., 0., 5.44967985e+00,
    1.30500002e+01, 0., 5.41523981e+00, 1.31000004e+01, 0.,
