%YAML:1.0
---
profile: [ 3.39500008e+01, 0., -2.32492409e+01, 34., 0.,
    -2.32509804e+01, 3.40499992e+01, 0., -2.32578602e+01, 3.40999985e+01,
    0., -2.32630196e+01, 3.41500015e+01, 0., -2.32630196e+01,
    3.42000008e+01, 0., -2.32629604e+01, 3.42500000e+01, 0.,
    -2.32642307e+01, 3.42999992e+01, 0., -2.32694702e+01, 3.43499985e+01,
    0., -2.32709198e+01, 3.44000015e+01, 0., -2.32693596e+01,
    3.44500008e+01, 0., -2.32688904e+01, 3.45000000e+01, 0.,
    -2.32680798e+01, 3.45499992e+01, 0., -2.32665195e+01, 3.45999985e+01,
    0., -2.32670403e+01, 3.46500015e+01, 0., -2.32674103e+01,
    3.47000008e+01, 0., -2.32620106e+01, 3.47500000e+01, 0.,
    -2.32591209e+01, 3.47999992e+01, 0., -2.32614002e+01, 3.48499985e+01,
    0., -2.32625408e+01, 3.49000015e+01, 0., -2.32546406e+01,
    3.49500008e+01, 0., -2.32231197e+01, 35., 0., -2.32104206e+01,
    3.50499992e+01, 0., -2.32324200e+01, 3.50999985e+01, 0.,
    -2.32494392e+01, 3.51500015e+01, 0., -2.32591591e+01, 3.52000008e+01,
    0., -2.32521191e+01, 3.52500000e+01, 0., -2.32526302e+01,
    3.52999992e+01, 0., -2.32580299e+01, 3.53499985e+01, 0.,
    -2.32247791e+01, 3.54000015e+01, 0., -2.31901798e+01, 3.54500008e+01,
    0., -2.31901798e+01, 3.55000000e+01, 0., -2.31902199e+01,
    3.55499992e+01, 0., -2.31902199e+01, 3.55999985e+01, 0.,
    -2.31902409e+01, 3.56500015e+01, 0., -2.31964493e+01, 3.57000008e+01,
    0., -2.32210903e+01, 3.57500000e+01, 0., -2.32386894e+01,
    3.57999992e+01, 0., -2.32454605e+01, 3.58499985e+01, 0.,
    -2.32446995e+01, 3.59000015e+01, 0., -2.32471905e+01, 3.59500008e+01,
    0., -2.32533493e+01, 36., 0., -2.32202892e+01, 3.60499992e+01, 0.,
    -2.31856403e+01, 3.60999985e+01, 0., -2.31856403e+01, 3.61500015e+01,
    0., -2.32049904e+01, 3.62000008e+01, 0., -2.32436695e+01,
    3.62500000e+01, 0., -2.32418594e+01, 3.62999992e+01, 0.,
    -2.32321091e+01, 3.63499985e+01, 0., -2.32391491e+01, 3.64000015e+01,
    0., -2.32369099e+01, 3.64500008e+01, 0., -2.32292309e+01,
    3.65000000e+01, 0., -2.32413502e+01, 3.65499992e+01, 0.,
    -2.32519207e+01, 3.65999985e+01, 0., -2.32519207e+01, 3.66500015e+01,
    0., -2.32212009e+01, 3.67000008e+01, 0., -2.31904793e+01,
    3.67500000e+01, 0., -2.32144604e+01, 3.67999992e+01, 0.,
    -2.32387409e+01, 3.68499985e+01, 0., -2.32396202e+01, 3.69000015e+01,
    0., -2.32329197e+01, 3.69500008e+01, 0., -2.32257900e+01, 37., 0.,
    -2.32249508e+01, 3.70499992e+01, 0., -2.32199001e+01, 3.70999985e+01,
    0., -2.32137794e+01, 3.71500015e+01, 0., -2.32254505e+01,
    3.72000008e+01, 0., -2.32322903e+01, 3.72500000e+01, 0.,
    -2.32261696e+01, 3.72999992e+01, 0., -2.32231598e+01, 3.73499985e+01,
    0., -2.32231598e+01, 3.74000015e+01, 0., -2.32223206e+01,
    3.74500008e+01, 0., -2.32220993e+01, 3.75000000e+01, 0.,
    -2.32229004e+01, 3.75499992e+01, 0., -2.32286091e+01, 3.75999985e+01,
    0., -2.32351208e+01, 3.76500015e+01, 0., -2.32328396e+01,
    3.77000008e+01, 0., -2.32306995e+01, 3.77500000e+01, 0.,
    -2.32298603e+01, 3.77999992e+01, 0., -2.32297096e+01, 3.78499985e+01,
    0., -2.32308292e+01, 3.79000015e+01, 0., -2.32352695e+01,
    3.79500008e+01, 0., -2.32375298e+01, 38., 0., -2.32375698e+01,
    3.80499992e+01, 0., -2.32367802e+01, 3.80999985e+01, 0.,
    -2.32385101e+01, 3.81500015e+01, 0., -2.32431107e+01, 3.82000008e+01,
    0., -2.32416000e+01, 3.82500000e+01, 0., -2.32367802e+01,
    3.82999992e+01, 0., -2.32376194e+01, 3.83499985e+01, 0.,
    -2.32356091e+01, 3.84000015e+01, 0., -2.32303295e+01, 3.84500008e+01,
    0., -2.32389202e+01, 3.85000000e+01, 0., -2.32532902e+01,
    3.85499992e+01, 0., -2.32507706e+01, 3.85999985e+01, 0.,
    -2.32495995e+01, 3.86500015e+01, 0., -2.32496796e+01, 3.87000008e+01,
    0., -2.32490196e+01, 3.87500000e+01, 0., -2.32459202e+01,
    3.87999992e+01, 0., -2.32363205e+01, 3.88499985e+01, 0.,
    -2.32269306e+01, 3.89000015e+01, 0., -2.32208099e+01, 3.89500008e+01,
    0., -2.32228603e+01, 39., 0., -2.32255592e+01, 3.90499992e+01, 0.,
    -2.32255993e+01, 3.90999985e+01, 0., -2.32289791e+01, 3.91500015e+01,
    0., -2.32322807e+01, 3.92000008e+01, 0., -2.32277203e+01,
    3.92500000e+01, 0., -2.32243500e+01, 3.92999992e+01, 0.,
    -2.32243900e+01, 3.93499985e+01, 0., -2.32290993e+01, 3.94000015e+01,
    0., -2.32351704e+01, 3.94500008e+01, 0., -2.32344894e+01,
    3.95000000e+01, 0., -2.32326508e+01, 3.95499992e+01, 0.,
    -2.32300892e+01, 3.95999985e+01, 0., -2.32326298e+01, 3.96500015e+01,
    0., -2.32357807e+01, 3.97000008e+01, 0., -2.32358608e+01,
    3.97500000e+01, 0., -2.32348194e+01, 3.97999992e+01, 0.,
    -2.32333794e+01, 3.98499985e+01, 0., -2.32331009e+01, 3.99000015e+01,
    0., -2.32316799e+01, 3.99500008e+01, 0., -2.32287197e+01, 40., 0.,
    -2.32266598e+01, 4.00499992e+01, 0., -2.32259197e+01, 4.00999985e+01,
    0., -2.32260399e+01, 4.01500015e+01, 0., -2.32275295e+01,
    4.02000008e+01, 0., -2.32303295e+01, 4.02500000e+01, 0.,
    -2.32304306e+01, 4.02999992e+01, 0., -2.32307396e+01, 4.03499985e+01,
    0., -2.32344608e+01, 4.04000015e+01, 0., -2.32335892e+01,
    4.04500008e+01, 0., -2.32299500e+01, 4.05000000e+01, 0.,
    -2.32299805e+01, 4.05499992e+01, 0., -2.32296791e+01, 4.05999985e+01,
    0., -2.32246399e+01, 4.06500015e+01, 0., -2.32233906e+01,
    4.07000008e+01, 0., -2.32251091e+01, 4.07500000e+01, 0.,
    -2.32248592e+01, 4.07999992e+01, 0., -2.32248306e+01, 4.08499985e+01,
    0., -2.32257500e+01, 4.09000015e+01, 0., -2.32283401e+01,
    4.09500008e+01, 0., -2.32308006e+01, 41., 0., -2.32294407e+01,
    4.10499992e+01, 0., -2.32297897e+01, 4.10999985e+01, 0.,
    -2.32325897e+01, 4.11500015e+01, 0., -2.32311707e+01, 4.12000008e+01,
    0., -2.32290401e+01, 4.12500000e+01, 0., -2.32292004e+01,
    4.12999992e+01, 0., -2.32305603e+01, 4.13499985e+01, 0.,
    -2.32322407e+01, 4.14000015e+01, 0., -2.32320595e+01, 4.14500008e+01,
    0., -2.32466106e+01, 4.15000000e+01, 0., -2.33073292e+01,
    4.15499992e+01, 0., -2.32972298e+01, 4.15999985e+01, 0.,
    -2.32715797e+01, 4.16500015e+01, 0., -2.32702198e+01, 4.17000008e+01,
    0., -2.32710094e+01, 4.17500000e+01, 0., -2.32746906e+01,
    4.17999992e+01, 0., -2.32734509e+01, 4.18499985e+01, 0.,
    -2.32708607e+01, 4.19000015e+01, 0., -2.32692604e+01, 4.19500008e+01,
    0., -2.32713909e+01, 42., 0., -2.32753506e+01, 4.20499992e+01, 0.,
    -2.32949600e+01, 4.20999985e+01, 0., -2.32985497e+01, 4.21500015e+01,
    0., -2.32778301e+01, 4.22000008e+01, 0., -2.32680893e+01,
    4.22500000e+01, 0., -2.32689304e+01, 4.22999992e+01, 0.,
    -2.32630997e+01, 4.23499985e+01, 0., -2.32454700e+01, 4.24000015e+01,
    0., -2.32193909e+01, 4.24500008e+01, 0., -2.32052193e+01,
    4.25000000e+01, 0., -2.32037792e+01, 4.25499992e+01, 0.,
    -2.31564999e+01, 4.25999985e+01, 0., -2.31350899e+01, 4.26500015e+01,
    0., -2.32368908e+01, 4.27000008e+01, 0., -2.31730595e+01,
    4.27500000e+01, 0., -2.30837803e+01, 4.27999992e+01, 0.,
    -2.30276794e+01, 4.28499985e+01, 0., -2.30123997e+01, 4.29000015e+01,
    0., -2.30324192e+01, 4.29500008e+01, 0., -2.30280399e+01, 43., 0.,
    -2.29835205e+01, 4.30499992e+01, 0., -2.28953209e+01, 4.30999985e+01,
    0., -2.28074799e+01, 4.31500015e+01, 0., -2.27482109e+01,
    4.32000008e+01, 0., -2.27614498e+01, 4.32500000e+01, 0.,
    -2.27494793e+01, 4.32999992e+01, 0., -2.27200203e+01, 4.33499985e+01,
    0., -2.26633396e+01, 4.34000015e+01, 0., -2.26339703e+01,
    4.34500008e+01, 0., -2.26602898e+01, 4.35000000e+01, 0.,
    -2.26233501e+01, 4.35499992e+01, 0., -2.25798302e+01, 4.35999985e+01,
    0., -2.25046101e+01, 4.36500015e+01, 0., -2.24403706e+01,
    4.37000008e+01, 0., -2.24404507e+01, 4.37500000e+01, 0.,
    -2.24179497e+01, 4.37999992e+01, 0., -2.23728294e+01, 4.38499985e+01,
    0., -2.23589191e+01, 4.39000015e+01, 0., -2.23705196e+01,
    4.39500008e+01, 0., -2.23244591e+01, 44., 0., -2.22755604e+01,
    4.40499992e+01, 0., -2.22756405e+01, 4.40999985e+01, 0.,
    -2.22758007e+01, 4.41500015e+01, 0., -2.22758808e+01, 4.42000008e+01,
