%YAML:1.0
---
profile: [ 1.62999992e+01, 0., -2.32512207e+01, 1.63500004e+01, 0.,
    -2.32269592e+01, 1.63999996e+01, 0., -2.32309608e+01, 1.64500008e+01,
    0., -2.32332001e+01, 1.65000000e+01, 0., -2.32316799e+01,
    1.65499992e+01, 0., -2.32237606e+01, 1.66000004e+01, 0.,
    -2.32174492e+01, 1.66499996e+01, 0., -2.32222500e+01, 1.67000008e+01,
    0., -2.32264500e+01, 1.67500000e+01, 0., -2.32275295e+01,
    1.67999992e+01, 0., -2.32218399e+01, 1.68500004e+01, 0.,
    -2.32086296e+01, 1.68999996e+01, 0., -2.31796703e+01, 1.69500008e+01,
    0., -2.31580791e+01, 17., 0., -2.31582794e+01, 1.70499992e+01, 0.,
    -2.31770992e+01, 1.71000004e+01, 0., -2.32037907e+01, 1.71499996e+01,
    0., -2.32109909e+01, 1.72000008e+01, 0., -2.32137203e+01,
    1.72500000e+01, 0., -2.32125607e+01, 1.72999992e+01, 0.,
    -2.32116699e+01, 1.73500004e+01, 0., -2.32113400e+01, 1.73999996e+01,
    0., -2.32115803e+01, 1.74500008e+01, 0., -2.32157993e+01,
    1.75000000e+01, 0., -2.32199497e+01, 1.75499992e+01, 0.,
    -2.32149506e+01, 1.76000004e+01, 0., -2.32073097e+01, 1.76499996e+01,
    0., -2.31996708e+01, 1.77000008e+01, 0., -2.32026005e+01,
    1.77500000e+01, 0., -2.32101192e+01, 1.77999992e+01, 0.,
    -2.32208004e+01, 1.78500004e+01, 0., -2.32223606e+01, 1.78999996e+01,
    0., -2.32173195e+01, 1.79500008e+01, 0., -2.32258396e+01, 18., 0.,
    -2.32344608e+01, 1.80499992e+01, 0., -2.32369404e+01, 1.81000004e+01,
    0., -2.32337399e+01, 1.81499996e+01, 0., -2.32280293e+01,
    1.82000008e+01, 0., -2.32289906e+01, 1.82500000e+01, 0.,
    -2.32311897e+01, 1.82999992e+01, 0., -2.32340298e+01, 1.83500004e+01,
    0., -2.32311001e+01, 1.83999996e+01, 0., -2.32258091e+01,
    1.84500008e+01, 0., -2.32192497e+01, 1.85000000e+01, 0.,
    -2.32170105e+01, 1.85499992e+01, 0., -2.32223301e+01, 1.86000004e+01,
    0., -2.32238693e+01, 1.86499996e+01, 0., -2.32226009e+01,
    1.87000008e+01, 0., -2.32168808e+01, 1.87500000e+01, 0.,
    -2.32135105e+01, 1.87999992e+01, 0., -2.32129097e+01, 1.88500004e+01,
    0., -2.32164803e+01, 1.88999996e+01, 0., -2.32203999e+01,
    1.89500008e+01, 0., -2.32226391e+01, 19., 0., -2.32207603e+01,
    1.90499992e+01, 0., -2.32167892e+01, 1.91000004e+01, 0.,
    -2.32169094e+01, 1.91499996e+01, 0., -2.32171097e+01, 1.92000008e+01,
    0., -2.32172298e+01, 1.92500000e+01, 0., -2.32096996e+01,
    1.92999992e+01, 0., -2.32021904e+01, 1.93500004e+01, 0.,
    -2.32023106e+01, 1.93999996e+01, 0., -2.32002792e+01, 1.94500008e+01,
    0., -2.31960392e+01, 1.95000000e+01, 0., -2.31920509e+01,
    1.95499992e+01, 0., -2.31900196e+01, 1.96000004e+01, 0.,
    -2.31937008e+01, 1.96499996e+01, 0., -2.31875591e+01, 1.97000008e+01,
    0., -2.31769199e+01, 1.97500000e+01, 0., -2.31744194e+01,
    1.97999992e+01, 0., -2.31748199e+01, 1.98500004e+01, 0.,
    -2.31758595e+01, 1.98999996e+01, 0., -2.31834698e+01, 1.99500008e+01,
    0., -2.31928291e+01, 20., 0., -2.31988907e+01, 2.00499992e+01, 0.,
    -2.31959705e+01, 2.01000004e+01, 0., -2.31846104e+01, 2.01499996e+01,
    0., -2.31909504e+01, 2.02000008e+01, 0., -2.32037697e+01,
    2.02500000e+01, 0., -2.31908894e+01, 2.02999992e+01, 0.,
    -2.31884098e+01, 2.03500004e+01, 0., -2.32027302e+01, 2.03999996e+01,
    0., -2.32057896e+01, 2.04500008e+01, 0., -2.32053394e+01,
    2.05000000e+01, 0., -2.32055798e+01, 2.05499992e+01, 0.,
    -2.32058697e+01, 2.06000004e+01, 0., -2.32060699e+01, 2.06499996e+01,
    0., -2.32090092e+01, 2.07000008e+01, 0., -2.32127895e+01,
    2.07500000e+01, 0., -2.32160301e+01, 2.07999992e+01, 0.,
    -2.32184601e+01, 2.08500004e+01, 0., -2.32201309e+01, 2.08999996e+01,
    0., -2.32225704e+01, 2.09500008e+01, 0., -2.32218399e+01, 21., 0.,
    -2.32167206e+01, 2.10499992e+01, 0., -2.32147598e+01, 2.11000004e+01,
    0., -2.32139301e+01, 2.11499996e+01, 0., -2.32132092e+01,
    2.12000008e+01, 0., -2.32147102e+01, 2.12500000e+01, 0.,
    -2.32171497e+01, 2.12999992e+01, 0., -2.32179794e+01, 2.13500004e+01,
    0., -2.32197609e+01, 2.13999996e+01, 0., -2.32229996e+01,
    2.14500008e+01, 0., -2.32278996e+01, 2.15000000e+01, 0.,
    -2.32420406e+01, 2.15499992e+01, 0., -2.32810001e+01, 2.16000004e+01,
    0., -2.32815495e+01, 2.16499996e+01, 0., -2.32563095e+01,
    2.17000008e+01, 0., -2.32432003e+01, 2.17500000e+01, 0.,
    -2.32399902e+01, 2.17999992e+01, 0., -2.32542305e+01, 2.18500004e+01,
    0., -2.32568207e+01, 2.18999996e+01, 0., -2.32507801e+01,
    2.19500008e+01, 0., -2.32511902e+01, 22., 0., -2.32527103e+01,
    2.20499992e+01, 0., -2.32527905e+01, 2.21000004e+01, 0.,
    -2.32155399e+01, 2.21499996e+01, 0., -2.31658192e+01, 2.22000008e+01,
    0., -2.31096497e+01, 2.22500000e+01, 0., -2.30680103e+01,
    2.22999992e+01, 0., -2.30404301e+01, 2.23500004e+01, 0.,
    -2.30314293e+01, 2.23999996e+01, 0., -2.29961796e+01, 2.24500008e+01,
    0., -2.29689999e+01, 2.25000000e+01, 0., -2.29920006e+01,
    2.25499992e+01, 0., -2.29776402e+01, 2.26000004e+01, 0.,
    -2.29431591e+01, 2.26499996e+01, 0., -2.28909302e+01, 2.27000008e+01,
    0., -2.28473301e+01, 2.27500000e+01, 0., -2.27948608e+01,
    2.27999992e+01, 0., -2.27532997e+01, 2.28500004e+01, 0.,
    -2.27430401e+01, 2.28999996e+01, 0., -2.27432003e+01, 2.29500008e+01,
    0., -2.27432804e+01, 23., 0., -2.27106209e+01, 2.30499992e+01, 0.,
    -2.26670208e+01, 2.31000004e+01, 0., -2.26452599e+01, 2.31499996e+01,
    0., -2.26453400e+01, 2.32000008e+01, 0., -2.25963192e+01,
    2.32500000e+01, 0., -2.25363407e+01, 2.32999992e+01, 0.,
    -2.24927406e+01, 2.33500004e+01, 0., -2.24382496e+01, 2.33999996e+01,
    0., -2.23947296e+01, 2.34500008e+01, 0., -2.23403301e+01,
    2.35000000e+01, 0., -2.22968502e+01, 2.35499992e+01, 0.,
    -2.22534294e+01, 2.36000004e+01, 0., -2.22535496e+01, 2.36499996e+01,
    0., -2.22292004e+01, 2.37000008e+01, 0., -2.21803207e+01,
    2.37500000e+01, 0., -2.21560192e+01, 2.37999992e+01, 0.,
    -2.21561794e+01, 2.38500004e+01, 0., -2.21564293e+01, 2.38999996e+01,
    0., -2.21210194e+01, 2.39500008e+01, 0., -2.20499001e+01, 24., 0.,
    -2.19787807e+01, 2.40499992e+01, 0., -2.19612103e+01, 2.41000004e+01,
    0., -2.19223003e+01, 2.41499996e+01, 0., -2.18441792e+01,
    2.42000008e+01, 0., -2.17660503e+01, 2.42500000e+01, 0.,
    -2.17662106e+01, 2.42999992e+01, 0., -2.17664604e+01, 2.43500004e+01,
    0., -2.17666206e+01, 2.43999996e+01, 0., -2.17668209e+01,
    2.44500008e+01, 0., -2.17561092e+01, 2.45000000e+01, 0.,
    -2.17127895e+01, 2.45499992e+01, 0., -2.16695194e+01, 2.46000004e+01,
    0., -2.16695995e+01, 2.46499996e+01, 0., -2.16371498e+01,
    2.47000008e+01, 0., -2.15938301e+01, 2.47500000e+01, 0.,
    -2.15721798e+01, 2.47999992e+01, 0., -2.15613899e+01, 2.48500004e+01,
    0., -2.15180702e+01, 2.48999996e+01, 0., -2.14638500e+01,
    2.49500008e+01, 0., -2.14205704e+01, 25., 0., -2.13664703e+01,
    2.50499992e+01, 0., -2.13232307e+01, 2.51000004e+01, 0.,
    -2.12800407e+01, 2.51499996e+01, 0., -2.12800407e+01, 2.52000008e+01,
    0., -2.12800999e+01, 2.52500000e+01, 0., -2.12800999e+01,
    2.52999992e+01, 0., -2.12314205e+01, 2.53500004e+01, 0.,
    -2.11827202e+01, 2.53999996e+01, 0., -2.11827202e+01, 2.54500008e+01,
    0., -2.11438198e+01, 2.55000000e+01, 0., -2.10660191e+01,
    2.55499992e+01, 0., -2.09882908e+01, 2.56000004e+01, 0.,
    -2.09882908e+01, 2.56499996e+01, 0., -2.09640503e+01, 2.57000008e+01,
    0., -2.09155693e+01, 2.57500000e+01, 0., -2.08588905e+01,
    2.57999992e+01, 0., -2.08157291e+01, 2.58500004e+01, 0.,
    -2.07617607e+01, 2.58999996e+01, 0., -2.07186394e+01, 2.59500008e+01,
    0., -2.06970501e+01, 26., 0., -2.06970997e+01, 2.60499992e+01, 0.,
    -2.06971397e+01, 2.61000004e+01, 0., -2.06756496e+01, 2.61499996e+01,
    0., -2.06326103e+01, 2.62000008e+01, 0., -2.05760803e+01,
    2.62500000e+01, 0., -2.05276394e+01, 2.62999992e+01, 0.,
    -2.05034809e+01, 2.63500004e+01, 0., -2.05034809e+01, 2.63999996e+01,
    0., -2.04603996e+01, 2.64500008e+01, 0., -2.04173203e+01,
    2.65000000e+01, 0., -2.04064999e+01, 2.65499992e+01, 0.,
