%YAML:1.0
---
profile: [ 6.15000010e+00, 0., -2.31857891e+01, 6.19999981e+00, 0.,
    -2.31859493e+01, 6.25000000e+00, 0., -2.31884708e+01, 6.30000019e+00,
    0., -2.31917095e+01, 6.34999990e+00, 0., -2.31918392e+01,
    6.40000010e+00, 0., -2.31838093e+01, 6.44999981e+00, 0.,
    -2.31688099e+01, 6.50000000e+00, 0., -2.31626091e+01, 6.55000019e+00,
    0., -2.31642895e+01, 6.59999990e+00, 0., -2.31675301e+01,
    6.65000010e+00, 0., -2.31726894e+01, 6.69999981e+00, 0.,
    -2.31787300e+01, 6.75000000e+00, 0., -2.31844997e+01, 6.80000019e+00,
    0., -2.31879501e+01, 6.84999990e+00, 0., -2.31871891e+01,
    6.90000010e+00, 0., -2.31863194e+01, 6.94999981e+00, 0.,
    -2.31856804e+01, 7., 0., -2.31908703e+01, 7.05000019e+00, 0.,
    -2.31922493e+01, 7.09999990e+00, 0., -2.31869698e+01, 7.15000010e+00,
    0., -2.31838093e+01, 7.19999981e+00, 0., -2.31831703e+01,
    7.25000000e+00, 0., -2.31857109e+01, 7.30000019e+00, 0.,
    -2.31848793e+01, 7.34999990e+00, 0., -2.31790791e+01, 7.40000010e+00,
    0., -2.31669903e+01, 7.44999981e+00, 0., -2.31547909e+01,
    7.50000000e+00, 0., -2.31641502e+01, 7.55000019e+00, 0.,
    -2.31739693e+01, 7.59999990e+00, 0., -2.31748104e+01, 7.65000010e+00,
    0., -2.31700401e+01, 7.69999981e+00, 0., -2.31643200e+01,
    7.75000000e+00, 0., -2.31690407e+01, 7.80000019e+00, 0.,
    -2.31726799e+01, 7.84999990e+00, 0., -2.31728001e+01, 7.90000010e+00,
    0., -2.31773701e+01, 7.94999981e+00, 0., -2.31815605e+01, 8., 0.,
    -2.31802406e+01, 8.05000019e+00, 0., -2.31797199e+01, 8.10000038e+00,
    0., -2.31798801e+01, 8.14999962e+00, 0., -2.31757603e+01,
    8.19999981e+00, 0., -2.31695995e+01, 8.25000000e+00, 0.,
    -2.31636391e+01, 8.30000019e+00, 0., -2.31602097e+01, 8.35000038e+00,
    0., -2.31596508e+01, 8.39999962e+00, 0., -2.31623592e+01,
    8.44999981e+00, 0., -2.31646194e+01, 8.50000000e+00, 0.,
    -2.31648197e+01, 8.55000019e+00, 0., -2.31651402e+01, 8.60000038e+00,
    0., -2.31662102e+01, 8.64999962e+00, 0., -2.31695309e+01,
    8.69999981e+00, 0., -2.31681995e+01, 8.75000000e+00, 0.,
    -2.31605606e+01, 8.80000019e+00, 0., -2.31611900e+01, 8.85000038e+00,
    0., -2.31631203e+01, 8.89999962e+00, 0., -2.31607609e+01,
    8.94999981e+00, 0., -2.31631699e+01, 9., 0., -2.31679707e+01,
    9.05000019e+00, 0., -2.31658897e+01, 9.10000038e+00, 0.,
    -2.31673908e+01, 9.14999962e+00, 0., -2.31752701e+01, 9.19999981e+00,
    0., -2.31754303e+01, 9.25000000e+00, 0., -2.31716099e+01,
    9.30000019e+00, 0., -2.31764507e+01, 9.35000038e+00, 0.,
    -2.31775799e+01, 9.39999962e+00, 0., -2.31725807e+01, 9.44999981e+00,
    0., -2.31684494e+01, 9.50000000e+00, 0., -2.31656609e+01,
    9.55000019e+00, 0., -2.31658192e+01, 9.60000038e+00, 0.,
    -2.31598606e+01, 9.64999962e+00, 0., -2.31476994e+01, 9.69999981e+00,
    0., -2.31496792e+01, 9.75000000e+00, 0., -2.31595192e+01,
    9.80000019e+00, 0., -2.31561604e+01, 9.85000038e+00, 0.,
    -2.31510792e+01, 9.89999962e+00, 0., -2.31466007e+01, 9.94999981e+00,
    0., -2.31596508e+01, 10., 0., -2.31669006e+01, 1.00500002e+01, 0.,
    -2.31601009e+01, 1.01000004e+01, 0., -2.31620598e+01, 1.01499996e+01,
    0., -2.31694698e+01, 1.01999998e+01, 0., -2.31703491e+01,
    1.02500000e+01, 0., -2.31706505e+01, 1.03000002e+01, 0.,
    -2.31699295e+01, 1.03500004e+01, 0., -2.31698494e+01, 1.03999996e+01,
    0., -2.31696205e+01, 1.04499998e+01, 0., -2.31682205e+01,
    1.05000000e+01, 0., -2.31715908e+01, 1.05500002e+01, 0.,
    -2.31805096e+01, 1.06000004e+01, 0., -2.31784592e+01, 1.06499996e+01,
    0., -2.31760693e+01, 1.06999998e+01, 0., -2.31776695e+01,
    1.07500000e+01, 0., -2.31811905e+01, 1.08000002e+01, 0.,
    -2.31843796e+01, 1.08500004e+01, 0., -2.31828995e+01, 1.08999996e+01,
    0., -2.31813698e+01, 1.09499998e+01, 0., -2.31806107e+01, 11., 0.,
    -2.31762695e+01, 1.10500002e+01, 0., -2.31684608e+01, 1.11000004e+01,
    0., -2.31584606e+01, 1.11499996e+01, 0., -2.31439610e+01,
    1.11999998e+01, 0., -2.31300793e+01, 1.12500000e+01, 0.,
    -2.31103897e+01, 1.13000002e+01, 0., -2.30934296e+01, 1.13500004e+01,
    0., -2.30528698e+01, 1.13999996e+01, 0., -2.30165901e+01,
    1.14499998e+01, 0., -2.29983692e+01, 1.15000000e+01, 0.,
    -2.29811306e+01, 1.15500002e+01, 0., -2.29487705e+01, 1.16000004e+01,
    0., -2.29167805e+01, 1.16499996e+01, 0., -2.29013805e+01,
    1.16999998e+01, 0., -2.28793201e+01, 1.17500000e+01, 0.,
    -2.28602009e+01, 1.18000002e+01, 0., -2.28300304e+01, 1.18500004e+01,
    0., -2.28026295e+01, 1.18999996e+01, 0., -2.27788906e+01,
    1.19499998e+01, 0., -2.27557106e+01, 12., 0., -2.27305107e+01,
    1.20500002e+01, 0., -2.26979809e+01, 1.21000004e+01, 0.,
    -2.26688595e+01, 1.21499996e+01, 0., -2.26266594e+01, 1.21999998e+01,
    0., -2.25859795e+01, 1.22500000e+01, 0., -2.25428696e+01,
    1.23000002e+01, 0., -2.25177097e+01, 1.23500004e+01, 0.,
    -2.24888401e+01, 1.23999996e+01, 0., -2.24689598e+01, 1.24499998e+01,
    0., -2.24316502e+01, 1.25000000e+01, 0., -2.23951702e+01,
    1.25500002e+01, 0., -2.23547497e+01, 1.26000004e+01, 0.,
    -2.23235092e+01, 1.26499996e+01, 0., -2.22789402e+01, 1.26999998e+01,
    0., -2.22422600e+01, 1.27500000e+01, 0., -2.21850109e+01,
    1.28000002e+01, 0., -2.21369705e+01, 1.28500004e+01, 0.,
    -2.21026192e+01, 1.28999996e+01, 0., -2.20802994e+01, 1.29499998e+01,
    0., -2.20480099e+01, 13., 0., -2.20156708e+01, 1.30500002e+01, 0.,
    -2.19930305e+01, 1.31000004e+01, 0., -2.19661694e+01, 1.31499996e+01,
    0., -2.19464092e+01, 1.31999998e+01, 0., -2.19233494e+01,
    1.32500000e+01, 0., -2.19057903e+01, 1.33000002e+01, 0.,
    -2.18662491e+01, 1.33500004e+01, 0., -2.18252506e+01, 1.33999996e+01,
    0., -2.17804699e+01, 1.34499998e+01, 0., -2.17459507e+01,
    1.35000000e+01, 0., -2.17099609e+01, 1.35500002e+01, 0.,
    -2.16753597e+01, 1.36000004e+01, 0., -2.16464405e+01, 1.36499996e+01,
    0., -2.16109905e+01, 1.36999998e+01, 0., -2.15851898e+01,
    1.37500000e+01, 0., -2.15597305e+01, 1.38000002e+01, 0.,
    -2.15476494e+01, 1.38500004e+01, 0., -2.15258503e+01, 1.38999996e+01,
    0., -2.15049305e+01, 1.39499998e+01, 0., -2.14687996e+01, 14., 0.,
    -2.14346809e+01, 1.40500002e+01, 0., -2.14032993e+01, 1.41000004e+01,
    0., -2.13743591e+01, 1.41499996e+01, 0., -2.13500404e+01,
    1.41999998e+01, 0., -2.13201504e+01, 1.42500000e+01, 0.,
    -2.12981091e+01, 1.43000002e+01, 0., -2.12645493e+01, 1.43500004e+01,
    0., -2.12305107e+01, 1.43999996e+01, 0., -2.11957493e+01,
    1.44499998e+01, 0., -2.11721897e+01, 1.45000000e+01, 0.,
    -2.11370602e+01, 1.45500002e+01, 0., -2.11060200e+01, 1.46000004e+01,
    0., -2.10666695e+01, 1.46499996e+01, 0., -2.10351505e+01,
    1.46999998e+01, 0., -2.09977608e+01, 1.47500000e+01, 0.,
    -2.09586792e+01, 1.48000002e+01, 0., -2.09203606e+01, 1.48500004e+01,
    0., -2.08717403e+01, 1.48999996e+01, 0., -2.08308201e+01,
    1.49499998e+01, 0., -2.07834396e+01, 15., 0., -2.07578392e+01,
    1.50500002e+01, 0., -2.07218494e+01, 1.51000004e+01, 0.,
    -2.06883297e+01, 1.51499996e+01, 0., -2.06530209e+01, 1.51999998e+01,
    0., -2.06327801e+01, 1.52500000e+01, 0., -2.06010208e+01,
    1.53000002e+01, 0., -2.05722198e+01, 1.53500004e+01, 0.,
    -2.05363293e+01, 1.53999996e+01, 0., -2.05077305e+01, 1.54499998e+01,
    0., -2.04696808e+01, 1.55000000e+01, 0., -2.04388409e+01,
    1.55500002e+01, 0., -2.03949203e+01, 1.56000004e+01, 0.,
    -2.03530807e+01, 1.56499996e+01, 0., -2.03305607e+01, 1.56999998e+01,
    0., -2.02966003e+01, 1.57500000e+01, 0., -2.02624798e+01,
    1.58000002e+01, 0., -2.02275505e+01, 1.58500004e+01, 0.,
    -2.02088699e+01, 1.58999996e+01, 0., -2.01843605e+01, 1.59499998e+01,
    0., -2.01641598e+01, 16., 0., -2.01427097e+01, 1.60499992e+01, 0.,
    -2.01187897e+01, 1.61000004e+01, 0., -2.00888309e+01, 1.61499996e+01,
    0., -2.00520592e+01, 1.62000008e+01, 0., -2.00251007e+01,
    1.62500000e+01, 0., -1.99939709e+01, 1.62999992e+01, 0.,
    -1.99722900e+01, 1.63500004e+01, 0., -1.99449997e+01, 1.63999996e+01,
