%YAML:1.0
---
profile: [ 4.62000008e+01, 0., -2.32690105e+01, 4.62500000e+01, 0.,
    -2.32690105e+01, 4.62999992e+01, 0., -2.32690201e+01, 4.63499985e+01,
    0., -2.32690201e+01, 4.64000015e+01, 0., -2.32690201e+01,
    4.64500008e+01, 0., -2.32689800e+01, 4.65000000e+01, 0.,
    -2.32689800e+01, 4.65499992e+01, 0., -2.32688904e+01, 4.65999985e+01,
    0., -2.32723408e+01, 4.66500015e+01, 0., -2.32792206e+01,
    4.67000008e+01, 0., -2.32806797e+01, 4.67500000e+01, 0.,
    -2.32706509e+01, 4.67999992e+01, 0., -2.32412891e+01, 4.68499985e+01,
    0., -2.32382507e+01, 4.69000015e+01, 0., -2.32762508e+01,
    4.69500008e+01, 0., -2.32718296e+01, 47., 0., -2.32596798e+01,
    4.70499992e+01, 0., -2.32668800e+01, 4.70999985e+01, 0.,
    -2.32710896e+01, 4.71500015e+01, 0., -2.32718906e+01, 4.72000008e+01,
    0., -2.32774296e+01, 4.72500000e+01, 0., -2.32814198e+01,
    4.72999992e+01, 0., -2.32814198e+01, 4.73499985e+01, 0.,
    -2.32814503e+01, 4.74000015e+01, 0., -2.32799206e+01, 4.74500008e+01,
    0., -2.32737999e+01, 4.75000000e+01, 0., -2.32691994e+01,
    4.75499992e+01, 0., -2.32691994e+01, 4.75999985e+01, 0.,
    -2.32692604e+01, 4.76500015e+01, 0., -2.32619305e+01, 4.77000008e+01,
    0., -2.32326107e+01, 4.77500000e+01, 0., -2.32300491e+01,
    4.77999992e+01, 0., -2.32688904e+01, 4.78499985e+01, 0.,
    -2.32724400e+01, 4.79000015e+01, 0., -2.32678108e+01, 4.79500008e+01,
    0., -2.32739697e+01, 48., 0., -2.32753391e+01, 4.80499992e+01, 0.,
    -2.32730598e+01, 4.80999985e+01, 0., -2.32661800e+01, 4.81500015e+01,
    0., -2.32615395e+01, 4.82000008e+01, 0., -2.32615395e+01,
    4.82500000e+01, 0., -2.32569504e+01, 4.82999992e+01, 0.,
    -2.32508297e+01, 4.83499985e+01, 0., -2.32493095e+01, 4.84000015e+01,
    0., -2.32555904e+01, 4.84500008e+01, 0., -2.32679901e+01,
    4.85000000e+01, 0., -2.32675591e+01, 4.85499992e+01, 0.,
    -2.32573795e+01, 4.85999985e+01, 0., -2.32520199e+01, 4.86500015e+01,
    0., -2.32506809e+01, 4.87000008e+01, 0., -2.32559605e+01,
    4.87500000e+01, 0., -2.32519207e+01, 4.87999992e+01, 0.,
    -2.32496605e+01, 4.88499985e+01, 0., -2.32620602e+01, 4.89000015e+01,
    0., -2.32688694e+01, 4.89500008e+01, 0., -2.32696705e+01, 49., 0.,
    -2.32699108e+01, 4.90499992e+01, 0., -2.32664604e+01, 4.90999985e+01,
    0., -2.32595005e+01, 4.91500015e+01, 0., -2.32620792e+01,
    4.92000008e+01, 0., -2.32669907e+01, 4.92500000e+01, 0.,
    -2.32546291e+01, 4.92999992e+01, 0., -2.32546902e+01, 4.93499985e+01,
    0., -2.32732506e+01, 4.94000015e+01, 0., -2.32662907e+01,
    4.94500008e+01, 0., -2.32544804e+01, 4.95000000e+01, 0.,
    -2.32537193e+01, 4.95499992e+01, 0., -2.32570896e+01, 4.95999985e+01,
    0., -2.32650108e+01, 4.96500015e+01, 0., -2.32591896e+01,
    4.97000008e+01, 0., -2.32537708e+01, 4.97500000e+01, 0.,
    -2.32633705e+01, 4.97999992e+01, 0., -2.32611198e+01, 4.98499985e+01,
    0., -2.32517204e+01, 4.99000015e+01, 0., -2.32492199e+01,
    4.99500008e+01, 0., -2.32510109e+01, 50., 0., -2.32547703e+01,
    5.00499992e+01, 0., -2.32572994e+01, 5.00999985e+01, 0.,
    -2.32577095e+01, 5.01500015e+01, 0., -2.32561493e+01, 5.02000008e+01,
    0., -2.32553806e+01, 5.02500000e+01, 0., -2.32561398e+01,
    5.02999992e+01, 0., -2.32486305e+01, 5.03499985e+01, 0.,
    -2.32380695e+01, 5.04000015e+01, 0., -2.32380695e+01, 5.04500008e+01,
    0., -2.32403107e+01, 5.05000000e+01, 0., -2.32446709e+01,
    5.05499992e+01, 0., -2.32511597e+01, 5.05999985e+01, 0.,
    -2.32547607e+01, 5.06500015e+01, 0., -2.32477207e+01, 5.07000008e+01,
    0., -2.32464600e+01, 5.07500000e+01, 0., -2.32495003e+01,
    5.07999992e+01, 0., -2.32582607e+01, 5.08499985e+01, 0.,
    -2.32572708e+01, 5.09000015e+01, 0., -2.32433491e+01, 5.09500008e+01,
    0., -2.32448997e+01, 51., 0., -2.32561493e+01, 5.10499992e+01, 0.,
    -2.32553902e+01, 5.10999985e+01, 0., -2.32516994e+01, 5.11500015e+01,
    0., -2.32455406e+01, 5.12000008e+01, 0., -2.32418308e+01,
    5.12500000e+01, 0., -2.32409496e+01, 5.12999992e+01, 0.,
    -2.32409496e+01, 5.13499985e+01, 0., -2.32369900e+01, 5.14000015e+01,
    0., -2.32290707e+01, 5.14500008e+01, 0., -2.32401905e+01,
    5.15000000e+01, 0., -2.32530499e+01, 5.15499992e+01, 0.,
    -2.32521706e+01, 5.15999985e+01, 0., -2.32534199e+01, 5.16500015e+01,
    0., -2.32556591e+01, 5.17000008e+01, 0., -2.32517796e+01,
    5.17500000e+01, 0., -2.32461205e+01, 5.17999992e+01, 0.,
    -2.32414799e+01, 5.18499985e+01, 0., -2.32444305e+01, 5.19000015e+01,
    0., -2.32504692e+01, 5.19500008e+01, 0., -2.32466297e+01, 52., 0.,
    -2.32421703e+01, 5.20499992e+01, 0., -2.32390900e+01, 5.20999985e+01,
    0., -2.32382298e+01, 5.21500015e+01, 0., -2.32395592e+01,
    5.22000008e+01, 0., -2.32410793e+01, 5.22500000e+01, 0.,
    -2.32391396e+01, 5.22999992e+01, 0., -2.32329807e+01, 5.23499985e+01,
    0., -2.32337704e+01, 5.24000015e+01, 0., -2.32363205e+01,
    5.24500008e+01, 0., -2.32371998e+01, 5.25000000e+01, 0.,
    -2.32370701e+01, 5.25499992e+01, 0., -2.32363091e+01, 5.25999985e+01,
    0., -2.32404995e+01, 5.26500015e+01, 0., -2.32449799e+01,
    5.27000008e+01, 0., -2.32472591e+01, 5.27500000e+01, 0.,
    -2.32470798e+01, 5.27999992e+01, 0., -2.32457409e+01, 5.28499985e+01,
    0., -2.32472591e+01, 5.29000015e+01, 0., -2.32471008e+01,
    5.29500008e+01, 0., -2.32444992e+01, 53., 0., -2.32399998e+01,
    5.30499992e+01, 0., -2.32365894e+01, 5.30999985e+01, 0.,
    -2.32381496e+01, 5.31500015e+01, 0., -2.32393894e+01, 5.32000008e+01,
    0., -2.32394295e+01, 5.32500000e+01, 0., -2.32410793e+01,
    5.32999992e+01, 0., -2.32427197e+01, 5.33499985e+01, 0.,
    -2.32427998e+01, 5.34000015e+01, 0., -2.32417603e+01, 5.34500008e+01,
    0., -2.32403202e+01, 5.35000000e+01, 0., -2.32382107e+01,
    5.35499992e+01, 0., -2.32361794e+01, 5.35999985e+01, 0.,
    -2.32346992e+01, 5.36500015e+01, 0., -2.32332897e+01, 5.37000008e+01,
    0., -2.32325001e+01, 5.37500000e+01, 0., -2.32325001e+01,
    5.37999992e+01, 0., -2.32316399e+01, 5.38499985e+01, 0.,
    -2.32299194e+01, 5.39000015e+01, 0., -2.32333603e+01, 5.39500008e+01,
    0., -2.32373009e+01, 54., 0., -2.32373009e+01, 5.40499992e+01, 0.,
    -2.32367592e+01, 5.40999985e+01, 0., -2.32360401e+01, 5.41500015e+01,
    0., -2.32554493e+01, 5.42000008e+01, 0., -2.32732601e+01,
    5.42500000e+01, 0., -2.32794609e+01, 5.42999992e+01, 0.,
    -2.32872696e+01, 5.43499985e+01, 0., -2.32931004e+01, 5.44000015e+01,
    0., -2.32916203e+01, 5.44500008e+01, 0., -2.32883492e+01,
    5.45000000e+01, 0., -2.32840309e+01, 5.45499992e+01, 0.,
    -2.32806797e+01, 5.45999985e+01, 0., -2.32782307e+01, 5.46500015e+01,
    0., -2.32775097e+01, 5.47000008e+01, 0., -2.32765694e+01,
    5.47500000e+01, 0., -2.32757702e+01, 5.47999992e+01, 0.,
    -2.32932091e+01, 5.48499985e+01, 0., -2.33010807e+01, 5.49000015e+01,
    0., -2.32903595e+01, 5.49500008e+01, 0., -2.32773705e+01, 55., 0.,
    -2.32672901e+01, 5.50499992e+01, 0., -2.32595406e+01, 5.50999985e+01,
    0., -2.32552795e+01, 5.51500015e+01, 0., -2.32546005e+01,
    5.52000008e+01, 0., -2.32542896e+01, 5.52500000e+01, 0.,
    -2.32495804e+01, 5.52999992e+01, 0., -2.32304192e+01, 5.53499985e+01,
    0., -2.32252903e+01, 5.54000015e+01, 0., -2.32438507e+01,
    5.54500008e+01, 0., -2.32353706e+01, 5.55000000e+01, 0.,
    -2.32003498e+01, 5.55499992e+01, 0., -2.31552296e+01, 5.55999985e+01,
    0., -2.31023407e+01, 5.56500015e+01, 0., -2.30715408e+01,
    5.57000008e+01, 0., -2.30515804e+01, 5.57500000e+01, 0.,
    -2.30454998e+01, 5.57999992e+01, 0., -2.29932194e+01, 5.58499985e+01,
    0., -2.29369602e+01, 5.59000015e+01, 0., -2.29148006e+01,
    5.59500008e+01, 0., -2.28951302e+01, 56., 0., -2.28891697e+01,
    5.60499992e+01, 0., -2.28962898e+01, 5.60999985e+01, 0.,
    -2.28972702e+01, 5.61500015e+01, 0., -2.28666306e+01, 5.62000008e+01,
    0., -2.28187008e+01, 5.62500000e+01, 0., -2.27689400e+01,
    5.62999992e+01, 0., -2.27019806e+01, 5.63499985e+01, 0.,
    -2.26459408e+01, 5.64000015e+01, 0., -2.26060009e+01, 5.64500008e+01,
