%YAML:1.0
---
profile: [ 1.56999998e+01, 0., -2.32122803e+01, 1.57500000e+01, 0.,
    -2.32186394e+01, 1.58000002e+01, 0., -2.32266197e+01, 1.58500004e+01,
    0., -2.32330208e+01, 1.58999996e+01, 0., -2.32348194e+01,
    1.59499998e+01, 0., -2.32337608e+01, 16., 0., -2.32287197e+01,
    1.60499992e+01, 0., -2.32262993e+01, 1.61000004e+01, 0.,
    -2.32264595e+01, 1.61499996e+01, 0., -2.32266998e+01, 1.62000008e+01,
    0., -2.32257595e+01, 1.62500000e+01, 0., -2.32236404e+01,
    1.62999992e+01, 0., -2.32226791e+01, 1.63500004e+01, 0.,
    -2.32164097e+01, 1.63999996e+01, 0., -2.31906891e+01, 1.64500008e+01,
    0., -2.31704903e+01, 1.65000000e+01, 0., -2.31926899e+01,
    1.65499992e+01, 0., -2.32137604e+01, 1.66000004e+01, 0.,
    -2.32268600e+01, 1.66499996e+01, 0., -2.32262993e+01, 1.67000008e+01,
    0., -2.32220097e+01, 1.67500000e+01, 0., -2.32143307e+01,
    1.67999992e+01, 0., -2.32057800e+01, 1.68500004e+01, 0.,
    -2.32038002e+01, 1.68999996e+01, 0., -2.32224007e+01, 1.69500008e+01,
    0., -2.32272606e+01, 17., 0., -2.32213402e+01, 1.70499992e+01, 0.,
    -2.32218494e+01, 1.71000004e+01, 0., -2.32207909e+01, 1.71499996e+01,
    0., -2.32156696e+01, 1.72000008e+01, 0., -2.32139301e+01,
    1.72500000e+01, 0., -2.32149601e+01, 1.72999992e+01, 0.,
    -2.32144394e+01, 1.73500004e+01, 0., -2.32107697e+01, 1.73999996e+01,
    0., -2.32042103e+01, 1.74500008e+01, 0., -2.32037697e+01,
    1.75000000e+01, 0., -2.32074394e+01, 1.75499992e+01, 0.,
    -2.32069206e+01, 1.76000004e+01, 0., -2.32061996e+01, 1.76499996e+01,
    0., -2.32056007e+01, 1.77000008e+01, 0., -2.32109604e+01,
    1.77500000e+01, 0., -2.32140293e+01, 1.77999992e+01, 0.,
    -2.32043896e+01, 1.78500004e+01, 0., -2.31994705e+01, 1.78999996e+01,
    0., -2.32041092e+01, 1.79500008e+01, 0., -2.32008705e+01, 18., 0.,
    -2.31976509e+01, 1.80499992e+01, 0., -2.32022495e+01, 1.81000004e+01,
    0., -2.32012501e+01, 1.81499996e+01, 0., -2.31968498e+01,
    1.82000008e+01, 0., -2.32073898e+01, 1.82500000e+01, 0.,
    -2.32131405e+01, 1.82999992e+01, 0., -2.32071800e+01, 1.83500004e+01,
    0., -2.32043896e+01, 1.83999996e+01, 0., -2.32064800e+01,
    1.84500008e+01, 0., -2.32136002e+01, 1.85000000e+01, 0.,
    -2.32194195e+01, 1.85499992e+01, 0., -2.32203407e+01, 1.86000004e+01,
    0., -2.32201691e+01, 1.86499996e+01, 0., -2.32196007e+01,
    1.87000008e+01, 0., -2.32189598e+01, 1.87500000e+01, 0.,
    -2.32158203e+01, 1.87999992e+01, 0., -2.32121391e+01, 1.88500004e+01,
    0., -2.32061405e+01, 1.88999996e+01, 0., -2.32039394e+01,
    1.89500008e+01, 0., -2.32071400e+01, 19., 0., -2.32042408e+01,
    1.90499992e+01, 0., -2.31982403e+01, 1.91000004e+01, 0.,
    -2.31959705e+01, 1.91499996e+01, 0., -2.31966496e+01, 1.92000008e+01,
    0., -2.31990891e+01, 1.92500000e+01, 0., -2.32011204e+01,
    1.92999992e+01, 0., -2.32027493e+01, 1.93500004e+01, 0.,
    -2.32051907e+01, 1.93999996e+01, 0., -2.32070999e+01, 1.94500008e+01,
    0., -2.32072601e+01, 1.95000000e+01, 0., -2.32089806e+01,
    1.95499992e+01, 0., -2.32100391e+01, 1.96000004e+01, 0.,
    -2.32075596e+01, 1.96499996e+01, 0., -2.32075901e+01, 1.97000008e+01,
    0., -2.32092705e+01, 1.97500000e+01, 0., -2.32072506e+01,
    1.97999992e+01, 0., -2.32054691e+01, 1.98500004e+01, 0.,
    -2.32055893e+01, 1.98999996e+01, 0., -2.32011509e+01, 1.99500008e+01,
    0., -2.31951504e+01, 20., 0., -2.31938210e+01, 2.00499992e+01, 0.,
    -2.31951904e+01, 2.01000004e+01, 0., -2.31976700e+01, 2.01499996e+01,
    0., -2.31971092e+01, 2.02000008e+01, 0., -2.31947308e+01,
    2.02500000e+01, 0., -2.31949291e+01, 2.02999992e+01, 0.,
    -2.31938992e+01, 2.03500004e+01, 0., -2.31915398e+01, 2.03999996e+01,
    0., -2.31934700e+01, 2.04500008e+01, 0., -2.31980801e+01,
    2.05000000e+01, 0., -2.32062397e+01, 2.05499992e+01, 0.,
    -2.32116795e+01, 2.06000004e+01, 0., -2.32133999e+01, 2.06499996e+01,
    0., -2.32114296e+01, 2.07000008e+01, 0., -2.32105007e+01,
    2.07500000e+01, 0., -2.32121792e+01, 2.07999992e+01, 0.,
    -2.32151604e+01, 2.08500004e+01, 0., -2.32194805e+01, 2.08999996e+01,
    0., -2.32255192e+01, 2.09500008e+01, 0., -2.32301502e+01, 21., 0.,
    -2.32302704e+01, 2.10499992e+01, 0., -2.32375202e+01, 2.11000004e+01,
    0., -2.32421894e+01, 2.11499996e+01, 0., -2.32407894e+01,
    2.12000008e+01, 0., -2.32396297e+01, 2.12500000e+01, 0.,
    -2.32390308e+01, 2.12999992e+01, 0., -2.32628403e+01, 2.13500004e+01,
    0., -2.32862492e+01, 2.13999996e+01, 0., -2.32970104e+01,
    2.14500008e+01, 0., -2.32548599e+01, 2.15000000e+01, 0.,
    -2.32100201e+01, 2.15499992e+01, 0., -2.31581593e+01, 2.16000004e+01,
    0., -2.31009407e+01, 2.16499996e+01, 0., -2.30347004e+01,
    2.17000008e+01, 0., -2.29684601e+01, 2.17500000e+01, 0.,
    -2.29178009e+01, 2.17999992e+01, 0., -2.28837605e+01, 2.18500004e+01,
    0., -2.28561993e+01, 2.18999996e+01, 0., -2.28363991e+01,
    2.19500008e+01, 0., -2.28334408e+01, 22., 0., -2.28413792e+01,
    2.20499992e+01, 0., -2.28616199e+01, 2.21000004e+01, 0.,
    -2.28292007e+01, 2.21499996e+01, 0., -2.27965603e+01, 2.22000008e+01,
    0., -2.28160000e+01, 2.22500000e+01, 0., -2.28241005e+01,
    2.22999992e+01, 0., -2.28219395e+01, 2.23500004e+01, 0.,
    -2.28076096e+01, 2.23999996e+01, 0., -2.27887306e+01, 2.24500008e+01,
    0., -2.27681293e+01, 2.25000000e+01, 0., -2.27381191e+01,
    2.25499992e+01, 0., -2.27090797e+01, 2.26000004e+01, 0.,
    -2.26710491e+01, 2.26499996e+01, 0., -2.26397705e+01, 2.27000008e+01,
    0., -2.25977402e+01, 2.27500000e+01, 0., -2.25625801e+01,
    2.27999992e+01, 0., -2.25354595e+01, 2.28500004e+01, 0.,
    -2.25094891e+01, 2.28999996e+01, 0., -2.24788895e+01, 2.29500008e+01,
    0., -2.24413700e+01, 23., 0., -2.24138908e+01, 2.30499992e+01, 0.,
    -2.23829308e+01, 2.31000004e+01, 0., -2.23623295e+01, 2.31499996e+01,
    0., -2.23239899e+01, 2.32000008e+01, 0., -2.22866306e+01,
    2.32500000e+01, 0., -2.22466698e+01, 2.32999992e+01, 0.,
    -2.22183895e+01, 2.33500004e+01, 0., -2.21384602e+01, 2.33999996e+01,
    0., -2.20656605e+01, 2.34500008e+01, 0., -2.20410995e+01,
    2.35000000e+01, 0., -2.20460892e+01, 2.35499992e+01, 0.,
    -2.20026894e+01, 2.36000004e+01, 0., -2.19593601e+01, 2.36499996e+01,
    0., -2.19595203e+01, 2.37000008e+01, 0., -2.19042492e+01,
    2.37500000e+01, 0., -2.18304501e+01, 2.37999992e+01, 0.,
    -2.17528706e+01, 2.38500004e+01, 0., -2.17377892e+01, 2.38999996e+01,
    0., -2.17374802e+01, 2.39500008e+01, 0., -2.17594795e+01, 24., 0.,
    -2.17162991e+01, 2.40499992e+01, 0., -2.16567802e+01, 2.41000004e+01,
    0., -2.16135406e+01, 2.41499996e+01, 0., -2.15702591e+01,
    2.42000008e+01, 0., -2.15704193e+01, 2.42500000e+01, 0.,
    -2.15706806e+01, 2.42999992e+01, 0., -2.15708408e+01, 2.43500004e+01,
    0., -2.15276394e+01, 2.43999996e+01, 0., -2.14843998e+01,
    2.44500008e+01, 0., -2.14303703e+01, 2.45000000e+01, 0.,
    -2.13871708e+01, 2.45499992e+01, 0., -2.13765392e+01, 2.46000004e+01,
    0., -2.13767204e+01, 2.46499996e+01, 0., -2.13768005e+01,
    2.47000008e+01, 0., -2.13444405e+01, 2.47500000e+01, 0.,
    -2.13012409e+01, 2.47999992e+01, 0., -2.12797203e+01, 2.48500004e+01,
    0., -2.12797794e+01, 2.48999996e+01, 0., -2.12798195e+01,
    2.49500008e+01, 0., -2.12582092e+01, 25., 0., -2.12149296e+01,
    2.50499992e+01, 0., -2.11825199e+01, 2.51000004e+01, 0.,
    -2.11825199e+01, 2.51499996e+01, 0., -2.11047192e+01, 2.52000008e+01,
    0., -2.10269203e+01, 2.52500000e+01, 0., -2.09829006e+01,
    2.52999992e+01, 0., -2.09761009e+01, 2.53500004e+01, 0.,
    -2.09379406e+01, 2.53999996e+01, 0., -2.08895092e+01, 2.54500008e+01,
    0., -2.08417091e+01, 2.55000000e+01, 0., -2.07938995e+01,
    2.55499992e+01, 0., -2.07938995e+01, 2.56000004e+01, 0.,
    -2.07939606e+01, 2.56499996e+01, 0., -2.07939606e+01, 2.57000008e+01,
    0., -2.07414398e+01, 2.57500000e+01, 0., -2.06889191e+01,
    2.57999992e+01, 0., -2.06420898e+01, 2.58500004e+01, 0.,
    -2.06084099e+01, 2.58999996e+01, 0., -2.05515709e+01, 2.59500008e+01,
