%YAML:1.0
---
profile: [ 5.00000007e-02, 0., -1.31647301e+01, 1.00000001e-01, 0.,
    -1.31471701e+01, 1.50000006e-01, 0., -1.31189098e+01, 2.00000003e-01,
    0., -1.30929899e+01, 2.50000000e-01, 0., -1.30561600e+01,
    3.00000012e-01, 0., -1.30243597e+01, 3.49999994e-01, 0.,
    -1.29866199e+01, 4.00000006e-01, 0., -1.29568996e+01, 4.49999988e-01,
    0., -1.29246302e+01, 5.00000000e-01, 0., -1.28903599e+01,
    5.50000012e-01, 0., -1.28524399e+01, 6.00000024e-01, 0.,
    -1.28067703e+01, 6.49999976e-01, 0., -1.27757702e+01, 6.99999988e-01,
    0., -1.27362604e+01, 7.50000000e-01, 0., -1.27023401e+01,
    8.00000012e-01, 0., -1.26600704e+01, 8.50000024e-01, 0.,
    -1.26265097e+01, 8.99999976e-01, 0., -1.25947599e+01, 9.49999988e-01,
    0., -1.25816002e+01, 1., 0., -1.25466299e+01, 1.04999995e+00, 0.,
    -1.25087900e+01, 1.10000002e+00, 0., -1.24666796e+01, 1.14999998e+00,
    0., -1.24357595e+01, 1.20000005e+00, 0., -1.24039497e+01,
    1.25000000e+00, 0., -1.23821898e+01, 1.29999995e+00, 0.,
    -1.23463097e+01, 1.35000002e+00, 0., -1.23111200e+01, 1.39999998e+00,
    0., -1.22919998e+01, 1.45000005e+00, 0., -1.22663403e+01,
    1.50000000e+00, 0., -1.22403402e+01, 1.54999995e+00, 0.,
    -1.22092505e+01, 1.60000002e+00, 0., -1.21861696e+01, 1.64999998e+00,
    0., -1.21506701e+01, 1.70000005e+00, 0., -1.21187897e+01,
    1.75000000e+00, 0., -1.20797901e+01, 1.79999995e+00, 0.,
    -1.20490704e+01, 1.85000002e+00, 0., -1.20072403e+01, 1.89999998e+00,
    0., -1.19720001e+01, 1.95000005e+00, 0., -1.19384203e+01, 2., 0.,
    -1.19137001e+01, 2.04999995e+00, 0., -1.18916903e+01, 2.09999990e+00,
    0., -1.18679895e+01, 2.15000010e+00, 0., -1.18364296e+01,
    2.20000005e+00, 0., -1.17964897e+01, 2.25000000e+00, 0.,
    -1.17640896e+01, 2.29999995e+00, 0., -1.17254200e+01, 2.34999990e+00,
    0., -1.16967001e+01, 2.40000010e+00, 0., -1.16720896e+01,
    2.45000005e+00, 0., -1.16584501e+01, 2.50000000e+00, 0.,
    -1.16211996e+01, 2.54999995e+00, 0., -1.15873604e+01, 2.59999990e+00,
    0., -1.15424204e+01, 2.65000010e+00, 0., -1.14997196e+01,
    2.70000005e+00, 0., -1.14748402e+01, 2.75000000e+00, 0.,
    -1.14429598e+01, 2.79999995e+00, 0., -1.14149599e+01, 2.84999990e+00,
    0., -1.13803196e+01, 2.90000010e+00, 0., -1.13530397e+01,
    2.95000005e+00, 0., -1.13249903e+01, 3., 0., -1.13099098e+01,
    3.04999995e+00, 0., -1.12791700e+01, 3.09999990e+00, 0.,
    -1.12482901e+01, 3.15000010e+00, 0., -1.12043505e+01, 3.20000005e+00,
    0., -1.11681499e+01, 3.25000000e+00, 0., -1.11303396e+01,
    3.29999995e+00, 0., -1.10934801e+01, 3.34999990e+00, 0.,
    -1.10609598e+01, 3.40000010e+00, 0., -1.10203400e+01, 3.45000005e+00,
    0., -1.09879799e+01, 3.50000000e+00, 0., -1.09489803e+01,
    3.54999995e+00, 0., -1.09224596e+01, 3.59999990e+00, 0.,
    -1.08869696e+01, 3.65000010e+00, 0., -1.08558903e+01, 3.70000005e+00,
    0., -1.08193197e+01, 3.75000000e+00, 0., -1.07927999e+01,
    3.79999995e+00, 0., -1.07569399e+01, 3.84999990e+00, 0.,
    -1.07268600e+01, 3.90000010e+00, 0., -1.06869802e+01, 3.95000005e+00,
    0., -1.06546602e+01, 4., 0., -1.06215296e+01, 4.05000019e+00, 0.,
    -1.05901804e+01, 4.09999990e+00, 0., -1.05651398e+01, 4.15000010e+00,
    0., -1.05423899e+01, 4.19999981e+00, 0., -1.05345097e+01,
    4.25000000e+00, 0., -1.05005999e+01, 4.30000019e+00, 0.,
    -1.04607201e+01, 4.34999990e+00, 0., -1.04183502e+01, 4.40000010e+00,
    0., -1.03885098e+01, 4.44999981e+00, 0., -1.03509998e+01,
    4.50000000e+00, 0., -1.03209600e+01, 4.55000019e+00, 0.,
    -1.02767696e+01, 4.59999990e+00, 0., -1.02400904e+01, 4.65000010e+00,
    0., -1.02143803e+01, 4.69999981e+00, 0., -1.01882200e+01,
    4.75000000e+00, 0., -1.01496601e+01, 4.80000019e+00, 0.,
    -1.01097202e+01, 4.84999990e+00, 0., -1.00876799e+01, 4.90000010e+00,
    0., -1.00600500e+01, 4.94999981e+00, 0., -1.00379295e+01, 5., 0.,
    -1.00118904e+01, 5.05000019e+00, 0., -9.99193001e+00, 5.09999990e+00,
    0., -9.94976044e+00, 5.15000010e+00, 0., -9.91259956e+00,
    5.19999981e+00, 0., -9.88551044e+00, 5.25000000e+00, 0.,
    -9.85916042e+00, 5.30000019e+00, 0., -9.82503986e+00, 5.34999990e+00,
    0., -9.77768040e+00, 5.40000010e+00, 0., -9.73427963e+00,
    5.44999981e+00, 0., -9.68887043e+00, 5.50000000e+00, 0.,
    -9.66331005e+00, 5.55000019e+00, 0., -9.63659954e+00, 5.59999990e+00,
    0., -9.61812019e+00, 5.65000010e+00, 0., -9.58463955e+00,
    5.69999981e+00, 0., -9.55580044e+00, 5.75000000e+00, 0.,
    -9.53433990e+00, 5.80000019e+00, 0., -9.51445007e+00, 5.84999990e+00,
    0., -9.49176979e+00, 5.90000010e+00, 0., -9.46086979e+00,
    5.94999981e+00, 0., -9.43323040e+00, 6., 0., -9.39927006e+00,
    6.05000019e+00, 0., -9.37250996e+00, 6.09999990e+00, 0.,
    -9.33955956e+00, 6.15000010e+00, 0., -9.30792999e+00, 6.19999981e+00,
    0., -9.28649044e+00, 6.25000000e+00, 0., -9.25584984e+00,
    6.30000019e+00, 0., -9.21916962e+00, 6.34999990e+00, 0.,
    -9.17525959e+00, 6.40000010e+00, 0., -9.14249992e+00, 6.44999981e+00,
    0., -9.10515022e+00, 6.50000000e+00, 0., -9.07962990e+00,
    6.55000019e+00, 0., -9.03724957e+00, 6.59999990e+00, 0.,
    -8.99777031e+00, 6.65000010e+00, 0., -8.96471977e+00, 6.69999981e+00,
    0., -8.94699955e+00, 6.75000000e+00, 0., -8.91069031e+00,
    6.80000019e+00, 0., -8.87065983e+00, 6.84999990e+00, 0.,
    -8.83813953e+00, 6.90000010e+00, 0., -8.79747009e+00, 6.94999981e+00,
    0., -8.76494980e+00, 7., 0., -8.72480965e+00, 7.05000019e+00, 0.,
    -8.69340992e+00, 7.09999990e+00, 0., -8.65686035e+00, 7.15000010e+00,
    0., -8.63097954e+00, 7.19999981e+00, 0., -8.59352970e+00,
    7.25000000e+00, 0., -8.56093025e+00, 7.30000019e+00, 0.,
    -8.51231003e+00, 7.34999990e+00, 0., -8.46930981e+00, 7.40000010e+00,
    0., -8.43624020e+00, 7.44999981e+00, 0., -8.41487026e+00,
    7.50000000e+00, 0., -8.39087009e+00, 7.55000019e+00, 0.,
    -8.35321999e+00, 7.59999990e+00, 0., -8.31394005e+00, 7.65000010e+00,
    0., -8.27318001e+00, 7.69999981e+00, 0., -8.25061989e+00,
    7.75000000e+00, 0., -8.22659016e+00, 7.80000019e+00, 0.,
    -8.20967007e+00, 7.84999990e+00, 0., -8.18992043e+00, 7.90000010e+00,
    0., -8.16856956e+00, 7.94999981e+00, 0., -8.14536953e+00, 8., 0.,
    -8.11567974e+00, 8.05000019e+00, 0., -8.09119987e+00, 8.10000038e+00,
    0., -8.06204987e+00, 8.14999962e+00, 0., -8.03952980e+00,
    8.19999981e+00, 0., -8.00765038e+00, 8.25000000e+00, 0.,
    -7.98141003e+00, 8.30000019e+00, 0., -7.93550014e+00, 8.35000038e+00,
    0., -7.88663006e+00, 8.39999962e+00, 0., -7.84854984e+00,
    8.44999981e+00, 0., -7.80339003e+00, 8.50000000e+00, 0.,
    -7.77535009e+00, 8.55000019e+00, 0., -7.74096012e+00, 8.60000038e+00,
    0., -7.71432018e+00, 8.64999962e+00, 0., -7.68416023e+00,
    8.69999981e+00, 0., -7.66175985e+00, 8.75000000e+00, 0.,
    -7.62953997e+00, 8.80000019e+00, 0., -7.60158014e+00, 8.85000038e+00,
    0., -7.56104994e+00, 8.89999962e+00, 0., -7.52209997e+00,
    8.94999981e+00, 0., -7.50050020e+00, 9., 0., -7.47204018e+00,
    9.05000019e+00, 0., -7.44763994e+00, 9.10000038e+00, 0.,
    -7.41729021e+00, 9.14999962e+00, 0., -7.39312983e+00, 9.19999981e+00,
    0., -7.35748005e+00, 9.25000000e+00, 0., -7.32607985e+00,
    9.30000019e+00, 0., -7.28466988e+00, 9.35000038e+00, 0.,
    -7.24418020e+00, 9.39999962e+00, 0., -7.21630001e+00, 9.44999981e+00,
    0., -7.18379021e+00, 9.50000000e+00, 0., -7.16551018e+00,
    9.55000019e+00, 0., -7.13818979e+00, 9.60000038e+00, 0.,
    -7.11402988e+00, 9.64999962e+00, 0., -7.07423019e+00, 9.69999981e+00,
    0., -7.03731012e+00, 9.75000000e+00, 0., -7.00091982e+00,
    9.80000019e+00, 0., -6.96749020e+00, 9.85000038e+00, 0.,
    -6.94249010e+00, 9.89999962e+00, 0., -6.90265989e+00, 9.94999981e+00,
    0., -6.86062002e+00, 10., 0., -6.81584978e+00, 1.00500002e+01, 0.,
    -6.78949022e+00, 1.01000004e+01, 0., -6.76330996e+00, 1.01499996e+01,
    0., -6.74602985e+00, 1.01999998e+01, 0., -6.70092010e+00,
    1.02500000e+01, 0., -6.66016006e+00, 1.03000002e+01, 0.,
