%YAML:1.0
---
profile: [ 1.25000000e+00, 0., -2.32285595e+01, 1.29999995e+00, 0.,
    -2.32124004e+01, 1.35000002e+00, 0., -2.31973305e+01, 1.39999998e+00,
    0., -2.31880894e+01, 1.45000005e+00, 0., -2.31858006e+01,
    1.50000000e+00, 0., -2.31866302e+01, 1.54999995e+00, 0.,
    -2.31881504e+01, 1.60000002e+00, 0., -2.31909199e+01, 1.64999998e+00,
    0., -2.31926003e+01, 1.70000005e+00, 0., -2.31887608e+01,
    1.75000000e+00, 0., -2.31872005e+01, 1.79999995e+00, 0.,
    -2.31898403e+01, 1.85000002e+00, 0., -2.31723404e+01, 1.89999998e+00,
    0., -2.31541805e+01, 1.95000005e+00, 0., -2.31707001e+01, 2., 0.,
    -2.31783409e+01, 2.04999995e+00, 0., -2.31744995e+01, 2.09999990e+00,
    0., -2.31758003e+01, 2.15000010e+00, 0., -2.31783504e+01,
    2.20000005e+00, 0., -2.31791897e+01, 2.25000000e+00, 0.,
    -2.31767292e+01, 2.29999995e+00, 0., -2.31728897e+01, 2.34999990e+00,
    0., -2.31607399e+01, 2.40000010e+00, 0., -2.31508408e+01,
    2.45000005e+00, 0., -2.31561203e+01, 2.50000000e+00, 0.,
    -2.31604996e+01, 2.54999995e+00, 0., -2.31628208e+01, 2.59999990e+00,
    0., -2.31727104e+01, 2.65000010e+00, 0., -2.31779308e+01,
    2.70000005e+00, 0., -2.31744499e+01, 2.75000000e+00, 0.,
    -2.31728497e+01, 2.79999995e+00, 0., -2.31723804e+01, 2.84999990e+00,
    0., -2.31732597e+01, 2.90000010e+00, 0., -2.31760502e+01,
    2.95000005e+00, 0., -2.31791306e+01, 3., 0., -2.31625805e+01,
    3.04999995e+00, 0., -2.31451893e+01, 3.09999990e+00, 0.,
    -2.31451893e+01, 3.15000010e+00, 0., -2.31562309e+01, 3.20000005e+00,
    0., -2.31775799e+01, 3.25000000e+00, 0., -2.31744995e+01,
    3.29999995e+00, 0., -2.31744595e+01, 3.34999990e+00, 0.,
    -2.31790600e+01, 3.40000010e+00, 0., -2.31793804e+01, 3.45000005e+00,
    0., -2.31757202e+01, 3.50000000e+00, 0., -2.31718807e+01,
    3.54999995e+00, 0., -2.31606293e+01, 3.59999990e+00, 0.,
    -2.31440296e+01, 3.65000010e+00, 0., -2.31177502e+01, 3.70000005e+00,
    0., -2.30938702e+01, 3.75000000e+00, 0., -2.30328102e+01,
    3.79999995e+00, 0., -2.29777298e+01, 3.84999990e+00, 0.,
    -2.29311409e+01, 3.90000010e+00, 0., -2.29058609e+01, 3.95000005e+00,
    0., -2.28932304e+01, 4., 0., -2.28899899e+01, 4.05000019e+00, 0.,
    -2.28770294e+01, 4.09999990e+00, 0., -2.29459209e+01, 4.15000010e+00,
    0., -2.31327896e+01, 4.19999981e+00, 0., -2.31615009e+01,
    4.25000000e+00, 0., -2.31725407e+01, 4.30000019e+00, 0.,
    -2.31761303e+01, 4.34999990e+00, 0., -2.31798496e+01, 4.40000010e+00,
    0., -2.31913300e+01, 4.44999981e+00, 0., -2.31971207e+01,
    4.50000000e+00, 0., -2.31971607e+01, 4.55000019e+00, 0.,
    -2.32007809e+01, 4.59999990e+00, 0., -2.32027092e+01, 4.65000010e+00,
    0., -2.32012291e+01, 4.69999981e+00, 0., -2.32012196e+01,
    4.75000000e+00, 0., -2.31995106e+01, 4.80000019e+00, 0.,
    -2.31888294e+01, 4.84999990e+00, 0., -2.31771793e+01, 4.90000010e+00,
    0., -2.31699791e+01, 4.94999981e+00, 0., -2.31664600e+01, 5., 0.,
    -2.31662292e+01, 5.05000019e+00, 0., -2.31648293e+01, 5.09999990e+00,
    0., -2.31656094e+01, 5.15000010e+00, 0., -2.31692905e+01,
    5.19999981e+00, 0., -2.31688499e+01, 5.25000000e+00, 0.,
    -2.31678505e+01, 5.30000019e+00, 0., -2.31695309e+01, 5.34999990e+00,
    0., -2.31715794e+01, 5.40000010e+00, 0., -2.31730995e+01,
    5.44999981e+00, 0., -2.31736507e+01, 5.50000000e+00, 0.,
    -2.31732903e+01, 5.55000019e+00, 0., -2.31712093e+01, 5.59999990e+00,
    0., -2.31668301e+01, 5.65000010e+00, 0., -2.31623898e+01,
    5.69999981e+00, 0., -2.31536999e+01, 5.75000000e+00, 0.,
    -2.31421204e+01, 5.80000019e+00, 0., -2.31261196e+01, 5.84999990e+00,
    0., -2.31072292e+01, 5.90000010e+00, 0., -2.30935497e+01,
    5.94999981e+00, 0., -2.30631695e+01, 6., 0., -2.30318508e+01,
    6.05000019e+00, 0., -2.30041409e+01, 6.09999990e+00, 0.,
    -2.29881401e+01, 6.15000010e+00, 0., -2.29699802e+01, 6.19999981e+00,
    0., -2.29508495e+01, 6.25000000e+00, 0., -2.29310093e+01,
    6.30000019e+00, 0., -2.29092693e+01, 6.34999990e+00, 0.,
    -2.28955898e+01, 6.40000010e+00, 0., -2.28703995e+01, 6.44999981e+00,
    0., -2.28459606e+01, 6.50000000e+00, 0., -2.28142509e+01,
    6.55000019e+00, 0., -2.27886906e+01, 6.59999990e+00, 0.,
    -2.27547894e+01, 6.65000010e+00, 0., -2.27214699e+01, 6.69999981e+00,
    0., -2.26983891e+01, 6.75000000e+00, 0., -2.26653099e+01,
    6.80000019e+00, 0., -2.26254292e+01, 6.84999990e+00, 0.,
    -2.25814991e+01, 6.90000010e+00, 0., -2.25655003e+01, 6.94999981e+00,
    0., -2.25462494e+01, 7., 0., -2.25317707e+01, 7.05000019e+00, 0.,
    -2.25061893e+01, 7.09999990e+00, 0., -2.24817505e+01, 7.15000010e+00,
    0., -2.24422894e+01, 7.19999981e+00, 0., -2.24089699e+01,
    7.25000000e+00, 0., -2.23771305e+01, 7.30000019e+00, 0.,
    -2.23536491e+01, 7.34999990e+00, 0., -2.23157902e+01, 7.40000010e+00,
    0., -2.22838707e+01, 7.44999981e+00, 0., -2.22567997e+01,
    7.50000000e+00, 0., -2.22292004e+01, 7.55000019e+00, 0.,
    -2.21951199e+01, 7.59999990e+00, 0., -2.21549797e+01, 7.65000010e+00,
    0., -2.21258202e+01, 7.69999981e+00, 0., -2.20886402e+01,
    7.75000000e+00, 0., -2.20581207e+01, 7.80000019e+00, 0.,
    -2.20180607e+01, 7.84999990e+00, 0., -2.19837399e+01, 7.90000010e+00,
    0., -2.19453697e+01, 7.94999981e+00, 0., -2.19202499e+01, 8., 0.,
    -2.18707504e+01, 8.05000019e+00, 0., -2.18215103e+01, 8.10000038e+00,
    0., -2.17796001e+01, 8.14999962e+00, 0., -2.17566395e+01,
    8.19999981e+00, 0., -2.17274799e+01, 8.25000000e+00, 0.,
    -2.17039604e+01, 8.30000019e+00, 0., -2.16696796e+01, 8.35000038e+00,
    0., -2.16413193e+01, 8.39999962e+00, 0., -2.16063404e+01,
    8.44999981e+00, 0., -2.15708408e+01, 8.50000000e+00, 0.,
    -2.15404396e+01, 8.55000019e+00, 0., -2.15033894e+01, 8.60000038e+00,
    0., -2.14768295e+01, 8.64999962e+00, 0., -2.14414692e+01,
    8.69999981e+00, 0., -2.14106293e+01, 8.75000000e+00, 0.,
    -2.13772602e+01, 8.80000019e+00, 0., -2.13568592e+01, 8.85000038e+00,
    0., -2.13324394e+01, 8.89999962e+00, 0., -2.13135605e+01,
    8.94999981e+00, 0., -2.12879906e+01, 9., 0., -2.12671509e+01,
    9.05000019e+00, 0., -2.12277794e+01, 9.10000038e+00, 0.,
    -2.11936207e+01, 9.14999962e+00, 0., -2.11692791e+01, 9.19999981e+00,
    0., -2.11434307e+01, 9.25000000e+00, 0., -2.11033096e+01,
    9.30000019e+00, 0., -2.10577908e+01, 9.35000038e+00, 0.,
    -2.10270691e+01, 9.39999962e+00, 0., -2.09857998e+01, 9.44999981e+00,
    0., -2.09494801e+01, 9.50000000e+00, 0., -2.09028206e+01,
    9.55000019e+00, 0., -2.08640194e+01, 9.60000038e+00, 0.,
    -2.08201199e+01, 9.64999962e+00, 0., -2.07906799e+01, 9.69999981e+00,
    0., -2.07558193e+01, 9.75000000e+00, 0., -2.07289791e+01,
    9.80000019e+00, 0., -2.06909809e+01, 9.85000038e+00, 0.,
    -2.06582203e+01, 9.89999962e+00, 0., -2.06248302e+01, 9.94999981e+00,
    0., -2.06022301e+01, 10., 0., -2.05746307e+01, 1.00500002e+01, 0.,
    -2.05462093e+01, 1.01000004e+01, 0., -2.05200500e+01, 1.01499996e+01,
    0., -2.04839401e+01, 1.01999998e+01, 0., -2.04443798e+01,
    1.02500000e+01, 0., -2.03969994e+01, 1.03000002e+01, 0.,
    -2.03660393e+01, 1.03500004e+01, 0., -2.03189201e+01, 1.03999996e+01,
    0., -2.02711601e+01, 1.04499998e+01, 0., -2.02125797e+01,
    1.05000000e+01, 0., -2.01696205e+01, 1.05500002e+01, 0.,
    -2.01172295e+01, 1.06000004e+01, 0., -2.00796299e+01, 1.06499996e+01,
    0., -2.00376492e+01, 1.06999998e+01, 0., -2.00203705e+01,
    1.07500000e+01, 0., -1.99995499e+01, 1.08000002e+01, 0.,
    -1.99838295e+01, 1.08500004e+01, 0., -1.99652195e+01, 1.08999996e+01,
    0., -1.99509792e+01, 1.09499998e+01, 0., -1.99324207e+01, 11., 0.,
    -1.99109993e+01, 1.10500002e+01, 0., -1.98853207e+01, 1.11000004e+01,
    0., -1.98544006e+01, 1.11499996e+01, 0., -1.98311195e+01,
    1.11999998e+01, 0., -1.97938499e+01, 1.12500000e+01, 0.,
    -1.97597294e+01, 1.13000002e+01, 0., -1.96996098e+01, 1.13500004e+01,
    0., -1.96422501e+01, 1.13999996e+01, 0., -1.95771503e+01,
    1.14499998e+01, 0., -1.95330296e+01, 1.15000000e+01, 0.,
