%YAML:1.0
---
profile: [ 1.19499998e+01, 0., -2.31977596e+01, 12., 0.,
    -2.32030792e+01, 1.20500002e+01, 0., -2.32058201e+01, 1.21000004e+01,
    0., -2.32058601e+01, 1.21499996e+01, 0., -2.31768703e+01,
    1.21999998e+01, 0., -2.31478806e+01, 1.22500000e+01, 0.,
    -2.31479607e+01, 1.23000002e+01, 0., -2.31480904e+01, 1.23500004e+01,
    0., -2.31481705e+01, 1.23999996e+01, 0., -2.31703091e+01,
    1.24499998e+01, 0., -2.31908607e+01, 1.25000000e+01, 0.,
    -2.31986599e+01, 1.25500002e+01, 0., -2.32053699e+01, 1.26000004e+01,
    0., -2.32099094e+01, 1.26499996e+01, 0., -2.32091904e+01,
    1.26999998e+01, 0., -2.32089500e+01, 1.27500000e+01, 0.,
    -2.32090702e+01, 1.28000002e+01, 0., -2.32084198e+01, 1.28500004e+01,
    0., -2.32079906e+01, 1.28999996e+01, 0., -2.32081108e+01,
    1.29499998e+01, 0., -2.31991997e+01, 13., 0., -2.31872406e+01,
    1.30500002e+01, 0., -2.31912403e+01, 1.31000004e+01, 0.,
    -2.31992607e+01, 1.31499996e+01, 0., -2.32047806e+01, 1.31999998e+01,
    0., -2.32023792e+01, 1.32500000e+01, 0., -2.31968994e+01,
    1.33000002e+01, 0., -2.32024193e+01, 1.33500004e+01, 0.,
    -2.32061996e+01, 1.33999996e+01, 0., -2.32054806e+01, 1.34499998e+01,
    0., -2.32002392e+01, 1.35000000e+01, 0., -2.31932507e+01,
    1.35500002e+01, 0., -2.31856899e+01, 1.36000004e+01, 0.,
    -2.31860809e+01, 1.36499996e+01, 0., -2.31983204e+01, 1.36999998e+01,
    0., -2.32024002e+01, 1.37500000e+01, 0., -2.32050991e+01,
    1.38000002e+01, 0., -2.32090607e+01, 1.38500004e+01, 0.,
    -2.32059402e+01, 1.38999996e+01, 0., -2.31991405e+01, 1.39499998e+01,
    0., -2.31983700e+01, 14., 0., -2.31991806e+01, 1.40500002e+01, 0.,
    -2.31993008e+01, 1.41000004e+01, 0., -2.31909008e+01, 1.41499996e+01,
    0., -2.31796207e+01, 1.41999998e+01, 0., -2.31769791e+01,
    1.42500000e+01, 0., -2.31794300e+01, 1.43000002e+01, 0.,
    -2.31839905e+01, 1.43500004e+01, 0., -2.31914902e+01, 1.43999996e+01,
    0., -2.31963196e+01, 1.44499998e+01, 0., -2.31903591e+01,
    1.45000000e+01, 0., -2.31882095e+01, 1.45500002e+01, 0.,
    -2.31928101e+01, 1.46000004e+01, 0., -2.31942196e+01, 1.46499996e+01,
    0., -2.31898994e+01, 1.46999998e+01, 0., -2.31809006e+01,
    1.47500000e+01, 0., -2.31788692e+01, 1.48000002e+01, 0.,
    -2.31821899e+01, 1.48500004e+01, 0., -2.31833191e+01, 1.48999996e+01,
    0., -2.31774597e+01, 1.49499998e+01, 0., -2.31653805e+01, 15., 0.,
    -2.31700802e+01, 1.50500002e+01, 0., -2.31842594e+01, 1.51000004e+01,
    0., -2.31837006e+01, 1.51499996e+01, 0., -2.31829605e+01,
    1.51999998e+01, 0., -2.31823196e+01, 1.52500000e+01, 0.,
    -2.31793194e+01, 1.53000002e+01, 0., -2.31755295e+01, 1.53500004e+01,
    0., -2.31719303e+01, 1.53999996e+01, 0., -2.31737309e+01,
    1.54499998e+01, 0., -2.31827698e+01, 1.55000000e+01, 0.,
    -2.31837502e+01, 1.55500002e+01, 0., -2.31818104e+01, 1.56000004e+01,
    0., -2.31794491e+01, 1.56499996e+01, 0., -2.31841698e+01,
    1.56999998e+01, 0., -2.31920891e+01, 1.57500000e+01, 0.,
    -2.31960793e+01, 1.58000002e+01, 0., -2.31976891e+01, 1.58500004e+01,
    0., -2.31978893e+01, 1.58999996e+01, 0., -2.31975098e+01,
    1.59499998e+01, 0., -2.31957397e+01, 16., 0., -2.31912994e+01,
    1.60499992e+01, 0., -2.31849899e+01, 1.61000004e+01, 0.,
    -2.31790295e+01, 1.61499996e+01, 0., -2.31769199e+01, 1.62000008e+01,
    0., -2.31763897e+01, 1.62500000e+01, 0., -2.31765099e+01,
    1.62999992e+01, 0., -2.31723003e+01, 1.63500004e+01, 0.,
    -2.31637001e+01, 1.63999996e+01, 0., -2.31639805e+01, 1.64500008e+01,
    0., -2.31671696e+01, 1.65000000e+01, 0., -2.31700096e+01,
    1.65499992e+01, 0., -2.31716003e+01, 1.66000004e+01, 0.,
    -2.31717606e+01, 1.66499996e+01, 0., -2.31808300e+01, 1.67000008e+01,
    0., -2.31907997e+01, 1.67500000e+01, 0., -2.31971607e+01,
    1.67999992e+01, 0., -2.31997204e+01, 1.68500004e+01, 0.,
    -2.32016697e+01, 1.68999996e+01, 0., -2.32053909e+01, 1.69500008e+01,
    0., -2.32074299e+01, 17., 0., -2.32076302e+01, 1.70499992e+01, 0.,
    -2.32079697e+01, 1.71000004e+01, 0., -2.32082806e+01, 1.71499996e+01,
    0., -2.32085209e+01, 1.72000008e+01, 0., -2.32088509e+01,
    1.72500000e+01, 0., -2.32090893e+01, 1.72999992e+01, 0.,
    -2.32085896e+01, 1.73500004e+01, 0., -2.32074795e+01, 1.73999996e+01,
    0., -2.32061996e+01, 1.74500008e+01, 0., -2.32024498e+01,
    1.75000000e+01, 0., -2.32010994e+01, 1.75499992e+01, 0.,
    -2.32119808e+01, 1.76000004e+01, 0., -2.32203007e+01, 1.76499996e+01,
    0., -2.32205391e+01, 1.77000008e+01, 0., -2.32208595e+01,
    1.77500000e+01, 0., -2.32211609e+01, 1.77999992e+01, 0.,
    -2.32213993e+01, 1.78500004e+01, 0., -2.31695309e+01, 1.78999996e+01,
    0., -2.31002102e+01, 1.79500008e+01, 0., -2.30398598e+01, 18., 0.,
    -2.30232601e+01, 1.80499992e+01, 0., -2.29996605e+01, 1.81000004e+01,
    0., -2.29793396e+01, 1.81499996e+01, 0., -2.29580898e+01,
    1.82000008e+01, 0., -2.29384499e+01, 1.82500000e+01, 0.,
    -2.29188099e+01, 1.82999992e+01, 0., -2.28920803e+01, 1.83500004e+01,
    0., -2.28638401e+01, 1.83999996e+01, 0., -2.28351192e+01,
    1.84500008e+01, 0., -2.28200397e+01, 1.85000000e+01, 0.,
    -2.27878704e+01, 1.85499992e+01, 0., -2.27550697e+01, 1.86000004e+01,
    0., -2.27197609e+01, 1.86499996e+01, 0., -2.26926804e+01,
    1.87000008e+01, 0., -2.26485596e+01, 1.87500000e+01, 0.,
    -2.26112804e+01, 1.87999992e+01, 0., -2.25721798e+01, 1.88500004e+01,
    0., -2.25355892e+01, 1.88999996e+01, 0., -2.25081902e+01,
    1.89500008e+01, 0., -2.24730301e+01, 19., 0., -2.24439507e+01,
    1.90499992e+01, 0., -2.24030609e+01, 1.91000004e+01, 0.,
    -2.23650608e+01, 1.91499996e+01, 0., -2.23370304e+01, 1.92000008e+01,
    0., -2.23380699e+01, 1.92500000e+01, 0., -2.23105297e+01,
    1.92999992e+01, 0., -2.22827301e+01, 1.93500004e+01, 0.,
    -2.22399597e+01, 1.93999996e+01, 0., -2.21972694e+01, 1.94500008e+01,
    0., -2.21698303e+01, 1.95000000e+01, 0., -2.21370697e+01,
    1.95499992e+01, 0., -2.21127110e+01, 1.96000004e+01, 0.,
    -2.20760994e+01, 1.96499996e+01, 0., -2.20395393e+01, 1.97000008e+01,
    0., -2.19963608e+01, 1.97500000e+01, 0., -2.19631596e+01,
    1.97999992e+01, 0., -2.19363003e+01, 1.98500004e+01, 0.,
    -2.19226608e+01, 1.98999996e+01, 0., -2.18949203e+01, 1.99500008e+01,
    0., -2.18628407e+01, 20., 0., -2.18318005e+01, 2.00499992e+01, 0.,
    -2.17928009e+01, 2.01000004e+01, 0., -2.17609596e+01, 2.01499996e+01,
    0., -2.17178192e+01, 2.02000008e+01, 0., -2.16794205e+01,
    2.02500000e+01, 0., -2.16299992e+01, 2.02999992e+01, 0.,
    -2.15888805e+01, 2.03500004e+01, 0., -2.15546207e+01, 2.03999996e+01,
    0., -2.15479393e+01, 2.04500008e+01, 0., -2.15227108e+01,
    2.05000000e+01, 0., -2.14991894e+01, 2.05499992e+01, 0.,
    -2.14554100e+01, 2.06000004e+01, 0., -2.14105797e+01, 2.06499996e+01,
    0., -2.13829803e+01, 2.07000008e+01, 0., -2.13506393e+01,
    2.07500000e+01, 0., -2.13317604e+01, 2.07999992e+01, 0.,
    -2.12848396e+01, 2.08500004e+01, 0., -2.12193203e+01, 2.08999996e+01,
    0., -2.11702709e+01, 2.09500008e+01, 0., -2.11703892e+01, 21., 0.,
    -2.11705799e+01, 2.10499992e+01, 0., -2.11588898e+01, 2.11000004e+01,
    0., -2.11116505e+01, 2.11499996e+01, 0., -2.10546093e+01,
    2.12000008e+01, 0., -2.10155296e+01, 2.12500000e+01, 0.,
    -2.09764996e+01, 2.12999992e+01, 0., -2.09766197e+01, 2.13500004e+01,
    0., -2.09768200e+01, 2.13999996e+01, 0., -2.09769402e+01,
    2.14500008e+01, 0., -2.09169292e+01, 2.15000000e+01, 0.,
    -2.08568897e+01, 2.15499992e+01, 0., -2.08064194e+01, 2.16000004e+01,
    0., -2.07792606e+01, 2.16499996e+01, 0., -2.07324104e+01,
    2.17000008e+01, 0., -2.06809196e+01, 2.17500000e+01, 0.,
    -2.06352406e+01, 2.17999992e+01, 0., -2.05886497e+01, 2.18500004e+01,
    0., -2.05850506e+01, 2.18999996e+01, 0., -2.05752201e+01,
    2.19500008e+01, 0., -2.05609798e+01, 22., 0., -2.05266991e+01,
    2.20499992e+01, 0., -2.04904995e+01, 2.21000004e+01, 0.,
    -2.04580593e+01, 2.21499996e+01, 0., -2.04301891e+01, 2.22000008e+01,
