%YAML:1.0
---
profile: [ 10., 0., -2.31986008e+01, 1.00500002e+01, 0.,
    -2.32066402e+01, 1.01000004e+01, 0., -2.32087803e+01, 1.01499996e+01,
    0., -2.32082806e+01, 1.01999998e+01, 0., -2.32057991e+01,
    1.02500000e+01, 0., -2.32086792e+01, 1.03000002e+01, 0.,
    -2.32141991e+01, 1.03500004e+01, 0., -2.32139797e+01, 1.03999996e+01,
    0., -2.32128201e+01, 1.04499998e+01, 0., -2.32129402e+01,
    1.05000000e+01, 0., -2.32073002e+01, 1.05500002e+01, 0.,
    -2.31996994e+01, 1.06000004e+01, 0., -2.31970406e+01, 1.06499996e+01,
    0., -2.31988602e+01, 1.06999998e+01, 0., -2.32035408e+01,
    1.07500000e+01, 0., -2.32066193e+01, 1.08000002e+01, 0.,
    -2.32073593e+01, 1.08500004e+01, 0., -2.32066402e+01, 1.08999996e+01,
    0., -2.32061005e+01, 1.09499998e+01, 0., -2.32061005e+01, 11., 0.,
    -2.31999397e+01, 1.10500002e+01, 0., -2.31920605e+01, 1.11000004e+01,
    0., -2.31853008e+01, 1.11499996e+01, 0., -2.31832504e+01,
    1.11999998e+01, 0., -2.31893692e+01, 1.12500000e+01, 0.,
    -2.31977100e+01, 1.13000002e+01, 0., -2.32024097e+01, 1.13500004e+01,
    0., -2.32016106e+01, 1.13999996e+01, 0., -2.31998100e+01,
    1.14499998e+01, 0., -2.31966496e+01, 1.15000000e+01, 0.,
    -2.31914101e+01, 1.15500002e+01, 0., -2.31896400e+01, 1.16000004e+01,
    0., -2.31940403e+01, 1.16499996e+01, 0., -2.31962395e+01,
    1.16999998e+01, 0., -2.31933708e+01, 1.17500000e+01, 0.,
    -2.31820107e+01, 1.18000002e+01, 0., -2.31735096e+01, 1.18500004e+01,
    0., -2.31735497e+01, 1.18999996e+01, 0., -2.31769295e+01,
    1.19499998e+01, 0., -2.31802292e+01, 12., 0., -2.31756706e+01,
    1.20500002e+01, 0., -2.31727600e+01, 1.21000004e+01, 0.,
    -2.31736794e+01, 1.21499996e+01, 0., -2.31678295e+01, 1.21999998e+01,
    0., -2.31615295e+01, 1.22500000e+01, 0., -2.31607704e+01,
    1.23000002e+01, 0., -2.31639099e+01, 1.23500004e+01, 0.,
    -2.31685905e+01, 1.23999996e+01, 0., -2.31769409e+01, 1.24499998e+01,
    0., -2.31792603e+01, 1.25000000e+01, 0., -2.31732197e+01,
    1.25500002e+01, 0., -2.31735992e+01, 1.26000004e+01, 0.,
    -2.31737309e+01, 1.26499996e+01, 0., -2.31561699e+01, 1.26999998e+01,
    0., -2.31549397e+01, 1.27500000e+01, 0., -2.31788597e+01,
    1.28000002e+01, 0., -2.31850204e+01, 1.28500004e+01, 0.,
    -2.31852207e+01, 1.28999996e+01, 0., -2.31853809e+01, 1.29499998e+01,
    0., -2.31691399e+01, 13., 0., -2.31473808e+01, 1.30500002e+01, 0.,
    -2.31531296e+01, 1.31000004e+01, 0., -2.31762295e+01, 1.31499996e+01,
    0., -2.31799107e+01, 1.31999998e+01, 0., -2.31789894e+01,
    1.32500000e+01, 0., -2.31753101e+01, 1.33000002e+01, 0.,
    -2.31745205e+01, 1.33500004e+01, 0., -2.31731491e+01, 1.33999996e+01,
    0., -2.31702309e+01, 1.34499998e+01, 0., -2.31708107e+01,
    1.35000000e+01, 0., -2.31737995e+01, 1.35500002e+01, 0.,
    -2.31746807e+01, 1.36000004e+01, 0., -2.31732006e+01, 1.36499996e+01,
    0., -2.31689205e+01, 1.36999998e+01, 0., -2.31733494e+01,
    1.37500000e+01, 0., -2.31786404e+01, 1.38000002e+01, 0.,
    -2.31778793e+01, 1.38500004e+01, 0., -2.31775608e+01, 1.38999996e+01,
    0., -2.31776409e+01, 1.39499998e+01, 0., -2.31786804e+01, 14., 0.,
    -2.31775398e+01, 1.40500002e+01, 0., -2.31738205e+01, 1.41000004e+01,
    0., -2.31766796e+01, 1.41499996e+01, 0., -2.31830502e+01,
    1.41999998e+01, 0., -2.31831703e+01, 1.42500000e+01, 0.,
    -2.31842804e+01, 1.43000002e+01, 0., -2.31861992e+01, 1.43500004e+01,
    0., -2.31837997e+01, 1.43999996e+01, 0., -2.31801395e+01,
    1.44499998e+01, 0., -2.31772594e+01, 1.45000000e+01, 0.,
    -2.31743107e+01, 1.45500002e+01, 0., -2.31727905e+01, 1.46000004e+01,
    0., -2.31741791e+01, 1.46499996e+01, 0., -2.31777802e+01,
    1.46999998e+01, 0., -2.31850605e+01, 1.47500000e+01, 0.,
    -2.31894703e+01, 1.48000002e+01, 0., -2.31904697e+01, 1.48500004e+01,
    0., -2.31927795e+01, 1.48999996e+01, 0., -2.31947803e+01,
    1.49499998e+01, 0., -2.31957798e+01, 15., 0., -2.31978092e+01,
    1.50500002e+01, 0., -2.31991005e+01, 1.51000004e+01, 0.,
    -2.31962605e+01, 1.51499996e+01, 0., -2.31941795e+01, 1.51999998e+01,
    0., -2.31944199e+01, 1.52500000e+01, 0., -2.31877995e+01,
    1.53000002e+01, 0., -2.31793804e+01, 1.53500004e+01, 0.,
    -2.31727009e+01, 1.53999996e+01, 0., -2.31608105e+01, 1.54499998e+01,
    0., -2.31471691e+01, 1.55000000e+01, 0., -2.31295509e+01,
    1.55500002e+01, 0., -2.31151505e+01, 1.56000004e+01, 0.,
    -2.30741005e+01, 1.56499996e+01, 0., -2.30366592e+01, 1.56999998e+01,
    0., -2.30115700e+01, 1.57500000e+01, 0., -2.29879494e+01,
    1.58000002e+01, 0., -2.29566307e+01, 1.58500004e+01, 0.,
    -2.29309006e+01, 1.58999996e+01, 0., -2.29265003e+01, 1.59499998e+01,
    0., -2.29094296e+01, 16., 0., -2.28896294e+01, 1.60499992e+01, 0.,
    -2.28687000e+01, 1.61000004e+01, 0., -2.28440800e+01, 1.61499996e+01,
    0., -2.28095207e+01, 1.62000008e+01, 0., -2.27703705e+01,
    1.62500000e+01, 0., -2.27520905e+01, 1.62999992e+01, 0.,
    -2.27276707e+01, 1.63500004e+01, 0., -2.27063103e+01, 1.63999996e+01,
    0., -2.26761494e+01, 1.64500008e+01, 0., -2.26501904e+01,
    1.65000000e+01, 0., -2.26132393e+01, 1.65499992e+01, 0.,
    -2.25827999e+01, 1.66000004e+01, 0., -2.25384808e+01, 1.66499996e+01,
    0., -2.24951801e+01, 1.67000008e+01, 0., -2.24687405e+01,
    1.67500000e+01, 0., -2.24356403e+01, 1.67999992e+01, 0.,
    -2.24090805e+01, 1.68500004e+01, 0., -2.23765793e+01, 1.68999996e+01,
    0., -2.23514595e+01, 1.69500008e+01, 0., -2.23211193e+01, 17., 0.,
    -2.22974396e+01, 1.70499992e+01, 0., -2.22597198e+01, 1.71000004e+01,
    0., -2.22252407e+01, 1.71499996e+01, 0., -2.21891899e+01,
    1.72000008e+01, 0., -2.21641102e+01, 1.72500000e+01, 0.,
    -2.21320400e+01, 1.72999992e+01, 0., -2.20985794e+01, 1.73500004e+01,
    0., -2.20681801e+01, 1.73999996e+01, 0., -2.20312805e+01,
    1.74500008e+01, 0., -2.20055599e+01, 1.75000000e+01, 0.,
    -2.19733391e+01, 1.75499992e+01, 0., -2.19475403e+01, 1.76000004e+01,
    0., -2.19082603e+01, 1.76499996e+01, 0., -2.18731003e+01,
    1.77000008e+01, 0., -2.18327999e+01, 1.77500000e+01, 0.,
    -2.18025208e+01, 1.77999992e+01, 0., -2.17733803e+01, 1.78500004e+01,
    0., -2.17518597e+01, 1.78999996e+01, 0., -2.17259998e+01,
    1.79500008e+01, 0., -2.16953506e+01, 18., 0., -2.16544304e+01,
    1.80499992e+01, 0., -2.16116409e+01, 1.81000004e+01, 0.,
    -2.15874405e+01, 1.81499996e+01, 0., -2.15517807e+01, 1.82000008e+01,
    0., -2.15168991e+01, 1.82500000e+01, 0., -2.14753094e+01,
    1.82999992e+01, 0., -2.14431095e+01, 1.83500004e+01, 0.,
    -2.14082603e+01, 1.83999996e+01, 0., -2.13833408e+01, 1.84500008e+01,
    0., -2.13494797e+01, 1.85000000e+01, 0., -2.13219204e+01,
    1.85499992e+01, 0., -2.12840691e+01, 1.86000004e+01, 0.,
    -2.12473392e+01, 1.86499996e+01, 0., -2.12239399e+01, 1.87000008e+01,
    0., -2.11927700e+01, 1.87500000e+01, 0., -2.11655693e+01,
    1.87999992e+01, 0., -2.11374092e+01, 1.88500004e+01, 0.,
    -2.11180096e+01, 1.88999996e+01, 0., -2.10817108e+01, 1.89500008e+01,
    0., -2.10463104e+01, 19., 0., -2.10133591e+01, 1.90499992e+01, 0.,
    -2.09815006e+01, 1.91000004e+01, 0., -2.09506207e+01, 1.91499996e+01,
    0., -2.09127808e+01, 1.92000008e+01, 0., -2.08849792e+01,
    1.92500000e+01, 0., -2.08469791e+01, 1.92999992e+01, 0.,
    -2.08127403e+01, 1.93500004e+01, 0., -2.07733994e+01, 1.93999996e+01,
    0., -2.07462406e+01, 1.94500008e+01, 0., -2.07111893e+01,
    1.95000000e+01, 0., -2.06825905e+01, 1.95499992e+01, 0.,
    -2.06492290e+01, 1.96000004e+01, 0., -2.06230698e+01, 1.96499996e+01,
    0., -2.05809593e+01, 1.97000008e+01, 0., -2.05400791e+01,
    1.97500000e+01, 0., -2.05186405e+01, 1.97999992e+01, 0.,
    -2.04901905e+01, 1.98500004e+01, 0., -2.04623108e+01, 1.98999996e+01,
    0., -2.04285793e+01, 1.99500008e+01, 0., -2.04029408e+01, 20., 0.,
    -2.03692093e+01, 2.00499992e+01, 0., -2.03413296e+01, 2.01000004e+01,
    0., -2.03088608e+01, 2.01499996e+01, 0., -2.02834206e+01,
    2.02000008e+01, 0., -2.02483692e+01, 2.02500000e+01, 0.,
