%YAML:1.0
---
profile: [ 5.00000007e-02, 0., -2.07617702e+01, 1.00000001e-01, 0.,
    -2.07334900e+01, 1.50000006e-01, 0., -2.07073994e+01, 2.00000003e-01,
    0., -2.06915207e+01, 2.50000000e-01, 0., -2.06492691e+01,
    3.00000012e-01, 0., -2.06110306e+01, 3.49999994e-01, 0.,
    -2.05731907e+01, 4.00000006e-01, 0., -2.05449104e+01, 4.49999988e-01,
    0., -2.05197201e+01, 5.00000000e-01, 0., -2.04913406e+01,
    5.50000012e-01, 0., -2.04504604e+01, 6.00000024e-01, 0.,
    -2.04006004e+01, 6.49999976e-01, 0., -2.03649597e+01, 6.99999988e-01,
    0., -2.03210506e+01, 7.50000000e-01, 0., -2.02880898e+01,
    8.00000012e-01, 0., -2.02480907e+01, 8.50000024e-01, 0.,
    -2.02199707e+01, 8.99999976e-01, 0., -2.01847305e+01, 9.49999988e-01,
    0., -2.01564903e+01, 1., 0., -2.01249905e+01, 1.04999995e+00, 0.,
    -2.01120300e+01, 1.10000002e+00, 0., -2.00797596e+01, 1.14999998e+00,
    0., -2.00454006e+01, 1.20000005e+00, 0., -2.00022106e+01,
    1.25000000e+00, 0., -1.99674492e+01, 1.29999995e+00, 0.,
    -1.99387493e+01, 1.35000002e+00, 0., -1.99236698e+01, 1.39999998e+00,
    0., -1.98897209e+01, 1.45000005e+00, 0., -1.98596001e+01,
    1.50000000e+00, 0., -1.98191204e+01, 1.54999995e+00, 0.,
    -1.97861996e+01, 1.60000002e+00, 0., -1.97560501e+01, 1.64999998e+00,
    0., -1.97226295e+01, 1.70000005e+00, 0., -1.96767902e+01,
    1.75000000e+00, 0., -1.96309509e+01, 1.79999995e+00, 0.,
    -1.95907497e+01, 1.85000002e+00, 0., -1.95583401e+01, 1.89999998e+00,
    0., -1.95435791e+01, 1.95000005e+00, 0., -1.95200405e+01, 2., 0.,
    -1.94852409e+01, 2.04999995e+00, 0., -1.94438095e+01, 2.09999990e+00,
    0., -1.94174099e+01, 2.15000010e+00, 0., -1.93843708e+01,
    2.20000005e+00, 0., -1.93579693e+01, 2.25000000e+00, 0.,
    -1.93181591e+01, 2.29999995e+00, 0., -1.92826805e+01, 2.34999990e+00,
    0., -1.92424698e+01, 2.40000010e+00, 0., -1.92153492e+01,
    2.45000005e+00, 0., -1.91893692e+01, 2.50000000e+00, 0.,
    -1.91728096e+01, 2.54999995e+00, 0., -1.91460991e+01, 2.59999990e+00,
    0., -1.91172199e+01, 2.65000010e+00, 0., -1.90919399e+01,
    2.70000005e+00, 0., -1.90613708e+01, 2.75000000e+00, 0.,
    -1.90403709e+01, 2.79999995e+00, 0., -1.90102692e+01, 2.84999990e+00,
    0., -1.89815903e+01, 2.90000010e+00, 0., -1.89465694e+01,
    2.95000005e+00, 0., -1.89195709e+01, 3., 0., -1.88876495e+01,
    3.04999995e+00, 0., -1.88630905e+01, 3.09999990e+00, 0.,
    -1.88247604e+01, 3.15000010e+00, 0., -1.87901192e+01, 3.20000005e+00,
    0., -1.87467709e+01, 3.25000000e+00, 0., -1.87121696e+01,
    3.29999995e+00, 0., -1.86706905e+01, 3.34999990e+00, 0.,
    -1.86384506e+01, 3.40000010e+00, 0., -1.86086502e+01, 3.45000005e+00,
    0., -1.85823898e+01, 3.50000000e+00, 0., -1.85644302e+01,
    3.54999995e+00, 0., -1.85370693e+01, 3.59999990e+00, 0.,
    -1.84997101e+01, 3.65000010e+00, 0., -1.84620094e+01, 3.70000005e+00,
    0., -1.84427700e+01, 3.75000000e+00, 0., -1.84129505e+01,
    3.79999995e+00, 0., -1.83823109e+01, 3.84999990e+00, 0.,
    -1.83486195e+01, 3.90000010e+00, 0., -1.83241405e+01, 3.95000005e+00,
    0., -1.82933903e+01, 4., 0., -1.82687492e+01, 4.05000019e+00, 0.,
    -1.82306309e+01, 4.09999990e+00, 0., -1.81987095e+01, 4.15000010e+00,
    0., -1.81549606e+01, 4.19999981e+00, 0., -1.81191998e+01,
    4.25000000e+00, 0., -1.80802402e+01, 4.30000019e+00, 0.,
    -1.80442791e+01, 4.34999990e+00, 0., -1.80203209e+01, 4.40000010e+00,
    0., -1.79873695e+01, 4.44999981e+00, 0., -1.79516106e+01,
    4.50000000e+00, 0., -1.79104900e+01, 4.55000019e+00, 0.,
    -1.78818893e+01, 4.59999990e+00, 0., -1.78533192e+01, 4.65000010e+00,
    0., -1.78390808e+01, 4.69999981e+00, 0., -1.78080807e+01,
    4.75000000e+00, 0., -1.77762394e+01, 4.80000019e+00, 0.,
    -1.77418804e+01, 4.84999990e+00, 0., -1.77173996e+01, 4.90000010e+00,
    0., -1.76826897e+01, 4.94999981e+00, 0., -1.76541691e+01, 5., 0.,
    -1.76223602e+01, 5.05000019e+00, 0., -1.75910301e+01, 5.09999990e+00,
    0., -1.75643101e+01, 5.15000010e+00, 0., -1.75316505e+01,
    5.19999981e+00, 0., -1.75064507e+01, 5.25000000e+00, 0.,
    -1.74711704e+01, 5.30000019e+00, 0., -1.74384098e+01, 5.34999990e+00,
    0., -1.74031200e+01, 5.40000010e+00, 0., -1.73780003e+01,
    5.44999981e+00, 0., -1.73421707e+01, 5.50000000e+00, 0.,
    -1.73112507e+01, 5.55000019e+00, 0., -1.72845802e+01, 5.59999990e+00,
    0., -1.72697392e+01, 5.65000010e+00, 0., -1.72270203e+01,
    5.69999981e+00, 0., -1.71880608e+01, 5.75000000e+00, 0.,
    -1.71517200e+01, 5.80000019e+00, 0., -1.71187992e+01, 5.84999990e+00,
    0., -1.70935593e+01, 5.90000010e+00, 0., -1.70581493e+01,
    5.94999981e+00, 0., -1.70251904e+01, 6., 0., -1.69866695e+01,
    6.05000019e+00, 0., -1.69591503e+01, 6.09999990e+00, 0.,
    -1.69258804e+01, 6.15000010e+00, 0., -1.69007206e+01, 6.19999981e+00,
    0., -1.68546600e+01, 6.25000000e+00, 0., -1.68100605e+01,
    6.30000019e+00, 0., -1.67677498e+01, 6.34999990e+00, 0.,
    -1.67411499e+01, 6.40000010e+00, 0., -1.67056103e+01, 6.44999981e+00,
    0., -1.66767292e+01, 6.50000000e+00, 0., -1.66495209e+01,
    6.55000019e+00, 0., -1.66204300e+01, 6.59999990e+00, 0.,
    -1.65838299e+01, 6.65000010e+00, 0., -1.65442505e+01, 6.69999981e+00,
    0., -1.65324898e+01, 6.75000000e+00, 0., -1.65074100e+01,
    6.80000019e+00, 0., -1.64749298e+01, 6.84999990e+00, 0.,
    -1.64406605e+01, 6.90000010e+00, 0., -1.64166603e+01, 6.94999981e+00,
    0., -1.63785706e+01, 7., 0., -1.63438892e+01, 7.05000019e+00, 0.,
    -1.63050995e+01, 7.09999990e+00, 0., -1.62749805e+01, 7.15000010e+00,
    0., -1.62401791e+01, 7.19999981e+00, 0., -1.62129803e+01,
    7.25000000e+00, 0., -1.61678696e+01, 7.30000019e+00, 0.,
    -1.61245098e+01, 7.34999990e+00, 0., -1.61043091e+01, 7.40000010e+00,
    0., -1.60762596e+01, 7.44999981e+00, 0., -1.60450592e+01,
    7.50000000e+00, 0., -1.60076103e+01, 7.55000019e+00, 0.,
    -1.59795704e+01, 7.59999990e+00, 0., -1.59468002e+01, 7.65000010e+00,
    0., -1.59233999e+01, 7.69999981e+00, 0., -1.58820601e+01,
    7.75000000e+00, 0., -1.58426199e+01, 7.80000019e+00, 0.,
    -1.57959404e+01, 7.84999990e+00, 0., -1.57600603e+01, 7.90000010e+00,
    0., -1.57051897e+01, 7.94999981e+00, 0., -1.56559496e+01, 8., 0.,
    -1.55911798e+01, 8.05000019e+00, 0., -1.55376596e+01, 8.10000038e+00,
    0., -1.54686804e+01, 8.14999962e+00, 0., -1.54124002e+01,
    8.19999981e+00, 0., -1.53404799e+01, 8.25000000e+00, 0.,
    -1.52782402e+01, 8.30000019e+00, 0., -1.52102604e+01, 8.35000038e+00,
    0., -1.51875401e+01, 8.39999962e+00, 0., -1.51641703e+01,
    8.44999981e+00, 0., -1.51618099e+01, 8.50000000e+00, 0.,
    -1.51745596e+01, 8.55000019e+00, 0., -1.51978397e+01, 8.60000038e+00,
    0., -1.52164402e+01, 8.64999962e+00, 0., -1.52296400e+01,
    8.69999981e+00, 0., -1.52322598e+01, 8.75000000e+00, 0.,
    -1.52221003e+01, 8.80000019e+00, 0., -1.52046099e+01, 8.85000038e+00,
    0., -1.51848898e+01, 8.89999962e+00, 0., -1.51488400e+01,
    8.94999981e+00, 0., -1.51139202e+01, 9., 0., -1.50739698e+01,
    9.05000019e+00, 0., -1.50440102e+01, 9.10000038e+00, 0.,
    -1.50116100e+01, 9.14999962e+00, 0., -1.49791403e+01, 9.19999981e+00,
    0., -1.49487801e+01, 9.25000000e+00, 0., -1.49132299e+01,
    9.30000019e+00, 0., -1.48927898e+01, 9.35000038e+00, 0.,
    -1.48610201e+01, 9.39999962e+00, 0., -1.48281403e+01, 9.44999981e+00,
    0., -1.47985697e+01, 9.50000000e+00, 0., -1.47810898e+01,
    9.55000019e+00, 0., -1.47411699e+01, 9.60000038e+00, 0.,
    -1.46996498e+01, 9.64999962e+00, 0., -1.46594200e+01, 9.69999981e+00,
    0., -1.46295795e+01, 9.75000000e+00, 0., -1.45885897e+01,
    9.80000019e+00, 0., -1.45457802e+01, 9.85000038e+00, 0.,
    -1.45088997e+01, 9.89999962e+00, 0., -1.44661398e+01, 9.94999981e+00,
    0., -1.44428596e+01, 10., 0., -1.44115000e+01, 1.00500002e+01, 0.,
    -1.43837004e+01, 1.01000004e+01, 0., -1.43456898e+01, 1.01499996e+01,
    0., -1.43114901e+01, 1.01999998e+01, 0., -1.42824402e+01,
    1.02500000e+01, 0., -1.42665195e+01, 1.03000002e+01, 0.,
