%YAML:1.0
---
profile: [ 2.2065000000000001e+02, 0., -1.2683000000000000e-01,
    2.2070000000000002e+02, 0., -1.1315000000000000e-01,
    2.2075000000000000e+02, 0., -7.4829999999999994e-02,
    2.2080000000000001e+02, 0., -2.8870000000000000e-02,
    2.2085000000000002e+02, 0., -1.2910000000000000e-02,
    2.2090000000000001e+02, 0., 2.3930000000000000e-02,
    2.2095000000000002e+02, 0., 7.3529999999999998e-02, 221., 0.,
    1.3131000000000001e-01, 2.2105000000000001e+02, 0.,
    1.9062000000000001e-01, 2.2110000000000002e+02, 0.,
    2.4629999999999999e-01, 2.2115000000000001e+02, 0.,
    3.0814999999999998e-01, 2.2120000000000002e+02, 0.,
    3.5347000000000001e-01, 2.2125000000000000e+02, 0.,
    3.7925999999999999e-01, 2.2130000000000001e+02, 0.,
    4.1348000000000001e-01, 2.2135000000000002e+02, 0.,
    4.6020000000000000e-01, 2.2140000000000001e+02, 0.,
    5.0410999999999995e-01, 2.2145000000000002e+02, 0.,
    5.4315999999999998e-01, 2.2150000000000000e+02, 0.,
    5.8972000000000002e-01, 2.2155000000000001e+02, 0.,
    6.4795000000000003e-01, 2.2160000000000002e+02, 0.,
    6.9455000000000000e-01, 2.2165000000000001e+02, 0.,
    7.6110000000000000e-01, 2.2170000000000002e+02, 0.,
    8.2091999999999998e-01, 2.2175000000000000e+02, 0.,
    8.5816000000000003e-01, 2.2180000000000001e+02, 0.,
    9.1112000000000004e-01, 2.2185000000000002e+02, 0.,
    9.6538000000000002e-01, 2.2190000000000001e+02, 0.,
    9.9929999999999997e-01, 2.2195000000000002e+02, 0.,
    1.0453200000000000e+00, 222., 0., 1.0864799999999999e+00,
    2.2205000000000001e+02, 0., 1.1346099999999999e+00,
    2.2210000000000002e+02, 0., 1.1848099999999999e+00,
    2.2215000000000001e+02, 0., 1.2340899999999999e+00,
    2.2220000000000002e+02, 0., 1.2866800000000000e+00,
    2.2225000000000000e+02, 0., 1.3239200000000000e+00,
    2.2230000000000001e+02, 0., 1.3695999999999999e+00,
    2.2235000000000002e+02, 0., 1.4249400000000001e+00,
    2.2240000000000001e+02, 0., 1.4810600000000000e+00,
    2.2245000000000002e+02, 0., 1.5255399999999999e+00,
    2.2250000000000000e+02, 0., 1.5715600000000001e+00,
    2.2255000000000001e+02, 0., 1.6336400000000000e+00,
    2.2260000000000002e+02, 0., 1.6790600000000000e+00,
    2.2265000000000001e+02, 0., 1.6982200000000001e+00,
    2.2270000000000002e+02, 0., 1.7295199999999999e+00,
    2.2275000000000000e+02, 0., 1.7686800000000000e+00,
    2.2280000000000001e+02, 0., 1.8072400000000000e+00,
    2.2285000000000002e+02, 0., 1.8525799999999999e+00,
    2.2290000000000001e+02, 0., 1.8996100000000000e+00,
    2.2295000000000002e+02, 0., 1.9449300000000000e+00, 223., 0.,
    2.0033099999999999e+00, 2.2305000000000001e+02, 0.,
    2.0617800000000002e+00, 2.2310000000000002e+02, 0.,
    2.1053799999999998e+00, 2.2315000000000001e+02, 0.,
    2.1566100000000001e+00, 2.2320000000000002e+02, 0.,
    2.1935699999999998e+00, 2.2325000000000000e+02, 0.,
    2.2405700000000000e+00, 2.2330000000000001e+02, 0.,
    2.2890000000000001e+00, 2.2335000000000002e+02, 0.,
    2.3292799999999998e+00, 2.2340000000000001e+02, 0.,
    2.3844400000000001e+00, 2.2345000000000002e+02, 0.,
    2.4410200000000000e+00, 2.2350000000000000e+02, 0.,
    2.4805400000000000e+00, 2.2355000000000001e+02, 0.,
    2.5290400000000002e+00, 2.2360000000000002e+02, 0.,
    2.5666400000000000e+00, 2.2365000000000001e+02, 0.,
    2.6136400000000002e+00, 2.2370000000000002e+02, 0.,
    2.6573199999999999e+00, 2.2375000000000000e+02, 0.,
    2.6882000000000001e+00, 2.2380000000000001e+02, 0.,
    2.7312799999999999e+00, 2.2385000000000002e+02, 0.,
    2.7791600000000001e+00, 2.2390000000000001e+02, 0.,
    2.8234800000000000e+00, 2.2395000000000002e+02, 0.,
    2.8742100000000002e+00, 224., 0., 2.9122499999999998e+00,
    2.2405000000000001e+02, 0., 2.9751099999999999e+00,
    2.2410000000000002e+02, 0., 3.0360700000000000e+00,
    2.2415000000000001e+02, 0., 3.0780300000000000e+00,
    2.2420000000000002e+02, 0., 3.1311700000000000e+00,
    2.2425000000000000e+02, 0., 3.1852600000000000e+00,
    2.2430000000000001e+02, 0., 3.2309000000000001e+00,
    2.2435000000000002e+02, 0., 3.2852299999999999e+00,
    2.2440000000000001e+02, 0., 3.3271899999999999e+00,
    2.2445000000000002e+02, 0., 3.3765700000000001e+00,
    2.2450000000000000e+02, 0., 3.4240900000000001e+00,
    2.2455000000000001e+02, 0., 3.4607700000000001e+00,
    2.2460000000000002e+02, 0., 3.5059600000000000e+00,
    2.2465000000000001e+02, 0., 3.5536900000000000e+00,
    2.2470000000000002e+02, 0., 3.6007300000000000e+00,
    2.2475000000000000e+02, 0., 3.6568000000000001e+00,
    2.2480000000000001e+02, 0., 3.7101400000000000e+00,
    2.2485000000000002e+02, 0., 3.7499400000000001e+00,
    2.2490000000000001e+02, 0., 3.8015099999999999e+00,
    2.2495000000000002e+02, 0., 3.8448300000000000e+00, 225., 0.,
    3.8922099999999999e+00, 2.2505000000000001e+02, 0.,
    3.9375399999999998e+00, 2.2510000000000002e+02, 0.,
    3.9733800000000001e+00, 2.2515000000000001e+02, 0.,
    4.0201099999999999e+00, 2.2520000000000002e+02, 0.,
    4.0726300000000002e+00, 2.2525000000000000e+02, 0.,
    4.1314700000000002e+00, 2.2530000000000001e+02, 0.,
    4.1988000000000003e+00, 2.2535000000000002e+02, 0.,
    4.2589800000000002e+00, 2.2540000000000001e+02, 0.,
    4.2973800000000004e+00, 2.2545000000000002e+02, 0.,
    4.3425799999999999e+00, 2.2550000000000000e+02, 0.,
    4.3752599999999999e+00, 2.2555000000000001e+02, 0.,
    4.4168500000000002e+00, 2.2560000000000002e+02, 0.,
    4.4611400000000003e+00, 2.2565000000000001e+02, 0.,
    4.4995399999999997e+00, 2.2570000000000002e+02, 0.,
    4.5438099999999997e+00, 2.2575000000000000e+02, 0.,
    4.5876299999999999e+00, 2.2580000000000001e+02, 0.,
    4.6292299999999997e+00, 2.2585000000000002e+02, 0.,
    4.6806599999999996e+00, 2.2590000000000001e+02, 0.,
    4.7320200000000003e+00, 2.2595000000000002e+02, 0.,
    4.7742199999999997e+00, 226., 0., 4.8273500000000000e+00,
    2.2605000000000001e+02, 0., 4.8702699999999997e+00,
    2.2610000000000002e+02, 0., 4.9232199999999997e+00,
    2.2615000000000001e+02, 0., 4.9752900000000002e+00,
    2.2620000000000002e+02, 0., 5.0160900000000002e+00,
    2.2625000000000000e+02, 0., 5.0675299999999996e+00,
    2.2630000000000001e+02, 0., 5.1177900000000003e+00,
    2.2635000000000002e+02, 0., 5.1532299999999998e+00,
    2.2640000000000001e+02, 0., 5.1936900000000001e+00,
    2.2645000000000002e+02, 0., 5.2341100000000003e+00,
    2.2650000000000000e+02, 0., 5.2747099999999998e+00,
    2.2655000000000001e+02, 0., 5.3274600000000003e+00,
    2.2660000000000002e+02, 0., 5.3707000000000003e+00,
    2.2665000000000001e+02, 0., 5.4383999999999997e+00,
    2.2670000000000002e+02, 0., 5.5049900000000003e+00,
    2.2675000000000000e+02, 0., 5.5529099999999998e+00,
    2.2680000000000001e+02, 0., 5.6030300000000004e+00,
    2.2685000000000002e+02, 0., 5.6496399999999998e+00,
    2.2690000000000001e+02, 0., 5.6835599999999999e+00,
    2.2695000000000002e+02, 0., 5.7265100000000002e+00, 227., 0.,
    5.7690900000000003e+00, 2.2705000000000001e+02, 0.,
    5.8008100000000002e+00, 2.2710000000000002e+02, 0.,
    5.8432199999999996e+00, 2.2715000000000001e+02, 0.,
    5.8871099999999998e+00, 2.2720000000000002e+02, 0.,
    5.9212300000000004e+00, 2.2725000000000000e+02, 0.,
    5.9719300000000004e+00, 2.2730000000000001e+02, 0.,
    6.0220099999999999e+00, 2.2735000000000002e+02, 0.,
    6.0846499999999999e+00, 2.2740000000000001e+02, 0.,
    6.1439199999999996e+00, 2.2745000000000002e+02, 0.,
    6.1873199999999997e+00, 2.2750000000000000e+02, 0.,
    6.2290500000000000e+00, 2.2755000000000001e+02, 0.,
    6.2699199999999999e+00, 2.2760000000000002e+02, 0.,
    6.3097200000000004e+00, 2.2765000000000001e+02, 0.,
    6.3583800000000004e+00, 2.2770000000000002e+02, 0.,
    6.4071899999999999e+00, 2.2775000000000000e+02, 0.,
    6.4492700000000003e+00, 2.2780000000000001e+02, 0.,
    6.4963100000000003e+00, 2.2785000000000002e+02, 0.,
