%YAML:1.0
---
profile: [ 2.5590000000000001e+02, 0., -5.1639900000000001e+00,
    2.5595000000000002e+02, 0., -5.0096999999999996e+00, 256., 0.,
    -4.9631400000000001e+00, 2.5605000000000001e+02, 0.,
    -4.9259800000000000e+00, 2.5610000000000002e+02, 0.,
    -4.8806799999999999e+00, 2.5615000000000003e+02, 0.,
    -4.8359600000000000e+00, 2.5619999999999999e+02, 0.,
    -4.7995599999999996e+00, 2.5625000000000000e+02, 0.,
    -4.7511500000000000e+00, 2.5630000000000001e+02, 0.,
    -4.6984500000000002e+00, 2.5635000000000002e+02, 0.,
    -4.6488100000000001e+00, 2.5640000000000003e+02, 0.,
    -4.5844100000000001e+00, 2.5644999999999999e+02, 0.,
    -4.5197700000000003e+00, 2.5650000000000000e+02, 0.,
    -4.4720899999999997e+00, 2.5655000000000001e+02, 0.,
    -4.4208800000000004e+00, 2.5660000000000002e+02, 0.,
    -4.3725500000000004e+00, 2.5665000000000003e+02, 0.,
    -4.3348699999999996e+00, 2.5669999999999999e+02, 0.,
    -4.2837600000000000e+00, 2.5675000000000000e+02, 0.,
    -4.2328900000000003e+00, 2.5680000000000001e+02, 0.,
    -4.1936499999999999e+00, 2.5685000000000002e+02, 0.,
    -4.1445600000000002e+00, 2.5690000000000003e+02, 0.,
    -4.0931100000000002e+00, 2.5694999999999999e+02, 0.,
    -4.0491099999999998e+00, 257., 0., -3.9996800000000001e+00,
    2.5705000000000001e+02, 0., -3.9512499999999999e+00,
    2.5710000000000002e+02, 0., -3.9120100000000000e+00,
    2.5715000000000003e+02, 0., -3.8592900000000001e+00,
    2.5719999999999999e+02, 0., -3.8073700000000001e+00,
    2.5725000000000000e+02, 0., -3.7569400000000002e+00,
    2.5730000000000001e+02, 0., -3.7177799999999999e+00,
    2.5735000000000002e+02, 0., -3.6729799999999999e+00,
    2.5740000000000003e+02, 0., -3.6316000000000002e+00,
    2.5744999999999999e+02, 0., -3.6004000000000000e+00,
    2.5750000000000000e+02, 0., -3.5565600000000002e+00,
    2.5755000000000001e+02, 0., -3.5099700000000000e+00,
    2.5760000000000002e+02, 0., -3.4740899999999999e+00,
    2.5765000000000003e+02, 0., -3.4280100000000000e+00,
    2.5769999999999999e+02, 0., -3.3797700000000002e+00,
    2.5775000000000000e+02, 0., -3.3367300000000002e+00,
    2.5780000000000001e+02, 0., -3.2763100000000001e+00,
    2.5785000000000002e+02, 0., -3.2166600000000001e+00,
    2.5790000000000003e+02, 0., -3.1752199999999999e+00,
    2.5794999999999999e+02, 0., -3.1243200000000000e+00, 258., 0.,
    -3.0728399999999998e+00, 2.5805000000000001e+02, 0.,
    -3.0306799999999998e+00, 2.5810000000000002e+02, 0.,
    -2.9765000000000001e+00, 2.5815000000000003e+02, 0.,
    -2.9200200000000001e+00, 2.5819999999999999e+02, 0.,
    -2.8724599999999998e+00, 2.5825000000000000e+02, 0.,
    -2.8125300000000002e+00, 2.5830000000000001e+02, 0.,
    -2.7599300000000002e+00, 2.5835000000000002e+02, 0.,
    -2.7136999999999998e+00, 2.5840000000000003e+02, 0.,
    -2.6810600000000000e+00, 2.5844999999999999e+02, 0.,
    -2.6432099999999998e+00, 2.5850000000000000e+02, 0.,
    -2.6073400000000002e+00, 2.5855000000000001e+02, 0.,
    -2.5786600000000002e+00, 2.5860000000000002e+02, 0.,
    -2.5375399999999999e+00, 2.5865000000000003e+02, 0.,
    -2.4907800000000000e+00, 2.5869999999999999e+02, 0.,
    -2.4465800000000000e+00, 2.5875000000000000e+02, 0.,
    -2.3789899999999999e+00, 2.5880000000000001e+02, 0.,
    -2.3133800000000000e+00, 2.5885000000000002e+02, 0.,
    -2.2730999999999999e+00, 2.5890000000000003e+02, 0.,
    -2.2265799999999998e+00, 2.5894999999999999e+02, 0.,
    -2.1783700000000001e+00, 259., 0., -2.1366100000000001e+00,
    2.5905000000000001e+02, 0., -2.0858800000000000e+00,
    2.5910000000000002e+02, 0., -2.0313500000000002e+00,
    2.5915000000000003e+02, 0., -1.9749399999999999e+00,
    2.5919999999999999e+02, 0., -1.9440599999999999e+00,
    2.5925000000000000e+02, 0., -1.9071499999999999e+00,
    2.5930000000000001e+02, 0., -1.8710400000000000e+00,
    2.5935000000000002e+02, 0., -1.8409599999999999e+00,
    2.5940000000000003e+02, 0., -1.7952100000000000e+00,
    2.5944999999999999e+02, 0., -1.7434799999999999e+00,
    2.5950000000000000e+02, 0., -1.7002800000000000e+00,
    2.5955000000000001e+02, 0., -1.6395400000000000e+00,
    2.5960000000000002e+02, 0., -1.5784300000000000e+00,
    2.5965000000000003e+02, 0., -1.5345100000000000e+00,
    2.5969999999999999e+02, 0., -1.4764999999999999e+00,
    2.5975000000000000e+02, 0., -1.4181100000000000e+00,
    2.5980000000000001e+02, 0., -1.3719100000000000e+00,
    2.5985000000000002e+02, 0., -1.3117900000000000e+00,
    2.5990000000000003e+02, 0., -1.2615300000000000e+00,
    2.5994999999999999e+02, 0., -1.2172499999999999e+00, 260., 0.,
    -1.1787700000000001e+00, 2.6005000000000001e+02, 0.,
    -1.1260800000000000e+00, 2.6010000000000002e+02, 0.,
    -1.0770700000000000e+00, 2.6015000000000003e+02, 0.,
    -1.0594300000000001e+00, 2.6019999999999999e+02, 0.,
    -1.0149699999999999e+00, 2.6025000000000000e+02, 0.,
    -9.5594999999999997e-01, 2.6030000000000001e+02, 0.,
    -9.0919000000000005e-01, 2.6035000000000002e+02, 0.,
    -8.5374000000000005e-01, 2.6040000000000003e+02, 0.,
    -8.0101000000000000e-01, 2.6044999999999999e+02, 0.,
    -7.6121000000000005e-01, 2.6050000000000000e+02, 0.,
    -7.1097999999999995e-01, 2.6055000000000001e+02, 0.,
    -6.6666999999999998e-01, 2.6060000000000002e+02, 0.,
    -6.2583999999999995e-01, 2.6065000000000003e+02, 0.,
    -5.9143999999999997e-01, 2.6069999999999999e+02, 0.,
    -5.5120999999999998e-01, 2.6075000000000000e+02, 0.,
    -5.1207999999999998e-01, 2.6080000000000001e+02, 0.,
    -4.7836000000000001e-01, 2.6085000000000002e+02, 0.,
    -4.2201000000000000e-01, 2.6090000000000003e+02, 0.,
    -3.5915999999999998e-01, 2.6094999999999999e+02, 0.,
    -3.1244000000000000e-01, 261., 0., -2.5108000000000003e-01,
    2.6105000000000001e+02, 0., -1.9145999999999999e-01,
    2.6110000000000002e+02, 0., -1.3667000000000001e-01,
    2.6115000000000003e+02, 0., -9.6149999999999999e-02,
    2.6119999999999999e+02, 0., -4.7759999999999997e-02,
    2.6125000000000000e+02, 0., -1.1100000000000001e-03,
    2.6130000000000001e+02, 0., 3.5569999999999997e-02,
    2.6135000000000002e+02, 0., 8.7340000000000001e-02,
    2.6140000000000003e+02, 0., 1.3947999999999999e-01,
    2.6144999999999999e+02, 0., 1.7688000000000001e-01,
    2.6150000000000000e+02, 0., 2.2442999999999999e-01,
    2.6155000000000001e+02, 0., 2.6949000000000001e-01,
    2.6160000000000002e+02, 0., 3.0229000000000000e-01,
    2.6165000000000003e+02, 0., 3.5404999999999998e-01,
    2.6169999999999999e+02, 0., 4.0909000000000001e-01,
    2.6175000000000000e+02, 0., 4.6311999999999998e-01,
    2.6180000000000001e+02, 0., 5.0195999999999996e-01,
    2.6185000000000002e+02, 0., 5.4537999999999998e-01,
    2.6190000000000003e+02, 0., 5.8608000000000005e-01,
    2.6194999999999999e+02, 0., 6.2083999999999995e-01, 262., 0.,
    6.6152000000000000e-01, 2.6205000000000001e+02, 0.,
    7.0877000000000001e-01, 2.6210000000000002e+02, 0.,
    7.5529000000000002e-01, 2.6215000000000003e+02, 0.,
    8.1569999999999998e-01, 2.6219999999999999e+02, 0.,
    8.6972000000000005e-01, 2.6225000000000000e+02, 0.,
    9.1934000000000005e-01, 2.6230000000000001e+02, 0.,
    9.5970000000000000e-01, 2.6235000000000002e+02, 0.,
    1.0038000000000000e+00, 2.6240000000000003e+02, 0.,
    1.0440799999999999e+00, 2.6244999999999999e+02, 0.,
    1.0776800000000000e+00, 2.6250000000000000e+02, 0.,
    1.1203000000000001e+00, 2.6255000000000001e+02, 0.,
    1.1660699999999999e+00, 2.6260000000000002e+02, 0.,
    1.2062299999999999e+00, 2.6265000000000003e+02, 0.,
    1.2729500000000000e+00, 2.6269999999999999e+02, 0.,
    1.3376399999999999e+00, 2.6275000000000000e+02, 0.,
    1.3965600000000000e+00, 2.6280000000000001e+02, 0.,
    1.4382800000000000e+00, 2.6285000000000002e+02, 0.,
    1.4902599999999999e+00, 2.6290000000000003e+02, 0.,
    1.5395500000000000e+00, 2.6294999999999999e+02, 0.,
    1.5758300000000001e+00, 263., 0., 1.6258400000000000e+00,
