%YAML:1.0
---
profile: [ 234., 0., -2.3350860000000001e+01, 2.3405000000000001e+02, 0.,
    -2.3338699999999999e+01, 2.3410000000000002e+02, 0.,
    -2.3334099999999999e+01, 2.3415000000000001e+02, 0.,
    -2.3331900000000001e+01, 2.3420000000000002e+02, 0.,
    -2.3329820000000002e+01, 2.3425000000000000e+02, 0.,
    -2.3332930000000001e+01, 2.3430000000000001e+02, 0.,
    -2.3338509999999999e+01, 2.3435000000000002e+02, 0.,
    -2.3338709999999999e+01, 2.3440000000000001e+02, 0.,
    -2.3326239999999999e+01, 2.3445000000000002e+02, 0.,
    -2.3300999999999998e+01, 2.3450000000000000e+02, 0.,
    -2.3263960000000001e+01, 2.3455000000000001e+02, 0.,
    -2.3216660000000001e+01, 2.3460000000000002e+02, 0.,
    -2.3157540000000001e+01, 2.3465000000000001e+02, 0.,
    -2.3084720000000001e+01, 2.3470000000000002e+02, 0.,
    -2.3027840000000001e+01, 2.3475000000000000e+02, 0.,
    -2.2967890000000001e+01, 2.3480000000000001e+02, 0.,
    -2.2919550000000001e+01, 2.3485000000000002e+02, 0.,
    -2.2894269999999999e+01, 2.3490000000000001e+02, 0.,
    -2.2862600000000000e+01, 2.3495000000000002e+02, 0.,
    -2.2837319999999998e+01, 235., 0., -2.2804189999999998e+01,
    2.3505000000000001e+02, 0., -2.2767440000000001e+01,
    2.3510000000000002e+02, 0., -2.2727599999999999e+01,
    2.3515000000000001e+02, 0., -2.2668700000000001e+01,
    2.3520000000000002e+02, 0., -2.2610779999999998e+01,
    2.3525000000000000e+02, 0., -2.2548020000000001e+01,
    2.3530000000000001e+02, 0., -2.2488750000000000e+01,
    2.3535000000000002e+02, 0., -2.2445029999999999e+01,
    2.3540000000000001e+02, 0., -2.2394710000000000e+01,
    2.3545000000000002e+02, 0., -2.2359710000000000e+01,
    2.3550000000000000e+02, 0., -2.2317959999999999e+01,
    2.3555000000000001e+02, 0., -2.2275099999999998e+01,
    2.3560000000000002e+02, 0., -2.2235740000000000e+01,
    2.3565000000000001e+02, 0., -2.2186180000000000e+01,
    2.3570000000000002e+02, 0., -2.2146380000000001e+01,
    2.3575000000000000e+02, 0., -2.2092730000000000e+01,
    2.3580000000000001e+02, 0., -2.2038540000000001e+01,
    2.3585000000000002e+02, 0., -2.1996580000000002e+01,
    2.3590000000000001e+02, 0., -2.1945779999999999e+01,
    2.3595000000000002e+02, 0., -2.1906020000000002e+01, 236., 0.,
    -2.1855509999999999e+01, 2.3605000000000001e+02, 0.,
    -2.1805060000000001e+01, 2.3610000000000002e+02, 0.,
    -2.1765779999999999e+01, 2.3615000000000001e+02, 0.,
    -2.1718010000000000e+01, 2.3620000000000002e+02, 0.,
    -2.1680530000000001e+01, 2.3625000000000000e+02, 0.,
    -2.1633620000000001e+01, 2.3630000000000001e+02, 0.,
    -2.1588329999999999e+01, 2.3635000000000002e+02, 0.,
    -2.1554050000000000e+01, 2.3640000000000001e+02, 0.,
    -2.1498889999999999e+01, 2.3645000000000002e+02, 0.,
    -2.1437760000000001e+01, 2.3650000000000000e+02, 0.,
    -2.1395879999999998e+01, 2.3655000000000001e+02, 0.,
    -2.1343090000000000e+01, 2.3660000000000002e+02, 0.,
    -2.1300370000000001e+01, 2.3665000000000001e+02, 0.,
    -2.1250319999999999e+01, 2.3670000000000002e+02, 0.,
    -2.1203920000000000e+01, 2.3675000000000000e+02, 0.,
    -2.1171279999999999e+01, 2.3680000000000001e+02, 0.,
    -2.1125850000000000e+01, 2.3685000000000002e+02, 0.,
    -2.1084090000000000e+01, 2.3690000000000001e+02, 0.,
    -2.1032640000000001e+01, 2.3695000000000002e+02, 0.,
    -2.0978510000000000e+01, 237., 0., -2.0926069999999999e+01,
    2.3705000000000001e+02, 0., -2.0860309999999998e+01,
    2.3710000000000002e+02, 0., -2.0807510000000001e+01,
    2.3715000000000001e+02, 0., -2.0758610000000001e+01,
    2.3720000000000002e+02, 0., -2.0713450000000002e+01,
    2.3725000000000000e+02, 0., -2.0675450000000001e+01,
    2.3730000000000001e+02, 0., -2.0632580000000001e+01,
    2.3735000000000002e+02, 0., -2.0600819999999999e+01,
    2.3740000000000001e+02, 0., -2.0551310000000001e+01,
    2.3745000000000002e+02, 0., -2.0502320000000001e+01,
    2.3750000000000000e+02, 0., -2.0466760000000001e+01,
    2.3755000000000001e+02, 0., -2.0420480000000001e+01,
    2.3760000000000002e+02, 0., -2.0372789999999998e+01,
    2.3765000000000001e+02, 0., -2.0334230000000002e+01,
    2.3770000000000002e+02, 0., -2.0285830000000001e+01,
    2.3775000000000000e+02, 0., -2.0246990000000000e+01,
    2.3780000000000001e+02, 0., -2.0203299999999999e+01,
    2.3785000000000002e+02, 0., -2.0156420000000001e+01,
    2.3790000000000001e+02, 0., -2.0104740000000000e+01,
    2.3795000000000002e+02, 0., -2.0046060000000001e+01, 238., 0.,
    -2.0002340000000000e+01, 2.3805000000000001e+02, 0.,
    -1.9943239999999999e+01, 2.3810000000000002e+02, 0.,
    -1.9883890000000001e+01, 2.3815000000000001e+02, 0.,
    -1.9839169999999999e+01, 2.3820000000000002e+02, 0.,
    -1.9787489999999998e+01, 2.3825000000000000e+02, 0.,
    -1.9748449999999998e+01, 2.3830000000000001e+02, 0.,
    -1.9700849999999999e+01, 2.3835000000000002e+02, 0.,
    -1.9657850000000000e+01, 2.3840000000000001e+02, 0.,
    -1.9628570000000000e+01, 2.3845000000000002e+02, 0.,
    -1.9573350000000001e+01, 2.3850000000000000e+02, 0.,
    -1.9507239999999999e+01, 2.3855000000000001e+02, 0.,
    -1.9459160000000001e+01, 2.3860000000000002e+02, 0.,
    -1.9395160000000001e+01, 2.3865000000000001e+02, 0.,
    -1.9339400000000001e+01, 2.3870000000000002e+02, 0.,
    -1.9291640000000001e+01, 2.3875000000000000e+02, 0.,
    -1.9249949999999998e+01, 2.3880000000000001e+02, 0.,
    -1.9218270000000000e+01, 2.3885000000000002e+02, 0.,
    -1.9179890000000000e+01, 2.3890000000000001e+02, 0.,
    -1.9149889999999999e+01, 2.3895000000000002e+02, 0.,
    -1.9106339999999999e+01, 239., 0., -1.9058660000000000e+01,
    2.3905000000000001e+02, 0., -1.9017379999999999e+01,
    2.3910000000000002e+02, 0., -1.8958680000000001e+01,
    2.3915000000000001e+02, 0., -1.8898769999999999e+01,
    2.3920000000000002e+02, 0., -1.8862010000000001e+01,
    2.3925000000000000e+02, 0., -1.8811640000000001e+01,
    2.3930000000000001e+02, 0., -1.8766120000000001e+01,
    2.3935000000000002e+02, 0., -1.8718720000000001e+01,
    2.3940000000000001e+02, 0., -1.8673060000000000e+01,
    2.3945000000000002e+02, 0., -1.8634540000000001e+01,
    2.3950000000000000e+02, 0., -1.8589369999999999e+01,
    2.3955000000000001e+02, 0., -1.8554849999999998e+01,
    2.3960000000000002e+02, 0., -1.8507709999999999e+01,
    2.3965000000000001e+02, 0., -1.8452680000000001e+01,
    2.3970000000000002e+02, 0., -1.8400400000000001e+01,
    2.3975000000000000e+02, 0., -1.8350680000000001e+01,
    2.3980000000000001e+02, 0., -1.8302499999999998e+01,
    2.3985000000000002e+02, 0., -1.8256419999999999e+01,
    2.3990000000000001e+02, 0., -1.8204640000000001e+01,
    2.3995000000000002e+02, 0., -1.8166399999999999e+01, 240., 0.,
    -1.8115030000000001e+01, 2.4005000000000001e+02, 0.,
    -1.8063099999999999e+01, 2.4010000000000002e+02, 0.,
    -1.8021940000000001e+01, 2.4015000000000001e+02, 0.,
    -1.7966799999999999e+01, 2.4020000000000002e+02, 0.,
    -1.7908970000000000e+01, 2.4025000000000000e+02, 0.,
    -1.7861889999999999e+01, 2.4030000000000001e+02, 0.,
    -1.7806550000000001e+01, 2.4035000000000002e+02, 0.,
    -1.7766549999999999e+01, 2.4040000000000001e+02, 0.,
    -1.7724540000000001e+01, 2.4045000000000002e+02, 0.,
    -1.7682510000000001e+01, 2.4050000000000000e+02, 0.,
    -1.7642469999999999e+01, 2.4055000000000001e+02, 0.,
    -1.7595640000000000e+01, 2.4060000000000002e+02, 0.,
    -1.7552140000000001e+01, 2.4065000000000001e+02, 0.,
    -1.7520940000000000e+01, 2.4070000000000002e+02, 0.,
    -1.7474540000000001e+01, 2.4075000000000000e+02, 0.,
    -1.7428580000000000e+01, 2.4080000000000001e+02, 0.,
    -1.7376210000000000e+01, 2.4085000000000002e+02, 0.,
    -1.7322780000000002e+01, 2.4090000000000001e+02, 0.,
    -1.7272580000000001e+01, 2.4095000000000002e+02, 0.,
    -1.7222960000000000e+01, 241., 0., -1.7190280000000001e+01,
    2.4105000000000001e+02, 0., -1.7148930000000000e+01,
