%YAML:1.0
---
profile: [ 2.3835000000000002e+02, 0., -2.3346730000000001e+01,
    2.3840000000000001e+02, 0., -2.3343070000000001e+01,
    2.3845000000000002e+02, 0., -2.3340550000000000e+01,
    2.3850000000000000e+02, 0., -2.3341629999999999e+01,
    2.3855000000000001e+02, 0., -2.3344790000000000e+01,
    2.3860000000000002e+02, 0., -2.3343900000000001e+01,
    2.3865000000000001e+02, 0., -2.3333819999999999e+01,
    2.3870000000000002e+02, 0., -2.3316179999999999e+01,
    2.3875000000000000e+02, 0., -2.3298780000000001e+01,
    2.3880000000000001e+02, 0., -2.3273460000000000e+01,
    2.3885000000000002e+02, 0., -2.3217820000000000e+01,
    2.3890000000000001e+02, 0., -2.3157209999999999e+01,
    2.3895000000000002e+02, 0., -2.3119530000000001e+01, 239., 0.,
    -2.3057659999999998e+01, 2.3905000000000001e+02, 0.,
    -2.2990490000000001e+01, 2.3910000000000002e+02, 0.,
    -2.2951290000000000e+01, 2.3915000000000001e+02, 0.,
    -2.2899819999999998e+01, 2.3920000000000002e+02, 0.,
    -2.2855740000000001e+01, 2.3925000000000000e+02, 0.,
    -2.2801720000000000e+01, 2.3930000000000001e+02, 0.,
    -2.2746330000000000e+01, 2.3935000000000002e+02, 0.,
    -2.2697050000000001e+01, 2.3940000000000001e+02, 0.,
    -2.2651140000000002e+01, 2.3945000000000002e+02, 0.,
    -2.2622779999999999e+01, 2.3950000000000000e+02, 0.,
    -2.2584940000000000e+01, 2.3955000000000001e+02, 0.,
    -2.2542320000000000e+01, 2.3960000000000002e+02, 0.,
    -2.2503119999999999e+01, 2.3965000000000001e+02, 0.,
    -2.2453019999999999e+01, 2.3970000000000002e+02, 0.,
    -2.2412379999999999e+01, 2.3975000000000000e+02, 0.,
    -2.2353179999999998e+01, 2.3980000000000001e+02, 0.,
    -2.2296420000000001e+01, 2.3985000000000002e+02, 0.,
    -2.2256540000000001e+01, 2.3990000000000001e+02, 0.,
    -2.2208330000000000e+01, 2.3995000000000002e+02, 0.,
    -2.2160720000000001e+01, 240., 0., -2.2120880000000000e+01,
    2.4005000000000001e+02, 0., -2.2068220000000000e+01,
    2.4010000000000002e+02, 0., -2.2022780000000001e+01,
    2.4015000000000001e+02, 0., -2.1975460000000002e+01,
    2.4020000000000002e+02, 0., -2.1930129999999998e+01,
    2.4025000000000000e+02, 0., -2.1892530000000001e+01,
    2.4030000000000001e+02, 0., -2.1851949999999999e+01,
    2.4035000000000002e+02, 0., -2.1822949999999999e+01,
    2.4040000000000001e+02, 0., -2.1778160000000000e+01,
    2.4045000000000002e+02, 0., -2.1729379999999999e+01,
    2.4050000000000000e+02, 0., -2.1688099999999999e+01,
    2.4055000000000001e+02, 0., -2.1635420000000000e+01,
    2.4060000000000002e+02, 0., -2.1581589999999998e+01,
    2.4065000000000001e+02, 0., -2.1537310000000002e+01,
    2.4070000000000002e+02, 0., -2.1472690000000000e+01,
    2.4075000000000000e+02, 0., -2.1409970000000001e+01,
    2.4080000000000001e+02, 0., -2.1337789999999998e+01,
    2.4085000000000002e+02, 0., -2.1270440000000001e+01,
    2.4090000000000001e+02, 0., -2.1226920000000000e+01,
    2.4095000000000002e+02, 0., -2.1183430000000001e+01, 241., 0.,
    -2.1154509999999998e+01, 2.4105000000000001e+02, 0.,
    -2.1118430000000000e+01, 2.4110000000000002e+02, 0.,
    -2.1084650000000000e+01, 2.4115000000000001e+02, 0.,
    -2.1060289999999998e+01, 2.4120000000000002e+02, 0.,
    -2.1023319999999998e+01, 2.4125000000000000e+02, 0.,
    -2.0978459999999998e+01, 2.4130000000000001e+02, 0.,
    -2.0931260000000002e+01, 2.4135000000000002e+02, 0.,
    -2.0869370000000000e+01, 2.4140000000000001e+02, 0.,
    -2.0816410000000001e+01, 2.4145000000000002e+02, 0.,
    -2.0756039999999999e+01, 2.4150000000000000e+02, 0.,
    -2.0699590000000001e+01, 2.4155000000000001e+02, 0.,
    -2.0662310000000002e+01, 2.4160000000000002e+02, 0.,
    -2.0618079999999999e+01, 2.4165000000000001e+02, 0.,
    -2.0583960000000001e+01, 2.4170000000000002e+02, 0.,
    -2.0534659999999999e+01, 2.4175000000000000e+02, 0.,
    -2.0487780000000001e+01, 2.4180000000000001e+02, 0.,
    -2.0455220000000001e+01, 2.4185000000000002e+02, 0.,
    -2.0407039999999999e+01, 2.4190000000000001e+02, 0.,
    -2.0353220000000000e+01, 2.4195000000000002e+02, 0.,
    -2.0307739999999999e+01, 242., 0., -2.0248490000000000e+01,
    2.4205000000000001e+02, 0., -2.0198290000000000e+01,
    2.4210000000000002e+02, 0., -2.0137300000000000e+01,
    2.4215000000000001e+02, 0., -2.0076499999999999e+01,
    2.4220000000000002e+02, 0., -2.0027220000000000e+01,
    2.4225000000000000e+02, 0., -1.9972120000000000e+01,
    2.4230000000000001e+02, 0., -1.9925080000000001e+01,
    2.4235000000000002e+02, 0., -1.9899400000000000e+01,
    2.4240000000000001e+02, 0., -1.9862850000000002e+01,
    2.4245000000000002e+02, 0., -1.9828330000000001e+01,
    2.4250000000000000e+02, 0., -1.9778199999999998e+01,
    2.4255000000000001e+02, 0., -1.9724599999999999e+01,
    2.4260000000000002e+02, 0., -1.9676320000000000e+01,
    2.4265000000000001e+02, 0., -1.9626709999999999e+01,
    2.4270000000000002e+02, 0., -1.9592790000000001e+01,
    2.4275000000000000e+02, 0., -1.9548940000000002e+01,
    2.4280000000000001e+02, 0., -1.9505099999999999e+01,
    2.4285000000000002e+02, 0., -1.9470420000000001e+01,
    2.4290000000000001e+02, 0., -1.9414970000000000e+01,
    2.4295000000000002e+02, 0., -1.9354450000000000e+01, 243., 0.,
    -1.9315729999999999e+01, 2.4305000000000001e+02, 0.,
    -1.9275459999999999e+01, 2.4310000000000002e+02, 0.,
    -1.9247620000000001e+01, 2.4315000000000001e+02, 0.,
    -1.9195039999999999e+01, 2.4320000000000002e+02, 0.,
    -1.9139399999999998e+01, 2.4325000000000000e+02, 0.,
    -1.9096560000000000e+01, 2.4330000000000001e+02, 0.,
    -1.9035070000000001e+01, 2.4335000000000002e+02, 0.,
    -1.8970970000000001e+01, 2.4340000000000001e+02, 0.,
    -1.8928010000000000e+01, 2.4345000000000002e+02, 0.,
    -1.8880530000000000e+01, 2.4350000000000000e+02, 0.,
    -1.8845929999999999e+01, 2.4355000000000001e+02, 0.,
    -1.8795000000000002e+01, 2.4360000000000002e+02, 0.,
    -1.8746400000000001e+01, 2.4365000000000001e+02, 0.,
    -1.8712560000000000e+01, 2.4370000000000002e+02, 0.,
    -1.8667259999999999e+01, 2.4375000000000000e+02, 0.,
    -1.8617840000000001e+01, 2.4380000000000001e+02, 0.,
    -1.8571439999999999e+01, 2.4385000000000002e+02, 0.,
    -1.8517299999999999e+01, 2.4390000000000001e+02, 0.,
    -1.8476060000000000e+01, 2.4395000000000002e+02, 0.,
    -1.8414239999999999e+01, 244., 0., -1.8361730000000001e+01,
    2.4405000000000001e+02, 0., -1.8333970000000001e+01,
    2.4410000000000002e+02, 0., -1.8295590000000001e+01,
    2.4415000000000001e+02, 0., -1.8252680000000002e+01,
    2.4420000000000002e+02, 0., -1.8211559999999999e+01,
    2.4425000000000000e+02, 0., -1.8158930000000002e+01,
    2.4430000000000001e+02, 0., -1.8116250000000001e+01,
    2.4435000000000002e+02, 0., -1.8048230000000000e+01,
    2.4440000000000001e+02, 0., -1.7985420000000001e+01,
    2.4445000000000002e+02, 0., -1.7945779999999999e+01,
    2.4450000000000000e+02, 0., -1.7899020000000000e+01,
    2.4455000000000001e+02, 0., -1.7853290000000001e+01,
    2.4460000000000002e+02, 0., -1.7814050000000002e+01,
    2.4465000000000001e+02, 0., -1.7770849999999999e+01,
    2.4470000000000002e+02, 0., -1.7739490000000000e+01,
    2.4475000000000000e+02, 0., -1.7692409999999999e+01,
    2.4480000000000001e+02, 0., -1.7640350000000002e+01,
    2.4485000000000002e+02, 0., -1.7595150000000000e+01,
    2.4490000000000001e+02, 0., -1.7543650000000000e+01,
    2.4495000000000002e+02, 0., -1.7491869999999999e+01, 245., 0.,
    -1.7445830000000001e+01, 2.4505000000000001e+02, 0.,
    -1.7390940000000001e+01, 2.4510000000000002e+02, 0.,
    -1.7340229999999998e+01, 2.4515000000000001e+02, 0.,
    -1.7307510000000001e+01, 2.4520000000000002e+02, 0.,
    -1.7263790000000000e+01, 2.4525000000000000e+02, 0.,
    -1.7225429999999999e+01, 2.4530000000000001e+02, 0.,
    -1.7176780000000001e+01, 2.4535000000000002e+02, 0.,
    -1.7130389999999998e+01, 2.4540000000000001e+02, 0.,
