%YAML:1.0
---
profile: [ 2.3035000000000002e+02, 0., -1.3582810000000000e+01,
    2.3040000000000001e+02, 0., -1.3457010000000000e+01,
    2.3045000000000002e+02, 0., -1.3340080000000000e+01,
    2.3050000000000000e+02, 0., -1.3295040000000000e+01,
    2.3055000000000001e+02, 0., -1.3250040000000000e+01,
    2.3060000000000002e+02, 0., -1.3212669999999999e+01,
    2.3065000000000001e+02, 0., -1.3182910000000000e+01,
    2.3070000000000002e+02, 0., -1.3143079999999999e+01,
    2.3075000000000000e+02, 0., -1.3108200000000000e+01,
    2.3080000000000001e+02, 0., -1.3055260000000001e+01,
    2.3085000000000002e+02, 0., -1.2994529999999999e+01,
    2.3090000000000001e+02, 0., -1.2940849999999999e+01,
    2.3095000000000002e+02, 0., -1.2879870000000000e+01, 231., 0.,
    -1.2838469999999999e+01, 2.3105000000000001e+02, 0.,
    -1.2794800000000000e+01, 2.3110000000000002e+02, 0.,
    -1.2750500000000001e+01, 2.3115000000000001e+02, 0.,
    -1.2706659999999999e+01, 2.3120000000000002e+02, 0.,
    -1.2652760000000001e+01, 2.3125000000000000e+02, 0.,
    -1.2610120000000000e+01, 2.3130000000000001e+02, 0.,
    -1.2550739999999999e+01, 2.3135000000000002e+02, 0.,
    -1.2496499999999999e+01, 2.3140000000000001e+02, 0.,
    -1.2461140000000000e+01, 2.3145000000000002e+02, 0.,
    -1.2418770000000000e+01, 2.3150000000000000e+02, 0.,
    -1.2375870000000001e+01, 2.3155000000000001e+02, 0.,
    -1.2336190000000000e+01, 2.3160000000000002e+02, 0.,
    -1.2282959999999999e+01, 2.3165000000000001e+02, 0.,
    -1.2236039999999999e+01, 2.3170000000000002e+02, 0.,
    -1.2180350000000001e+01, 2.3175000000000000e+02, 0.,
    -1.2126090000000000e+01, 2.3180000000000001e+02, 0.,
    -1.2084970000000000e+01, 2.3185000000000002e+02, 0.,
    -1.2040139999999999e+01, 2.3190000000000001e+02, 0.,
    -1.2007780000000000e+01, 2.3195000000000002e+02, 0.,
    -1.1964340000000000e+01, 232., 0., -1.1920890000000000e+01,
    2.3205000000000001e+02, 0., -1.1887090000000001e+01,
    2.3210000000000002e+02, 0., -1.1838110000000000e+01,
    2.3215000000000001e+02, 0., -1.1786379999999999e+01,
    2.3220000000000002e+02, 0., -1.1750420000000000e+01,
    2.3225000000000000e+02, 0., -1.1702090000000000e+01,
    2.3230000000000001e+02, 0., -1.1659369999999999e+01,
    2.3235000000000002e+02, 0., -1.1597049999999999e+01,
    2.3240000000000001e+02, 0., -1.1537820000000000e+01,
    2.3245000000000002e+02, 0., -1.1496900000000000e+01,
    2.3250000000000000e+02, 0., -1.1440200000000001e+01,
    2.3255000000000001e+02, 0., -1.1382379999999999e+01,
    2.3260000000000002e+02, 0., -1.1344379999999999e+01,
    2.3265000000000001e+02, 0., -1.1285190000000000e+01,
    2.3270000000000002e+02, 0., -1.1223830000000000e+01,
    2.3275000000000000e+02, 0., -1.1168360000000000e+01,
    2.3280000000000001e+02, 0., -1.1118620000000000e+01,
    2.3285000000000002e+02, 0., -1.1080220000000001e+01,
    2.3290000000000001e+02, 0., -1.1043839999999999e+01,
    2.3295000000000002e+02, 0., -1.1020960000000001e+01, 233., 0.,
    -1.0985840000000000e+01, 2.3305000000000001e+02, 0.,
    -1.0948760000000000e+01, 2.3310000000000002e+02, 0.,
    -1.0918760000000001e+01, 2.3315000000000001e+02, 0.,
    -1.0863849999999999e+01, 2.3320000000000002e+02, 0.,
    -1.0797260000000000e+01, 2.3325000000000000e+02, 0.,
    -1.0743580000000000e+01, 2.3330000000000001e+02, 0.,
    -1.0677199999999999e+01, 2.3335000000000002e+02, 0.,
    -1.0624960000000000e+01, 2.3340000000000001e+02, 0.,
    -1.0574339999999999e+01, 2.3345000000000002e+02, 0.,
    -1.0532209999999999e+01, 2.3350000000000000e+02, 0.,
    -1.0504289999999999e+01, 2.3355000000000001e+02, 0.,
    -1.0468310000000001e+01, 2.3360000000000002e+02, 0.,
    -1.0431100000000001e+01, 2.3365000000000001e+02, 0.,
    -1.0399740000000000e+01, 2.3370000000000002e+02, 0.,
    -1.0351690000000000e+01, 2.3375000000000000e+02, 0.,
    -1.0302690000000000e+01, 2.3380000000000001e+02, 0.,
    -1.0241590000000000e+01, 2.3385000000000002e+02, 0.,
    -1.0179630000000000e+01, 2.3390000000000001e+02, 0.,
    -1.0128990000000000e+01, 2.3395000000000002e+02, 0.,
    -1.0068880000000000e+01, 234., 0., -1.0013430000000000e+01,
    2.3405000000000001e+02, 0., -9.9770699999999994e+00,
    2.3410000000000002e+02, 0., -9.9343400000000006e+00,
    2.3415000000000001e+02, 0., -9.9034999999999993e+00,
    2.3420000000000002e+02, 0., -9.8641799999999993e+00,
    2.3425000000000000e+02, 0., -9.8237199999999998e+00,
    2.3430000000000001e+02, 0., -9.7902799999999992e+00,
    2.3435000000000002e+02, 0., -9.7420000000000009e+00,
    2.3440000000000001e+02, 0., -9.6896400000000007e+00,
    2.3445000000000002e+02, 0., -9.6485199999999995e+00,
    2.3450000000000000e+02, 0., -9.5922000000000001e+00,
    2.3455000000000001e+02, 0., -9.5413200000000007e+00,
    2.3460000000000002e+02, 0., -9.4825499999999998e+00,
    2.3465000000000001e+02, 0., -9.4285499999999995e+00,
    2.3470000000000002e+02, 0., -9.3896300000000004e+00,
    2.3475000000000000e+02, 0., -9.3374500000000005e+00,
    2.3480000000000001e+02, 0., -9.2823799999999999e+00,
    2.3485000000000002e+02, 0., -9.2363800000000005e+00,
    2.3490000000000001e+02, 0., -9.1780500000000007e+00,
    2.3495000000000002e+02, 0., -9.1304900000000000e+00, 235., 0.,
    -9.0748999999999995e+00, 2.3505000000000001e+02, 0.,
    -9.0255700000000001e+00, 2.3510000000000002e+02, 0.,
    -8.9924900000000001e+00, 2.3515000000000001e+02, 0.,
    -8.9412599999999998e+00, 2.3520000000000002e+02, 0.,
    -8.8832000000000004e+00, 2.3525000000000000e+02, 0.,
    -8.8356800000000000e+00, 2.3530000000000001e+02, 0.,
    -8.7870699999999999e+00, 2.3535000000000002e+02, 0.,
    -8.7539899999999999e+00, 2.3540000000000001e+02, 0.,
    -8.7091799999999999e+00, 2.3545000000000002e+02, 0.,
    -8.6635200000000001e+00, 2.3550000000000000e+02, 0.,
    -8.6269200000000001e+00, 2.3555000000000001e+02, 0.,
    -8.5727700000000002e+00, 2.3560000000000002e+02, 0.,
    -8.5145900000000001e+00, 2.3565000000000001e+02, 0.,
    -8.4727899999999998e+00, 2.3570000000000002e+02, 0.,
    -8.4291499999999999e+00, 2.3575000000000000e+02, 0.,
    -8.3989100000000008e+00, 2.3580000000000001e+02, 0.,
    -8.3501799999999999e+00, 2.3585000000000002e+02, 0.,
    -8.3011900000000001e+00, 2.3590000000000001e+02, 0.,
    -8.2650699999999997e+00, 2.3595000000000002e+02, 0.,
    -8.2251999999999992e+00, 236., 0., -8.1836500000000001e+00,
    2.3605000000000001e+02, 0., -8.1410499999999999e+00,
    2.3610000000000002e+02, 0., -8.0885099999999994e+00,
    2.3615000000000001e+02, 0., -8.0356199999999998e+00,
    2.3620000000000002e+02, 0., -7.9907000000000004e+00,
    2.3625000000000000e+02, 0., -7.9358300000000002e+00,
    2.3630000000000001e+02, 0., -7.8934699999999998e+00,
    2.3635000000000002e+02, 0., -7.8364099999999999e+00,
    2.3640000000000001e+02, 0., -7.7826500000000003e+00,
    2.3645000000000002e+02, 0., -7.7448899999999998e+00,
    2.3650000000000000e+02, 0., -7.6936600000000004e+00,
    2.3655000000000001e+02, 0., -7.6386599999999998e+00,
    2.3660000000000002e+02, 0., -7.5913800000000000e+00,
    2.3665000000000001e+02, 0., -7.5383699999999996e+00,
    2.3670000000000002e+02, 0., -7.4898999999999996e+00,
    2.3675000000000000e+02, 0., -7.4527400000000004e+00,
    2.3680000000000001e+02, 0., -7.4024500000000000e+00,
    2.3685000000000002e+02, 0., -7.3577300000000001e+00,
    2.3690000000000001e+02, 0., -7.3048799999999998e+00,
    2.3695000000000002e+02, 0., -7.2582700000000004e+00, 237., 0.,
    -7.2275900000000002e+00, 2.3705000000000001e+02, 0.,
    -7.1859299999999999e+00, 2.3710000000000002e+02, 0.,
    -7.1412800000000001e+00, 2.3715000000000001e+02, 0.,
    -7.1029200000000001e+00, 2.3720000000000002e+02, 0.,
    -7.0576200000000000e+00, 2.3725000000000000e+02, 0.,
    -7.0228200000000003e+00, 2.3730000000000001e+02, 0.,
    -6.9735199999999997e+00, 2.3735000000000002e+02, 0.,
    -6.9231299999999996e+00, 2.3740000000000001e+02, 0.,
