%YAML:1.0
---
profile: [ 2.3075000000000000e+02, 0., -4.4073200000000003e+00,
    2.3080000000000001e+02, 0., -4.2975500000000002e+00,
    2.3085000000000002e+02, 0., -4.1253900000000003e+00,
    2.3090000000000001e+02, 0., -3.9503300000000001e+00,
    2.3095000000000002e+02, 0., -3.8584900000000002e+00, 231., 0.,
    -3.7713899999999998e+00, 2.3105000000000001e+02, 0.,
    -3.7056900000000002e+00, 2.3110000000000002e+02, 0.,
    -3.6625700000000001e+00, 2.3115000000000001e+02, 0.,
    -3.6095899999999999e+00, 2.3120000000000002e+02, 0.,
    -3.5677500000000002e+00, 2.3125000000000000e+02, 0.,
    -3.5071099999999999e+00, 2.3130000000000001e+02, 0.,
    -3.4495100000000001e+00, 2.3135000000000002e+02, 0.,
    -3.4096299999999999e+00, 2.3140000000000001e+02, 0.,
    -3.3654600000000001e+00, 2.3145000000000002e+02, 0.,
    -3.3216800000000002e+00, 2.3150000000000000e+02, 0.,
    -3.2834800000000000e+00, 2.3155000000000001e+02, 0.,
    -3.2240500000000001e+00, 2.3160000000000002e+02, 0.,
    -3.1590500000000001e+00, 2.3165000000000001e+02, 0.,
    -3.1141299999999998e+00, 2.3170000000000002e+02, 0.,
    -3.0570300000000001e+00, 2.3175000000000000e+02, 0.,
    -3.0103499999999999e+00, 2.3180000000000001e+02, 0.,
    -2.9660299999999999e+00, 2.3185000000000002e+02, 0.,
    -2.9275699999999998e+00, 2.3190000000000001e+02, 0.,
    -2.8996900000000001e+00, 2.3195000000000002e+02, 0.,
    -2.8542700000000001e+00, 232., 0., -2.8023699999999998e+00,
    2.3205000000000001e+02, 0., -2.7627700000000002e+00,
    2.3210000000000002e+02, 0., -2.7138700000000000e+00,
    2.3215000000000001e+02, 0., -2.6751100000000001e+00,
    2.3220000000000002e+02, 0., -2.6196000000000002e+00,
    2.3225000000000000e+02, 0., -2.5607799999999998e+00,
    2.3230000000000001e+02, 0., -2.5118600000000000e+00,
    2.3235000000000002e+02, 0., -2.4561799999999998e+00,
    2.3240000000000001e+02, 0., -2.4062899999999998e+00,
    2.3245000000000002e+02, 0., -2.3717299999999999e+00,
    2.3250000000000000e+02, 0., -2.3200599999999998e+00,
    2.3255000000000001e+02, 0., -2.2647900000000001e+00,
    2.3260000000000002e+02, 0., -2.2268300000000001e+00,
    2.3265000000000001e+02, 0., -1.4853460000000000e+01,
    2.3270000000000002e+02, 0., -2.3282579999999999e+01,
    2.3275000000000000e+02, 0., -2.3273540000000001e+01,
    2.3280000000000001e+02, 0., -2.3244219999999999e+01,
    2.3285000000000002e+02, 0., -2.3222220000000000e+01,
    2.3290000000000001e+02, 0., -2.3222220000000000e+01,
    2.3295000000000002e+02, 0., -2.3222280000000001e+01, 233., 0.,
    -2.3230920000000001e+01, 2.3305000000000001e+02, 0.,
    -2.3265440000000002e+01, 2.3310000000000002e+02, 0.,
    -2.3281020000000002e+01, 2.3315000000000001e+02, 0.,
    -2.3278780000000001e+01, 2.3320000000000002e+02, 0.,
    -2.3150890000000000e+01, 2.3325000000000000e+02, 0.,
    -2.3013750000000002e+01, 2.3330000000000001e+02, 0.,
    -2.2974550000000001e+01, 2.3335000000000002e+02, 0.,
    -2.2939010000000000e+01, 2.3340000000000001e+02, 0.,
    -2.2926770000000001e+01, 2.3345000000000002e+02, 0.,
    -2.2909130000000001e+01, 2.3350000000000000e+02, 0.,
    -2.2872840000000000e+01, 2.3355000000000001e+02, 0.,
    -2.2785920000000001e+01, 2.3360000000000002e+02, 0.,
    -2.2448850000000000e+01, 2.3365000000000001e+02, 0.,
    -2.1905169999999998e+01, 2.3370000000000002e+02, 0.,
    -2.1497399999999999e+01, 2.3375000000000000e+02, 0.,
    -2.1497440000000001e+01, 2.3380000000000001e+02, 0.,
    -2.1560350000000000e+01, 2.3385000000000002e+02, 0.,
    -2.1643960000000000e+01, 2.3390000000000001e+02, 0.,
    -2.1643200000000000e+01, 2.3395000000000002e+02, 0.,
    -2.1643500000000000e+01, 234., 0., -2.1644380000000002e+01,
    2.3450000000000000e+02, 0., -4.3852999999999998e-01,
    2.3455000000000001e+02, 0., -4.0484999999999999e-01,
    2.3460000000000002e+02, 0., -3.6697999999999997e-01,
    2.3465000000000001e+02, 0., -3.3894000000000002e-01,
    2.3470000000000002e+02, 0., -2.8519000000000000e-01,
    2.3475000000000000e+02, 0., -2.2803000000000001e-01,
    2.3480000000000001e+02, 0., -1.8375000000000000e-01,
    2.3485000000000002e+02, 0., -1.3297999999999999e-01,
    2.3490000000000001e+02, 0., -8.2979999999999998e-02,
    2.3495000000000002e+02, 0., -4.2500000000000003e-02, 235., 0.,
    9.7999999999999997e-04, 2.3505000000000001e+02, 0.,
    4.5960000000000001e-02, 2.3510000000000002e+02, 0.,
    9.2480000000000007e-02, 2.3515000000000001e+02, 0.,
    1.4827000000000001e-01, 2.3520000000000002e+02, 0.,
    2.0399999999999999e-01, 2.3525000000000000e+02, 0.,
    2.5344000000000000e-01, 2.3530000000000001e+02, 0.,
    3.0664999999999998e-01, 2.3535000000000002e+02, 0.,
    3.5208000000000000e-01, 2.3540000000000001e+02, 0.,
    3.8191999999999998e-01, 2.3545000000000002e+02, 0.,
    4.2441000000000001e-01, 2.3550000000000000e+02, 0.,
    4.6461000000000002e-01, 2.3555000000000001e+02, 0.,
    5.1942999999999995e-01, 2.3560000000000002e+02, 0.,
    5.7691000000000003e-01, 2.3565000000000001e+02, 0.,
    6.2466999999999995e-01, 2.3570000000000002e+02, 0.,
    6.7981999999999998e-01, 2.3575000000000000e+02, 0.,
    7.2846999999999995e-01, 2.3580000000000001e+02, 0.,
    7.6095000000000002e-01, 2.3585000000000002e+02, 0.,
    8.0557999999999996e-01, 2.3590000000000001e+02, 0.,
    8.5255999999999998e-01, 2.3595000000000002e+02, 0.,
    8.8892000000000004e-01, 236., 0., 9.4294999999999995e-01,
    2.3605000000000001e+02, 0., 9.9985999999999997e-01,
    2.3610000000000002e+02, 0., 1.0362199999999999e+00,
    2.3615000000000001e+02, 0., 1.0862900000000000e+00,
    2.3620000000000002e+02, 0., 1.1391899999999999e+00,
    2.3625000000000000e+02, 0., 1.1808300000000000e+00,
    2.3630000000000001e+02, 0., 1.2310399999999999e+00,
    2.3635000000000002e+02, 0., 1.2701600000000000e+00,
    2.3640000000000001e+02, 0., 1.3283700000000001e+00,
    2.3645000000000002e+02, 0., 1.3896999999999999e+00,
    2.3650000000000000e+02, 0., 1.4396599999999999e+00,
    2.3655000000000001e+02, 0., 1.4907200000000000e+00,
    2.3660000000000002e+02, 0., 1.5354500000000000e+00,
    2.3665000000000001e+02, 0., 1.5671299999999999e+00,
    2.3670000000000002e+02, 0., 1.6060500000000000e+00,
    2.3675000000000000e+02, 0., 1.6481900000000000e+00,
    2.3680000000000001e+02, 0., 1.6858700000000000e+00,
    2.3685000000000002e+02, 0., 1.7355799999999999e+00,
    2.3690000000000001e+02, 0., 1.7856799999999999e+00,
    2.3695000000000002e+02, 0., 1.8250000000000000e+00, 237., 0.,
    1.8706499999999999e+00, 2.3705000000000001e+02, 0.,
    1.9147500000000000e+00, 2.3710000000000002e+02, 0.,
    1.9525500000000000e+00, 2.3715000000000001e+02, 0.,
    2.0041500000000001e+00, 2.3720000000000002e+02, 0.,
    2.0594600000000001e+00, 2.3725000000000000e+02, 0.,
    2.1062200000000000e+00, 2.3730000000000001e+02, 0.,
    2.1582900000000000e+00, 2.3735000000000002e+02, 0.,
    2.2054000000000000e+00, 2.3740000000000001e+02, 0.,
    2.2406400000000000e+00, 2.3745000000000002e+02, 0.,
    2.2882199999999999e+00, 2.3750000000000000e+02, 0.,
    2.3351899999999999e+00, 2.3755000000000001e+02, 0.,
    2.3633500000000001e+00, 2.3760000000000002e+02, 0.,
    2.4032800000000001e+00, 2.3765000000000001e+02, 0.,
    2.4407600000000000e+00, 2.3770000000000002e+02, 0.,
    2.4997799999999999e+00, 2.3775000000000000e+02, 0.,
    2.5659999999999998e+00, 2.3780000000000001e+02, 0.,
    2.6238800000000002e+00, 2.3785000000000002e+02, 0.,
    2.6856300000000002e+00, 2.3790000000000001e+02, 0.,
    2.7409599999999998e+00, 2.3795000000000002e+02, 0.,
    2.7807599999999999e+00, 238., 0., 2.8289599999999999e+00,
    2.3805000000000001e+02, 0., 2.8774700000000002e+00,
    2.3810000000000002e+02, 0., 2.9171499999999999e+00,
    2.3815000000000001e+02, 0., 2.9728100000000000e+00,
    2.3820000000000002e+02, 0., 3.0268999999999999e+00,
    2.3825000000000000e+02, 0., 3.0665000000000000e+00,
    2.3830000000000001e+02, 0., 3.1130499999999999e+00,
