%YAML:1.0
---
profile: [ 1.8645000000000002e+02, 0., -1.4168690000000000e+01,
    1.8650000000000000e+02, 0., -1.4149010000000001e+01,
    1.8655000000000001e+02, 0., -1.4117020000000000e+01,
    1.8660000000000002e+02, 0., -1.4080940000000000e+01,
    1.8665000000000001e+02, 0., -1.4044620000000000e+01,
    1.8670000000000002e+02, 0., -1.3997479999999999e+01,
    1.8675000000000000e+02, 0., -1.3954480000000000e+01,
    1.8680000000000001e+02, 0., -1.3902450000000000e+01,
    1.8685000000000002e+02, 0., -1.3862930000000000e+01,
    1.8690000000000001e+02, 0., -1.3815420000000000e+01,
    1.8695000000000002e+02, 0., -1.3779780000000001e+01, 187., 0.,
    -1.3732440000000000e+01, 1.8705000000000001e+02, 0.,
    -1.3693160000000001e+01, 1.8710000000000002e+02, 0.,
    -1.3641290000000000e+01, 1.8715000000000001e+02, 0.,
    -1.3599250000000000e+01, 1.8720000000000002e+02, 0.,
    -1.3547400000000000e+01, 1.8725000000000000e+02, 0.,
    -1.3506080000000001e+01, 1.8730000000000001e+02, 0.,
    -1.3438310000000000e+01, 1.8735000000000002e+02, 0.,
    -1.3371050000000000e+01, 1.8740000000000001e+02, 0.,
    -1.3331730000000000e+01, 1.8745000000000002e+02, 0.,
    -1.3281269999999999e+01, 1.8750000000000000e+02, 0.,
    -1.3236990000000000e+01, 1.8755000000000001e+02, 0.,
    -1.3187659999999999e+01, 1.8760000000000002e+02, 0.,
    -1.3155460000000000e+01, 1.8765000000000001e+02, 0.,
    -1.3108770000000000e+01, 1.8770000000000002e+02, 0.,
    -1.3063810000000000e+01, 1.8775000000000000e+02, 0.,
    -1.3013310000000001e+01, 1.8780000000000001e+02, 0.,
    -1.2975989999999999e+01, 1.8785000000000002e+02, 0.,
    -1.2924130000000000e+01, 1.8790000000000001e+02, 0.,
    -1.2879930000000000e+01, 1.8795000000000002e+02, 0.,
    -1.2833430000000000e+01, 188., 0., -1.2786860000000001e+01,
    1.8805000000000001e+02, 0., -1.2742500000000000e+01,
    1.8810000000000002e+02, 0., -1.2686680000000001e+01,
    1.8815000000000001e+02, 0., -1.2641159999999999e+01,
    1.8820000000000002e+02, 0., -1.2581280000000000e+01,
    1.8825000000000000e+02, 0., -1.2529920000000001e+01,
    1.8830000000000001e+02, 0., -1.2473680000000000e+01,
    1.8835000000000002e+02, 0., -1.2438400000000000e+01,
    1.8840000000000001e+02, 0., -1.2392770000000001e+01,
    1.8845000000000002e+02, 0., -1.2354530000000000e+01,
    1.8850000000000000e+02, 0., -1.2313179999999999e+01,
    1.8855000000000001e+02, 0., -1.2283620000000001e+01,
    1.8860000000000002e+02, 0., -1.2234340000000000e+01,
    1.8865000000000001e+02, 0., -1.2179520000000000e+01,
    1.8870000000000002e+02, 0., -1.2127599999999999e+01,
    1.8875000000000000e+02, 0., -1.2063000000000001e+01,
    1.8880000000000001e+02, 0., -1.2012400000000000e+01,
    1.8885000000000002e+02, 0., -1.1952209999999999e+01,
    1.8890000000000001e+02, 0., -1.1914009999999999e+01,
    1.8895000000000002e+02, 0., -1.1866630000000001e+01, 189., 0.,
    -1.1829190000000001e+01, 1.8905000000000001e+02, 0.,
    -1.1782130000000000e+01, 1.8910000000000002e+02, 0.,
    -1.1744410000000000e+01, 1.8915000000000001e+02, 0.,
    -1.1692080000000001e+01, 1.8920000000000002e+02, 0.,
    -1.1647520000000000e+01, 1.8925000000000000e+02, 0.,
    -1.1594189999999999e+01, 1.8930000000000001e+02, 0.,
    -1.1552070000000001e+01, 1.8935000000000002e+02, 0.,
    -1.1504830000000000e+01, 1.8940000000000001e+02, 0.,
    -1.1458320000000001e+01, 1.8945000000000002e+02, 0.,
    -1.1418839999999999e+01, 1.8950000000000000e+02, 0.,
    -1.1369470000000000e+01, 1.8955000000000001e+02, 0.,
    -1.1329950000000000e+01, 1.8960000000000002e+02, 0.,
    -1.1280540000000000e+01, 1.8965000000000001e+02, 0.,
    -1.1241099999999999e+01, 1.8970000000000002e+02, 0.,
    -1.1196090000000000e+01, 1.8975000000000000e+02, 0.,
    -1.1162409999999999e+01, 1.8980000000000001e+02, 0.,
    -1.1117450000000000e+01, 1.8985000000000002e+02, 0.,
    -1.1069260000000000e+01, 1.8990000000000001e+02, 0.,
    -1.1022779999999999e+01, 1.8995000000000002e+02, 0.,
    -1.0964190000000000e+01, 190., 0., -1.0915830000000000e+01,
    1.9005000000000001e+02, 0., -1.0857070000000000e+01,
    1.9010000000000002e+02, 0., -1.0815590000000000e+01,
    1.9015000000000001e+02, 0., -1.0760910000000001e+01,
    1.9020000000000002e+02, 0., -1.0713870000000000e+01,
    1.9025000000000000e+02, 0., -1.0654970000000000e+01,
    1.9030000000000001e+02, 0., -1.0607810000000001e+01,
    1.9035000000000002e+02, 0., -1.0557890000000000e+01,
    1.9040000000000001e+02, 0., -1.0522850000000000e+01,
    1.9045000000000002e+02, 0., -1.0487640000000001e+01,
    1.9050000000000000e+02, 0., -1.0454580000000000e+01,
    1.9055000000000001e+02, 0., -1.0428179999999999e+01,
    1.9060000000000002e+02, 0., -1.0387630000000000e+01,
    1.9065000000000001e+02, 0., -1.0346270000000001e+01,
    1.9070000000000002e+02, 0., -1.0289450000000000e+01,
    1.9075000000000000e+02, 0., -1.0241330000000000e+01,
    1.9080000000000001e+02, 0., -1.0181100000000001e+01,
    1.9085000000000002e+02, 0., -1.0132980000000000e+01,
    1.9090000000000001e+02, 0., -1.0079029999999999e+01,
    1.9095000000000002e+02, 0., -1.0039190000000000e+01, 191., 0.,
    -9.9800900000000006e+00, 1.9105000000000001e+02, 0.,
    -9.9222500000000000e+00, 1.9110000000000002e+02, 0.,
    -9.8874899999999997e+00, 1.9115000000000001e+02, 0.,
    -9.8409499999999994e+00, 1.9120000000000002e+02, 0.,
    -9.7940299999999993e+00, 1.9125000000000000e+02, 0.,
    -9.7413900000000009e+00, 1.9130000000000001e+02, 0.,
    -9.7065900000000003e+00, 1.9135000000000002e+02, 0.,
    -9.6646699999999992e+00, 1.9140000000000001e+02, 0.,
    -9.6320300000000003e+00, 1.9145000000000002e+02, 0.,
    -9.5733800000000002e+00, 1.9150000000000000e+02, 0.,
    -9.5229400000000002e+00, 1.9155000000000001e+02, 0.,
    -9.4554700000000000e+00, 1.9160000000000002e+02, 0.,
    -9.4006699999999999e+00, 1.9165000000000001e+02, 0.,
    -9.3451799999999992e+00, 1.9170000000000002e+02, 0.,
    -9.2938799999999997e+00, 1.9175000000000000e+02, 0.,
    -9.2557200000000002e+00, 1.9180000000000001e+02, 0.,
    -9.2104800000000004e+00, 1.9185000000000002e+02, 0.,
    -9.1773199999999999e+00, 1.9190000000000001e+02, 0.,
    -9.1347600000000000e+00, 1.9195000000000002e+02, 0.,
    -9.1001999999999992e+00, 192., 0., -9.0432000000000006e+00,
    1.9205000000000001e+02, 0., -8.9948800000000002e+00,
    1.9210000000000002e+02, 0., -8.9361999999999995e+00,
    1.9215000000000001e+02, 0., -8.8794500000000003e+00,
    1.9220000000000002e+02, 0., -8.8386899999999997e+00,
    1.9225000000000000e+02, 0., -8.7895800000000008e+00,
    1.9230000000000001e+02, 0., -8.7564600000000006e+00,
    1.9235000000000002e+02, 0., -8.7167800000000000e+00,
    1.9240000000000001e+02, 0., -8.6871399999999994e+00,
    1.9245000000000002e+02, 0., -8.6506100000000004e+00,
    1.9250000000000000e+02, 0., -8.6217299999999994e+00,
    1.9255000000000001e+02, 0., -8.5736399999999993e+00,
    1.9260000000000002e+02, 0., -8.5177399999999999e+00,
    1.9265000000000001e+02, 0., -8.4577799999999996e+00,
    1.9270000000000002e+02, 0., -8.3864699999999992e+00,
    1.9275000000000000e+02, 0., -8.3338300000000007e+00,
    1.9280000000000001e+02, 0., -8.2711199999999998e+00,
    1.9285000000000002e+02, 0., -8.2246799999999993e+00,
    1.9290000000000001e+02, 0., -8.1718700000000002e+00,
    1.9295000000000002e+02, 0., -8.1324299999999994e+00, 193., 0.,
    -8.0873799999999996e+00, 1.9305000000000001e+02, 0.,
    -8.0536200000000004e+00, 1.9310000000000002e+02, 0.,
    -8.0106999999999999e+00, 1.9315000000000001e+02, 0.,
    -7.9651399999999999e+00, 1.9320000000000002e+02, 0.,
    -7.9208999999999996e+00, 1.9325000000000000e+02, 0.,
    -7.8676599999999999e+00, 1.9330000000000001e+02, 0.,
    -7.8276599999999998e+00, 1.9335000000000002e+02, 0.,
    -7.7823399999999996e+00, 1.9340000000000001e+02, 0.,
    -7.7486600000000001e+00, 1.9345000000000002e+02, 0.,
    -7.7037000000000004e+00, 1.9350000000000000e+02, 0.,
