%YAML:1.0
---
profile: [ 1.6820000000000002e+02, 0., -9.2658600000000000e+00,
    1.6825000000000000e+02, 0., -9.2538599999999995e+00,
    1.6830000000000001e+02, 0., -9.2325199999999992e+00,
    1.6835000000000002e+02, 0., -9.2079199999999997e+00,
    1.6840000000000001e+02, 0., -9.1711100000000005e+00,
    1.6845000000000002e+02, 0., -9.1384699999999999e+00,
    1.6850000000000000e+02, 0., -9.0881799999999995e+00,
    1.6855000000000001e+02, 0., -9.0429800000000000e+00,
    1.6860000000000002e+02, 0., -8.9833099999999995e+00,
    1.6865000000000001e+02, 0., -8.9339099999999991e+00,
    1.6870000000000002e+02, 0., -8.8683300000000003e+00,
    1.6875000000000000e+02, 0., -8.8139299999999992e+00,
    1.6880000000000001e+02, 0., -8.7585499999999996e+00,
    1.6885000000000002e+02, 0., -8.7209900000000005e+00,
    1.6890000000000001e+02, 0., -8.6690000000000005e+00,
    1.6895000000000002e+02, 0., -8.6247199999999999e+00, 169., 0.,
    -8.5739500000000000e+00, 1.6905000000000001e+02, 0.,
    -8.5358300000000007e+00, 1.6910000000000002e+02, 0.,
    -8.4830400000000008e+00, 1.6915000000000001e+02, 0.,
    -8.4381599999999999e+00, 1.6920000000000002e+02, 0.,
    -8.3885299999999994e+00, 1.6925000000000000e+02, 0.,
    -8.3523300000000003e+00, 1.6930000000000001e+02, 0.,
    -8.3005200000000006e+00, 1.6935000000000002e+02, 0.,
    -8.2556799999999999e+00, 1.6940000000000001e+02, 0.,
    -8.2095300000000009e+00, 1.6945000000000002e+02, 0.,
    -8.1746099999999995e+00, 1.6950000000000000e+02, 0.,
    -8.1216299999999997e+00, 1.6955000000000001e+02, 0.,
    -8.0774299999999997e+00, 1.6960000000000002e+02, 0.,
    -8.0208800000000000e+00, 1.6965000000000001e+02, 0.,
    -7.9753999999999996e+00, 1.6970000000000002e+02, 0.,
    -7.9154400000000003e+00, 1.6975000000000000e+02, 0.,
    -7.8669200000000004e+00, 1.6980000000000001e+02, 0.,
    -7.8161899999999997e+00, 1.6985000000000002e+02, 0.,
    -7.7776300000000003e+00, 1.6990000000000001e+02, 0.,
    -7.7369100000000000e+00, 1.6995000000000002e+02, 0.,
    -7.7058700000000000e+00, 170., 0., -7.6617800000000003e+00,
    1.7005000000000001e+02, 0., -7.6162700000000001e+00,
    1.7010000000000002e+02, 0., -7.5796700000000001e+00,
    1.7015000000000001e+02, 0., -7.5327599999999997e+00,
    1.7020000000000002e+02, 0., -7.4917999999999996e+00,
    1.7025000000000000e+02, 0., -7.4382000000000001e+00,
    1.7030000000000001e+02, 0., -7.3879200000000003e+00,
    1.7035000000000002e+02, 0., -7.3253800000000000e+00,
    1.7040000000000001e+02, 0., -7.2763799999999996e+00,
    1.7045000000000002e+02, 0., -7.2177199999999999e+00,
    1.7050000000000000e+02, 0., -7.1793199999999997e+00,
    1.7055000000000001e+02, 0., -7.1294199999999996e+00,
    1.7060000000000002e+02, 0., -7.0834200000000003e+00,
    1.7065000000000001e+02, 0., -7.0297599999999996e+00,
    1.7070000000000002e+02, 0., -6.9914399999999999e+00,
    1.7075000000000000e+02, 0., -6.9450099999999999e+00,
    1.7080000000000001e+02, 0., -6.9097700000000000e+00,
    1.7085000000000002e+02, 0., -6.8624099999999997e+00,
    1.7090000000000001e+02, 0., -6.8206899999999999e+00,
    1.7095000000000002e+02, 0., -6.7710499999999998e+00, 171., 0.,
    -6.7326899999999998e+00, 1.7105000000000001e+02, 0.,
    -6.6782800000000000e+00, 1.7110000000000002e+02, 0.,
    -6.6313199999999997e+00, 1.7115000000000001e+02, 0.,
    -6.5753399999999997e+00, 1.7120000000000002e+02, 0.,
    -6.5320999999999998e+00, 1.7125000000000000e+02, 0.,
    -6.4793500000000002e+00, 1.7130000000000001e+02, 0.,
    -6.4379499999999998e+00, 1.7135000000000002e+02, 0.,
    -6.3825000000000003e+00, 1.7140000000000001e+02, 0.,
    -6.3361799999999997e+00, 1.7145000000000002e+02, 0.,
    -6.2847799999999996e+00, 1.7150000000000000e+02, 0.,
    -6.2471399999999999e+00, 1.7155000000000001e+02, 0.,
    -6.1945600000000001e+00, 1.7160000000000002e+02, 0.,
    -6.1495600000000001e+00, 1.7165000000000001e+02, 0.,
    -6.0947600000000000e+00, 1.7170000000000002e+02, 0.,
    -6.0518000000000001e+00, 1.7175000000000000e+02, 0.,
    -5.9954400000000003e+00, 1.7180000000000001e+02, 0.,
    -5.9498800000000003e+00, 1.7185000000000002e+02, 0.,
    -5.8959900000000003e+00, 1.7190000000000001e+02, 0.,
    -5.8535500000000003e+00, 1.7195000000000002e+02, 0.,
    -5.7955100000000002e+00, 172., 0., -5.7481499999999999e+00,
    1.7205000000000001e+02, 0., -5.7024699999999999e+00,
    1.7210000000000002e+02, 0., -5.6621699999999997e+00,
    1.7215000000000001e+02, 0., -5.6364500000000000e+00,
    1.7220000000000002e+02, 0., -5.6022100000000004e+00,
    1.7225000000000000e+02, 0., -5.5684100000000001e+00,
    1.7230000000000001e+02, 0., -5.5237299999999996e+00,
    1.7235000000000002e+02, 0., -5.4850899999999996e+00,
    1.7240000000000001e+02, 0., -5.4328300000000000e+00,
    1.7245000000000002e+02, 0., -5.3862699999999997e+00,
    1.7250000000000000e+02, 0., -5.3255999999999997e+00,
    1.7255000000000001e+02, 0., -5.2741600000000002e+00,
    1.7260000000000002e+02, 0., -5.2117000000000004e+00,
    1.7265000000000001e+02, 0., -5.1639400000000002e+00,
    1.7270000000000002e+02, 0., -5.1018100000000004e+00,
    1.7275000000000000e+02, 0., -5.0492499999999998e+00,
    1.7280000000000001e+02, 0., -4.9865899999999996e+00,
    1.7285000000000002e+02, 0., -4.9401900000000003e+00,
    1.7290000000000001e+02, 0., -4.8927100000000001e+00,
    1.7295000000000002e+02, 0., -4.8673500000000001e+00, 173., 0.,
    -4.8330799999999998e+00, 1.7305000000000001e+02, 0.,
    -4.8043199999999997e+00, 1.7310000000000002e+02, 0.,
    -4.7642699999999998e+00, 1.7315000000000001e+02, 0.,
    -4.7314699999999998e+00, 1.7320000000000002e+02, 0.,
    -4.6751899999999997e+00, 1.7325000000000000e+02, 0.,
    -4.6151299999999997e+00, 1.7330000000000001e+02, 0.,
    -4.5669300000000002e+00, 1.7335000000000002e+02, 0.,
    -4.5187299999999997e+00, 1.7340000000000001e+02, 0.,
    -4.4578800000000003e+00, 1.7345000000000002e+02, 0.,
    -4.4091600000000000e+00, 1.7350000000000000e+02, 0.,
    -4.3538800000000002e+00, 1.7355000000000001e+02, 0.,
    -4.3007600000000004e+00, 1.7360000000000002e+02, 0.,
    -4.2606400000000004e+00, 1.7365000000000001e+02, 0.,
    -4.2122500000000000e+00, 1.7370000000000002e+02, 0.,
    -4.1794900000000004e+00, 1.7375000000000000e+02, 0.,
    -4.1375700000000002e+00, 1.7380000000000001e+02, 0.,
    -4.1029299999999997e+00, 1.7385000000000002e+02, 0.,
    -4.0532500000000002e+00, 1.7390000000000001e+02, 0.,
    -4.0058900000000000e+00, 1.7395000000000002e+02, 0.,
    -3.9460400000000000e+00, 174., 0., -3.8974799999999998e+00,
    1.7405000000000001e+02, 0., -3.8443000000000001e+00,
    1.7410000000000002e+02, 0., -3.8108599999999999e+00,
    1.7415000000000001e+02, 0., -3.7654200000000002e+00,
    1.7420000000000002e+02, 0., -3.7271800000000002e+00,
    1.7425000000000000e+02, 0., -3.6781500000000000e+00,
    1.7430000000000001e+02, 0., -3.6387100000000001e+00,
    1.7435000000000002e+02, 0., -3.5924499999999999e+00,
    1.7440000000000001e+02, 0., -3.5560499999999999e+00,
    1.7445000000000002e+02, 0., -3.4905100000000000e+00,
    1.7450000000000000e+02, 0., -3.4341100000000000e+00,
    1.7455000000000001e+02, 0., -3.3727499999999999e+00,
    1.7460000000000002e+02, 0., -3.3255100000000000e+00,
    1.7465000000000001e+02, 0., -3.2707400000000000e+00,
    1.7470000000000002e+02, 0., -3.2201200000000001e+00,
    1.7475000000000000e+02, 0., -3.1893199999999999e+00,
    1.7480000000000001e+02, 0., -3.1509700000000000e+00,
    1.7485000000000002e+02, 0., -3.1210499999999999e+00,
    1.7490000000000001e+02, 0., -3.0775199999999998e+00,
    1.7495000000000002e+02, 0., -3.0353599999999998e+00, 175., 0.,
    -2.9843799999999998e+00, 1.7505000000000001e+02, 0.,
    -2.9445399999999999e+00, 1.7510000000000002e+02, 0.,
    -2.8951600000000002e+00, 1.7515000000000001e+02, 0.,
    -2.8559199999999998e+00, 1.7520000000000002e+02, 0.,
    -2.8083000000000000e+00, 1.7525000000000000e+02, 0.,
