%YAML:1.0
---
profile: [ 1.6005000000000001e+02, 0., -1.0590850000000000e+01,
    1.6010000000000002e+02, 0., -1.0550810000000000e+01,
    1.6015000000000001e+02, 0., -1.0499070000000000e+01,
    1.6020000000000002e+02, 0., -1.0455670000000000e+01,
    1.6025000000000000e+02, 0., -1.0400119999999999e+01,
    1.6030000000000001e+02, 0., -1.0351839999999999e+01,
    1.6035000000000002e+02, 0., -1.0295150000000000e+01,
    1.6040000000000001e+02, 0., -1.0261509999999999e+01,
    1.6045000000000002e+02, 0., -1.0216680000000000e+01,
    1.6050000000000000e+02, 0., -1.0172240000000000e+01,
    1.6055000000000001e+02, 0., -1.0119070000000001e+01,
    1.6060000000000002e+02, 0., -1.0084190000000000e+01,
    1.6065000000000001e+02, 0., -1.0040710000000001e+01,
    1.6070000000000002e+02, 0., -1.0006470000000000e+01,
    1.6075000000000000e+02, 0., -9.9623399999999993e+00,
    1.6080000000000001e+02, 0., -9.9230999999999998e+00,
    1.6085000000000002e+02, 0., -9.8723799999999997e+00,
    1.6090000000000001e+02, 0., -9.8267799999999994e+00,
    1.6095000000000002e+02, 0., -9.7699200000000008e+00, 161., 0.,
    -9.7249999999999996e+00, 1.6105000000000001e+02, 0.,
    -9.6800800000000002e+00, 1.6110000000000002e+02, 0.,
    -9.6326900000000002e+00, 1.6115000000000001e+02, 0.,
    -9.5966100000000001e+00, 1.6120000000000002e+02, 0.,
    -9.5339100000000006e+00, 1.6125000000000000e+02, 0.,
    -9.4802700000000009e+00, 1.6130000000000001e+02, 0.,
    -9.4252400000000005e+00, 1.6135000000000002e+02, 0.,
    -9.3836399999999998e+00, 1.6140000000000001e+02, 0.,
    -9.3296500000000009e+00, 1.6145000000000002e+02, 0.,
    -9.2860899999999997e+00, 1.6150000000000000e+02, 0.,
    -9.2361000000000004e+00, 1.6155000000000001e+02, 0.,
    -9.1970200000000002e+00, 1.6160000000000002e+02, 0.,
    -9.1434300000000004e+00, 1.6165000000000001e+02, 0.,
    -9.0980299999999996e+00, 1.6170000000000002e+02, 0.,
    -9.0404599999999995e+00, 1.6175000000000000e+02, 0.,
    -8.9939800000000005e+00, 1.6180000000000001e+02, 0.,
    -8.9419299999999993e+00, 1.6185000000000002e+02, 0.,
    -8.9035299999999999e+00, 1.6190000000000001e+02, 0.,
    -8.8626600000000000e+00, 1.6195000000000002e+02, 0.,
    -8.8338599999999996e+00, 162., 0., -8.7858999999999998e+00,
    1.6205000000000001e+02, 0., -8.7412600000000005e+00,
    1.6210000000000002e+02, 0., -8.6888799999999993e+00,
    1.6215000000000001e+02, 0., -8.6488399999999999e+00,
    1.6220000000000002e+02, 0., -8.5990900000000003e+00,
    1.6225000000000000e+02, 0., -8.5595300000000005e+00,
    1.6230000000000001e+02, 0., -8.5026399999999995e+00,
    1.6235000000000002e+02, 0., -8.4531600000000005e+00,
    1.6240000000000001e+02, 0., -8.3890999999999991e+00,
    1.6245000000000002e+02, 0., -8.3353800000000007e+00,
    1.6250000000000000e+02, 0., -8.2772699999999997e+00,
    1.6255000000000001e+02, 0., -8.2416300000000007e+00,
    1.6260000000000002e+02, 0., -8.1961200000000005e+00,
    1.6265000000000001e+02, 0., -8.1586400000000001e+00,
    1.6270000000000002e+02, 0., -8.1093399999999995e+00,
    1.6275000000000000e+02, 0., -8.0670199999999994e+00,
    1.6280000000000001e+02, 0., -8.0118700000000000e+00,
    1.6285000000000002e+02, 0., -7.9651500000000004e+00,
    1.6290000000000001e+02, 0., -7.9164000000000003e+00,
    1.6295000000000002e+02, 0., -7.8890000000000002e+00, 163., 0.,
    -7.8438200000000000e+00, 1.6305000000000001e+02, 0.,
    -7.7945799999999998e+00, 1.6310000000000002e+02, 0.,
    -7.7420799999999996e+00, 1.6315000000000001e+02, 0.,
    -7.7109600000000000e+00, 1.6320000000000002e+02, 0.,
    -7.6666999999999996e+00, 1.6325000000000000e+02, 0.,
    -7.6249799999999999e+00, 1.6330000000000001e+02, 0.,
    -7.5721499999999997e+00, 1.6335000000000002e+02, 0.,
    -7.5291499999999996e+00, 1.6340000000000001e+02, 0.,
    -7.4771999999999998e+00, 1.6345000000000002e+02, 0.,
    -7.4379600000000003e+00, 1.6350000000000000e+02, 0.,
    -7.3842800000000004e+00, 1.6355000000000001e+02, 0.,
    -7.3388799999999996e+00, 1.6360000000000002e+02, 0.,
    -7.2845000000000004e+00, 1.6365000000000001e+02, 0.,
    -7.2440199999999999e+00, 1.6370000000000002e+02, 0.,
    -7.1937400000000000e+00, 1.6375000000000000e+02, 0.,
    -7.1539799999999998e+00, 1.6380000000000001e+02, 0.,
    -7.1039199999999996e+00, 1.6385000000000002e+02, 0.,
    -7.0635199999999996e+00, 1.6390000000000001e+02, 0.,
    -7.0108499999999996e+00, 1.6395000000000002e+02, 0.,
    -6.9661700000000000e+00, 164., 0., -6.9143600000000003e+00,
    1.6405000000000001e+02, 0., -6.8777600000000003e+00,
    1.6410000000000002e+02, 0., -6.8279600000000000e+00,
    1.6415000000000001e+02, 0., -6.7833199999999998e+00,
    1.6420000000000002e+02, 0., -6.7377799999999999e+00,
    1.6425000000000000e+02, 0., -6.7068199999999996e+00,
    1.6430000000000001e+02, 0., -6.6537199999999999e+00,
    1.6435000000000002e+02, 0., -6.6035599999999999e+00,
    1.6440000000000001e+02, 0., -6.5445799999999998e+00,
    1.6445000000000002e+02, 0., -6.4994600000000000e+00,
    1.6450000000000000e+02, 0., -6.4471900000000000e+00,
    1.6455000000000001e+02, 0., -6.4075899999999999e+00,
    1.6460000000000002e+02, 0., -6.3632299999999997e+00,
    1.6465000000000001e+02, 0., -6.3305899999999999e+00,
    1.6470000000000002e+02, 0., -6.2845199999999997e+00,
    1.6475000000000000e+02, 0., -6.2449599999999998e+00,
    1.6480000000000001e+02, 0., -6.1951099999999997e+00,
    1.6485000000000002e+02, 0., -6.1551099999999996e+00,
    1.6490000000000001e+02, 0., -6.0913399999999998e+00,
    1.6495000000000002e+02, 0., -6.0330199999999996e+00, 165., 0.,
    -5.9712600000000000e+00, 1.6505000000000001e+02, 0.,
    -5.9353400000000001e+00, 1.6510000000000002e+02, 0.,
    -5.8859000000000004e+00, 1.6515000000000001e+02, 0.,
    -5.8439399999999999e+00, 1.6520000000000002e+02, 0.,
    -5.7930500000000000e+00, 1.6525000000000000e+02, 0.,
    -5.7531699999999999e+00, 1.6530000000000001e+02, 0.,
    -5.7072599999999998e+00, 1.6535000000000002e+02, 0.,
    -5.6727400000000001e+00, 1.6540000000000001e+02, 0.,
    -5.6209600000000002e+00, 1.6545000000000002e+02, 0.,
    -5.5749599999999999e+00, 1.6550000000000000e+02, 0.,
    -5.5279699999999998e+00, 1.6555000000000001e+02, 0.,
    -5.4960899999999997e+00, 1.6560000000000002e+02, 0.,
    -5.4488799999999999e+00, 1.6565000000000001e+02, 0.,
    -5.4096399999999996e+00, 1.6570000000000002e+02, 0.,
    -5.3518499999999998e+00, 1.6575000000000000e+02, 0.,
    -5.3038900000000000e+00, 1.6580000000000001e+02, 0.,
    -5.2450200000000002e+00, 1.6585000000000002e+02, 0.,
    -5.1981400000000004e+00, 1.6590000000000001e+02, 0.,
    -5.1446399999999999e+00, 1.6595000000000002e+02, 0.,
    -5.1045999999999996e+00, 166., 0., -5.0547300000000002e+00,
    1.6605000000000001e+02, 0., -5.0149299999999997e+00,
    1.6610000000000002e+02, 0., -4.9694000000000003e+00,
    1.6615000000000001e+02, 0., -4.9338400000000000e+00,
    1.6620000000000002e+02, 0., -4.8826400000000003e+00,
    1.6625000000000000e+02, 0., -4.8403999999999998e+00,
    1.6630000000000001e+02, 0., -4.7869200000000003e+00,
    1.6635000000000002e+02, 0., -4.7440400000000000e+00,
    1.6640000000000001e+02, 0., -4.6904399999999997e+00,
    1.6645000000000002e+02, 0., -4.6475600000000004e+00,
    1.6650000000000000e+02, 0., -4.5848000000000004e+00,
    1.6655000000000001e+02, 0., -4.5327999999999999e+00,
    1.6660000000000002e+02, 0., -4.4733000000000001e+00,
    1.6665000000000001e+02, 0., -4.4268200000000002e+00,
    1.6670000000000002e+02, 0., -4.3724299999999996e+00,
    1.6675000000000000e+02, 0., -4.3296700000000001e+00,
    1.6680000000000001e+02, 0., -4.2884500000000001e+00,
    1.6685000000000002e+02, 0., -4.2579300000000000e+00,
    1.6690000000000001e+02, 0., -4.2045300000000001e+00,
    1.6695000000000002e+02, 0., -4.1588099999999999e+00, 167., 0.,
    -4.1069000000000004e+00, 1.6705000000000001e+02, 0.,
    -4.0571099999999998e+00, 1.6710000000000002e+02, 0.,
