%YAML:1.0
---
profile: [ 1.9735000000000002e+02, 0., -2.0852409999999999e+01,
    1.9740000000000001e+02, 0., -2.0841809999999999e+01,
    1.9745000000000002e+02, 0., -2.0821739999999998e+01,
    1.9750000000000000e+02, 0., -2.0802060000000001e+01,
    1.9755000000000001e+02, 0., -2.0769790000000000e+01,
    1.9760000000000002e+02, 0., -2.0731700000000000e+01,
    1.9765000000000001e+02, 0., -2.0688580000000002e+01,
    1.9770000000000002e+02, 0., -2.0631930000000001e+01,
    1.9775000000000000e+02, 0., -2.0583410000000001e+01,
    1.9780000000000001e+02, 0., -2.0517869999999998e+01,
    1.9785000000000002e+02, 0., -2.0459589999999999e+01,
    1.9790000000000001e+02, 0., -2.0396100000000001e+01,
    1.9795000000000002e+02, 0., -2.0350339999999999e+01, 198., 0.,
    -2.0291689999999999e+01, 1.9805000000000001e+02, 0.,
    -2.0244050000000001e+01, 1.9810000000000002e+02, 0.,
    -2.0193770000000001e+01, 1.9815000000000001e+02, 0.,
    -2.0155449999999998e+01, 1.9820000000000002e+02, 0.,
    -2.0107270000000000e+01, 1.9825000000000000e+02, 0.,
    -2.0059270000000001e+01, 1.9830000000000001e+02, 0.,
    -2.0021509999999999e+01, 1.9835000000000002e+02, 0.,
    -1.9971219999999999e+01, 1.9840000000000001e+02, 0.,
    -1.9927420000000001e+01, 1.9845000000000002e+02, 0.,
    -1.9881850000000000e+01, 1.9850000000000000e+02, 0.,
    -1.9850330000000000e+01, 1.9855000000000001e+02, 0.,
    -1.9805119999999999e+01, 1.9860000000000002e+02, 0.,
    -1.9765920000000001e+01, 1.9865000000000001e+02, 0.,
    -1.9700250000000000e+01, 1.9870000000000002e+02, 0.,
    -1.9633019999999998e+01, 1.9875000000000000e+02, 0.,
    -1.9587460000000000e+01, 1.9880000000000001e+02, 0.,
    -1.9531169999999999e+01, 1.9885000000000002e+02, 0.,
    -1.9488250000000001e+01, 1.9890000000000001e+02, 0.,
    -1.9438710000000000e+01, 1.9895000000000002e+02, 0.,
    -1.9404109999999999e+01, 199., 0., -1.9360650000000000e+01,
    1.9905000000000001e+02, 0., -1.9325849999999999e+01,
    1.9910000000000002e+02, 0., -1.9276859999999999e+01,
    1.9915000000000001e+02, 0., -1.9234739999999999e+01,
    1.9920000000000002e+02, 0., -1.9174610000000001e+01,
    1.9925000000000000e+02, 0., -1.9115100000000002e+01,
    1.9930000000000001e+02, 0., -1.9075740000000000e+01,
    1.9935000000000002e+02, 0., -1.9023540000000001e+01,
    1.9940000000000001e+02, 0., -1.8972500000000000e+01,
    1.9945000000000002e+02, 0., -1.8915500000000002e+01,
    1.9950000000000000e+02, 0., -1.8878180000000000e+01,
    1.9955000000000001e+02, 0., -1.8825399999999998e+01,
    1.9960000000000002e+02, 0., -1.8775919999999999e+01,
    1.9965000000000001e+02, 0., -1.8728710000000000e+01,
    1.9970000000000002e+02, 0., -1.8698789999999999e+01,
    1.9975000000000000e+02, 0., -1.8663570000000000e+01,
    1.9980000000000001e+02, 0., -1.8625209999999999e+01,
    1.9985000000000002e+02, 0., -1.8582570000000000e+01,
    1.9990000000000001e+02, 0., -1.8529949999999999e+01,
    1.9995000000000002e+02, 0., -1.8488750000000000e+01, 200., 0.,
    -1.8431319999999999e+01, 2.0005000000000001e+02, 0.,
    -1.8378280000000000e+01, 2.0010000000000002e+02, 0.,
    -1.8323760000000000e+01, 2.0015000000000001e+02, 0.,
    -1.8286480000000001e+01, 2.0020000000000002e+02, 0.,
    -1.8241440000000001e+01, 2.0025000000000000e+02, 0.,
    -1.8196050000000000e+01, 2.0030000000000001e+02, 0.,
    -1.8157609999999998e+01, 2.0035000000000002e+02, 0.,
    -1.8107559999999999e+01, 2.0040000000000001e+02, 0.,
    -1.8061399999999999e+01, 2.0045000000000002e+02, 0.,
    -1.8002839999999999e+01, 2.0050000000000000e+02, 0.,
    -1.7955079999999999e+01, 2.0055000000000001e+02, 0.,
    -1.7902380000000001e+01, 2.0060000000000002e+02, 0.,
    -1.7864020000000000e+01, 2.0065000000000001e+02, 0.,
    -1.7809020000000000e+01, 2.0070000000000002e+02, 0.,
    -1.7761299999999999e+01, 2.0075000000000000e+02, 0.,
    -1.7707699999999999e+01, 2.0080000000000001e+02, 0.,
    -1.7655799999999999e+01, 2.0085000000000002e+02, 0.,
    -1.7614840000000001e+01, 2.0090000000000001e+02, 0.,
    -1.7566980000000001e+01, 2.0095000000000002e+02, 0.,
    -1.7532699999999998e+01, 201., 0., -1.7484999999999999e+01,
    2.0105000000000001e+02, 0., -1.7441160000000000e+01,
    2.0110000000000002e+02, 0., -1.7393110000000000e+01,
    2.0115000000000001e+02, 0., -1.7358270000000001e+01,
    2.0120000000000002e+02, 0., -1.7310189999999999e+01,
    2.0125000000000000e+02, 0., -1.7259170000000001e+01,
    2.0130000000000001e+02, 0., -1.7212450000000000e+01,
    2.0135000000000002e+02, 0., -1.7155639999999998e+01,
    2.0140000000000001e+02, 0., -1.7112120000000001e+01,
    2.0145000000000002e+02, 0., -1.7060260000000000e+01,
    2.0150000000000000e+02, 0., -1.7021820000000002e+01,
    2.0155000000000001e+02, 0., -1.6982040000000001e+01,
    2.0160000000000002e+02, 0., -1.6954680000000000e+01,
    2.0165000000000001e+02, 0., -1.6916740000000001e+01,
    2.0170000000000002e+02, 0., -1.6872699999999998e+01,
    2.0175000000000000e+02, 0., -1.6820979999999999e+01,
    2.0180000000000001e+02, 0., -1.6750280000000000e+01,
    2.0185000000000002e+02, 0., -1.6686520000000002e+01,
    2.0190000000000001e+02, 0., -1.6612839999999998e+01,
    2.0195000000000002e+02, 0., -1.6561119999999999e+01, 202., 0.,
    -1.6508160000000000e+01, 2.0205000000000001e+02, 0.,
    -1.6472079999999998e+01, 2.0210000000000002e+02, 0.,
    -1.6427450000000000e+01, 2.0215000000000001e+02, 0.,
    -1.6392050000000001e+01, 2.0220000000000002e+02, 0.,
    -1.6349989999999998e+01, 2.0225000000000000e+02, 0.,
    -1.6306619999999999e+01, 2.0230000000000001e+02, 0.,
    -1.6265979999999999e+01, 2.0235000000000002e+02, 0.,
    -1.6218190000000000e+01, 2.0240000000000001e+02, 0.,
    -1.6183589999999999e+01, 2.0245000000000002e+02, 0.,
    -1.6132449999999999e+01, 2.0250000000000000e+02, 0.,
    -1.6087409999999998e+01, 2.0255000000000001e+02, 0.,
    -1.6034140000000001e+01, 2.0260000000000002e+02, 0.,
    -1.5982570000000001e+01, 2.0265000000000001e+02, 0.,
    -1.5944210000000000e+01, 2.0270000000000002e+02, 0.,
    -1.5896640000000000e+01, 2.0275000000000000e+02, 0.,
    -1.5859159999999999e+01, 2.0280000000000001e+02, 0.,
    -1.5814900000000000e+01, 2.0285000000000002e+02, 0.,
    -1.5780939999999999e+01, 2.0290000000000001e+02, 0.,
    -1.5731290000000000e+01, 2.0295000000000002e+02, 0.,
    -1.5687810000000001e+01, 203., 0., -1.5638700000000000e+01,
    2.0305000000000001e+02, 0., -1.5588139999999999e+01,
    2.0310000000000002e+02, 0., -1.5538779999999999e+01,
    2.0315000000000001e+02, 0., -1.5477280000000000e+01,
    2.0320000000000002e+02, 0., -1.5428319999999999e+01,
    2.0325000000000000e+02, 0., -1.5363640000000000e+01,
    2.0330000000000001e+02, 0., -1.5307760000000000e+01,
    2.0335000000000002e+02, 0., -1.5251160000000000e+01,
    2.0340000000000001e+02, 0., -1.5213039999999999e+01,
    2.0345000000000002e+02, 0., -1.5167490000000001e+01,
    2.0350000000000000e+02, 0., -1.5122850000000000e+01,
    2.0355000000000001e+02, 0., -1.5088450000000000e+01,
    2.0360000000000002e+02, 0., -1.5044359999999999e+01,
    2.0365000000000001e+02, 0., -1.5007800000000000e+01,
    2.0370000000000002e+02, 0., -1.4955410000000001e+01,
    2.0375000000000000e+02, 0., -1.4909970000000000e+01,
    2.0380000000000001e+02, 0., -1.4856220000000000e+01,
    2.0385000000000002e+02, 0., -1.4805020000000001e+01,
    2.0390000000000001e+02, 0., -1.4769900000000000e+01,
    2.0395000000000002e+02, 0., -1.4728199999999999e+01, 204., 0.,
    -1.4697559999999999e+01, 2.0405000000000001e+02, 0.,
    -1.4652139999999999e+01, 2.0410000000000002e+02, 0.,
    -1.4612019999999999e+01, 2.0415000000000001e+02, 0.,
    -1.4556410000000000e+01, 2.0420000000000002e+02, 0.,
    -1.4510890000000000e+01, 2.0425000000000000e+02, 0.,
    -1.4459370000000000e+01, 2.0430000000000001e+02, 0.,
    -1.4410090000000000e+01, 2.0435000000000002e+02, 0.,
    -1.4373530000000001e+01, 2.0440000000000001e+02, 0.,
