%YAML:1.0
---
profile: [ 2.2075000000000000e+02, 0., 8.9060000000000000e-02,
    2.2080000000000001e+02, 0., 1.0806000000000000e-01,
    2.2085000000000002e+02, 0., 1.3411999999999999e-01,
    2.2090000000000001e+02, 0., 1.6446000000000000e-01,
    2.2095000000000002e+02, 0., 1.9309999999999999e-01, 221., 0.,
    2.3837000000000000e-01, 2.2105000000000001e+02, 0.,
    2.9089999999999999e-01, 2.2110000000000002e+02, 0.,
    3.3622000000000002e-01, 2.2115000000000001e+02, 0.,
    3.9346999999999999e-01, 2.2120000000000002e+02, 0.,
    4.3998999999999999e-01, 2.2125000000000000e+02, 0.,
    4.9691999999999997e-01, 2.2130000000000001e+02, 0.,
    5.5903999999999998e-01, 2.2135000000000002e+02, 0.,
    6.2636000000000003e-01, 2.2140000000000001e+02, 0.,
    6.9247000000000003e-01, 2.2145000000000002e+02, 0.,
    7.2363000000000000e-01, 2.2150000000000000e+02, 0.,
    7.2306999999999999e-01, 2.2155000000000001e+02, 0.,
    7.3895000000000000e-01, 2.2160000000000002e+02, 0.,
    7.8319000000000005e-01, 2.2165000000000001e+02, 0.,
    8.3414999999999995e-01, 2.2170000000000002e+02, 0.,
    8.8856999999999997e-01, 2.2175000000000000e+02, 0.,
    9.4645000000000001e-01, 2.2180000000000001e+02, 0.,
    1.0073000000000001e+00, 2.2185000000000002e+02, 0.,
    1.0498200000000000e+00, 2.2190000000000001e+02, 0.,
    1.1016100000000000e+00, 2.2195000000000002e+02, 0.,
    1.1457900000000001e+00, 222., 0., 1.1723500000000000e+00,
    2.2205000000000001e+02, 0., 1.2101299999999999e+00,
    2.2210000000000002e+02, 0., 1.2526700000000000e+00,
    2.2215000000000001e+02, 0., 1.2921899999999999e+00,
    2.2220000000000002e+02, 0., 1.3457900000000000e+00,
    2.2225000000000000e+02, 0., 1.3908300000000000e+00,
    2.2230000000000001e+02, 0., 1.4635499999999999e+00,
    2.2235000000000002e+02, 0., 1.5294800000000000e+00,
    2.2240000000000001e+02, 0., 1.5691999999999999e+00,
    2.2245000000000002e+02, 0., 1.6163500000000000e+00,
    2.2250000000000000e+02, 0., 1.6591600000000000e+00,
    2.2255000000000001e+02, 0., 1.6848799999999999e+00,
    2.2260000000000002e+02, 0., 1.7324600000000001e+00,
    2.2265000000000001e+02, 0., 1.7787400000000000e+00,
    2.2270000000000002e+02, 0., 1.8318900000000000e+00,
    2.2275000000000000e+02, 0., 1.8845400000000001e+00,
    2.2280000000000001e+02, 0., 1.9274600000000000e+00,
    2.2285000000000002e+02, 0., 1.9801299999999999e+00,
    2.2290000000000001e+02, 0., 2.0308999999999999e+00,
    2.2295000000000002e+02, 0., 2.0678600000000000e+00, 223., 0.,
    2.1097000000000001e+00, 2.2305000000000001e+02, 0.,
    2.1407799999999999e+00, 2.2310000000000002e+02, 0.,
    2.1885500000000002e+00, 2.2315000000000001e+02, 0.,
    2.2416499999999999e+00, 2.2320000000000002e+02, 0.,
    2.2878500000000002e+00, 2.2325000000000000e+02, 0.,
    2.3426399999999998e+00, 2.2330000000000001e+02, 0.,
    2.3954300000000002e+00, 2.2335000000000002e+02, 0.,
    2.4376699999999998e+00, 2.2340000000000001e+02, 0.,
    2.4824899999999999e+00, 2.2345000000000002e+02, 0.,
    2.5140899999999999e+00, 2.2350000000000000e+02, 0.,
    2.5618699999999999e+00, 2.2355000000000001e+02, 0.,
    2.6158399999999999e+00, 2.2360000000000002e+02, 0.,
    2.6639599999999999e+00, 2.2365000000000001e+02, 0.,
    2.7180700000000000e+00, 2.2370000000000002e+02, 0.,
    2.7717800000000001e+00, 2.2375000000000000e+02, 0.,
    2.8183400000000001e+00, 2.2380000000000001e+02, 0.,
    2.8662700000000001e+00, 2.2385000000000002e+02, 0.,
    2.8990700000000000e+00, 2.2390000000000001e+02, 0.,
    2.9426000000000001e+00, 2.2395000000000002e+02, 0.,
    2.9859800000000001e+00, 224., 0., 3.0196999999999998e+00,
    2.2405000000000001e+02, 0., 3.0678500000000000e+00,
    2.2410000000000002e+02, 0., 3.1219299999999999e+00,
    2.2415000000000001e+02, 0., 3.1704500000000002e+00,
    2.2420000000000002e+02, 0., 3.2363599999999999e+00,
    2.2425000000000000e+02, 0., 3.3014800000000002e+00,
    2.2430000000000001e+02, 0., 3.3400799999999999e+00,
    2.2435000000000002e+02, 0., 3.3866299999999998e+00,
    2.2440000000000001e+02, 0., 3.4217499999999998e+00,
    2.2445000000000002e+02, 0., 3.4687600000000001e+00,
    2.2450000000000000e+02, 0., 3.5150600000000001e+00,
    2.2455000000000001e+02, 0., 3.5503399999999998e+00,
    2.2460000000000002e+02, 0., 3.6038999999999999e+00,
    2.2465000000000001e+02, 0., 3.6624300000000001e+00,
    2.2470000000000002e+02, 0., 3.7049500000000002e+00,
    2.2475000000000000e+02, 0., 3.7581099999999998e+00,
    2.2480000000000001e+02, 0., 3.8005900000000001e+00,
    2.2485000000000002e+02, 0., 3.8552100000000000e+00,
    2.2490000000000001e+02, 0., 3.9121199999999998e+00,
    2.2495000000000002e+02, 0., 3.9598800000000001e+00, 225., 0.,
    4.0018099999999999e+00, 2.2505000000000001e+02, 0.,
    4.0405699999999998e+00, 2.2510000000000002e+02, 0.,
    4.0755299999999997e+00, 2.2515000000000001e+02, 0.,
    4.1254700000000000e+00, 2.2520000000000002e+02, 0.,
    4.1785699999999997e+00, 2.2525000000000000e+02, 0.,
    4.2179700000000002e+00, 2.2530000000000001e+02, 0.,
    4.2723399999999998e+00, 2.2535000000000002e+02, 0.,
    4.3185399999999996e+00, 2.2540000000000001e+02, 0.,
    4.3747100000000003e+00, 2.2545000000000002e+02, 0.,
    4.4308100000000001e+00, 2.2550000000000000e+02, 0.,
    4.4761699999999998e+00, 2.2555000000000001e+02, 0.,
    4.5200100000000001e+00, 2.2560000000000002e+02, 0.,
    4.5640099999999997e+00, 2.2565000000000001e+02, 0.,
    4.6100899999999996e+00, 2.2570000000000002e+02, 0.,
    4.6653799999999999e+00, 2.2575000000000000e+02, 0.,
    4.7170100000000001e+00, 2.2580000000000001e+02, 0.,
    4.7513699999999996e+00, 2.2585000000000002e+02, 0.,
    4.7961099999999997e+00, 2.2590000000000001e+02, 0.,
    4.8339499999999997e+00, 2.2595000000000002e+02, 0.,
    4.8782500000000004e+00, 226., 0., 4.9295499999999999e+00,
    2.2605000000000001e+02, 0., 4.9799100000000003e+00,
    2.2610000000000002e+02, 0., 5.0268199999999998e+00,
    2.2615000000000001e+02, 0., 5.0724000000000000e+00,
    2.2620000000000002e+02, 0., 5.1175199999999998e+00,
    2.2625000000000000e+02, 0., 5.1699599999999997e+00,
    2.2630000000000001e+02, 0., 5.2207400000000002e+00,
    2.2635000000000002e+02, 0., 5.2642600000000002e+00,
    2.2640000000000001e+02, 0., 5.3121900000000002e+00,
    2.2645000000000002e+02, 0., 5.3470300000000002e+00,
    2.2650000000000000e+02, 0., 5.3882300000000001e+00,
    2.2655000000000001e+02, 0., 5.4306299999999998e+00,
    2.2660000000000002e+02, 0., 5.4667500000000002e+00,
    2.2665000000000001e+02, 0., 5.5119600000000002e+00,
    2.2670000000000002e+02, 0., 5.5582799999999999e+00,
    2.2675000000000000e+02, 0., 5.5966399999999998e+00,
    2.2680000000000001e+02, 0., 5.6507500000000004e+00,
    2.2685000000000002e+02, 0., 5.7096799999999996e+00,
    2.2690000000000001e+02, 0., 5.7671599999999996e+00,
    2.2695000000000002e+02, 0., 5.8290800000000003e+00, 227., 0.,
    5.8811700000000000e+00, 2.2705000000000001e+02, 0.,
    5.9127299999999998e+00, 2.2710000000000002e+02, 0.,
    5.9555800000000003e+00, 2.2715000000000001e+02, 0.,
    5.9939000000000000e+00, 2.2720000000000002e+02, 0.,
    6.0380599999999998e+00, 2.2725000000000000e+02, 0.,
    6.0831900000000001e+00, 2.2730000000000001e+02, 0.,
    6.1215099999999998e+00, 2.2735000000000002e+02, 0.,
    6.1693400000000000e+00, 2.2740000000000001e+02, 0.,
    6.2173200000000000e+00, 2.2745000000000002e+02, 0.,
    6.2558800000000003e+00, 2.2750000000000000e+02, 0.,
    6.3132900000000003e+00, 2.2755000000000001e+02, 0.,
    6.3760800000000000e+00, 2.2760000000000002e+02, 0.,
    6.4239600000000001e+00, 2.2765000000000001e+02, 0.,
    6.4755000000000003e+00, 2.2770000000000002e+02, 0.,
    6.5214999999999996e+00, 2.2775000000000000e+02, 0.,
    6.5583000000000000e+00, 2.2780000000000001e+02, 0.,
    6.6091300000000004e+00, 2.2785000000000002e+02, 0.,
    6.6523300000000001e+00, 2.2790000000000001e+02, 0.,
    6.7029100000000001e+00, 2.2795000000000002e+02, 0.,
