%YAML:1.0
---
profile: [ 2.2995000000000002e+02, 0., -2.2655980000000000e+01, 230., 0.,
    -2.2609030000000001e+01, 2.3005000000000001e+02, 0.,
    -2.2570630000000001e+01, 2.3010000000000002e+02, 0.,
    -2.2516240000000000e+01, 2.3015000000000001e+02, 0.,
    -2.2469360000000002e+01, 2.3020000000000002e+02, 0.,
    -2.2420690000000000e+01, 2.3025000000000000e+02, 0.,
    -2.2373690000000000e+01, 2.3030000000000001e+02, 0.,
    -2.2333290000000002e+01, 2.3035000000000002e+02, 0.,
    -2.2281289999999998e+01, 2.3040000000000001e+02, 0.,
    -2.2238930000000000e+01, 2.3045000000000002e+02, 0.,
    -2.2185240000000000e+01, 2.3050000000000000e+02, 0.,
    -2.2129120000000000e+01, 2.3055000000000001e+02, 0.,
    -2.2076799999999999e+01, 2.3060000000000002e+02, 0.,
    -2.2009540000000001e+01, 2.3065000000000001e+02, 0.,
    -2.1953499999999998e+01, 2.3070000000000002e+02, 0.,
    -2.1892679999999999e+01, 2.3075000000000000e+02, 0.,
    -2.1838020000000000e+01, 2.3080000000000001e+02, 0.,
    -2.1806699999999999e+01, 2.3085000000000002e+02, 0.,
    -2.1769710000000000e+01, 2.3090000000000001e+02, 0.,
    -2.1742709999999999e+01, 2.3095000000000002e+02, 0.,
    -2.1709219999999998e+01, 231., 0., -2.1672940000000001e+01,
    2.3105000000000001e+02, 0., -2.1634860000000000e+01,
    2.3110000000000002e+02, 0., -2.1577980000000000e+01,
    2.3115000000000001e+02, 0., -2.1521380000000001e+01,
    2.3120000000000002e+02, 0., -2.1454630000000002e+01,
    2.3125000000000000e+02, 0., -2.1392840000000000e+01,
    2.3130000000000001e+02, 0., -2.1356359999999999e+01,
    2.3135000000000002e+02, 0., -2.1309770000000000e+01,
    2.3140000000000001e+02, 0., -2.1271450000000002e+01,
    2.3145000000000002e+02, 0., -2.1230650000000001e+01,
    2.3150000000000000e+02, 0., -2.1190339999999999e+01,
    2.3155000000000001e+02, 0., -2.1153860000000002e+01,
    2.3160000000000002e+02, 0., -2.1105560000000001e+01,
    2.3165000000000001e+02, 0., -2.1063759999999998e+01,
    2.3170000000000002e+02, 0., -2.1020620000000001e+01,
    2.3175000000000000e+02, 0., -2.0978449999999999e+01,
    2.3180000000000001e+02, 0., -2.0940490000000000e+01,
    2.3185000000000002e+02, 0., -2.0885059999999999e+01,
    2.3190000000000001e+02, 0., -2.0831180000000000e+01,
    2.3195000000000002e+02, 0., -2.0765999999999998e+01, 232., 0.,
    -2.0704090000000001e+01, 2.3205000000000001e+02, 0.,
    -2.0663170000000001e+01, 2.3210000000000002e+02, 0.,
    -2.0615559999999999e+01, 2.3215000000000001e+02, 0.,
    -2.0581800000000001e+01, 2.3220000000000002e+02, 0.,
    -2.0536919999999999e+01, 2.3225000000000000e+02, 0.,
    -2.0489690000000000e+01, 2.3230000000000001e+02, 0.,
    -2.0446529999999999e+01, 2.3235000000000002e+02, 0.,
    -2.0392479999999999e+01, 2.3240000000000001e+02, 0.,
    -2.0349200000000000e+01, 2.3245000000000002e+02, 0.,
    -2.0302779999999998e+01, 2.3250000000000000e+02, 0.,
    -2.0258459999999999e+01, 2.3255000000000001e+02, 0.,
    -2.0223859999999998e+01, 2.3260000000000002e+02, 0.,
    -2.0175329999999999e+01, 2.3265000000000001e+02, 0.,
    -2.0133690000000001e+01, 2.3270000000000002e+02, 0.,
    -2.0081689999999998e+01, 2.3275000000000000e+02, 0.,
    -2.0026890000000002e+01, 2.3280000000000001e+02, 0.,
    -1.9974209999999999e+01, 2.3285000000000002e+02, 0.,
    -1.9920660000000002e+01, 2.3290000000000001e+02, 0.,
    -1.9884419999999999e+01, 2.3295000000000002e+02, 0.,
    -1.9848130000000001e+01, 233., 0., -1.9812770000000000e+01,
    2.3305000000000001e+02, 0., -1.9780010000000001e+01,
    2.3310000000000002e+02, 0., -1.9729659999999999e+01,
    2.3315000000000001e+02, 0., -1.9684380000000001e+01,
    2.3320000000000002e+02, 0., -1.9615340000000000e+01,
    2.3325000000000000e+02, 0., -1.9547160000000002e+01,
    2.3330000000000001e+02, 0., -1.9497440000000001e+01,
    2.3335000000000002e+02, 0., -1.9444890000000001e+01,
    2.3340000000000001e+02, 0., -1.9408010000000001e+01,
    2.3345000000000002e+02, 0., -1.9363530000000001e+01,
    2.3350000000000000e+02, 0., -1.9320900000000002e+01,
    2.3355000000000001e+02, 0., -1.9288580000000000e+01,
    2.3360000000000002e+02, 0., -1.9240150000000000e+01,
    2.3365000000000001e+02, 0., -1.9186060000000001e+01,
    2.3370000000000002e+02, 0., -1.9141700000000000e+01,
    2.3375000000000000e+02, 0., -1.9088139999999999e+01,
    2.3380000000000001e+02, 0., -1.9047580000000000e+01,
    2.3385000000000002e+02, 0., -1.8989960000000000e+01,
    2.3390000000000001e+02, 0., -1.8930769999999999e+01,
    2.3395000000000002e+02, 0., -1.8893290000000000e+01, 234., 0.,
    -1.8844600000000000e+01, 2.3405000000000001e+02, 0.,
    -1.8803519999999999e+01, 2.3410000000000002e+02, 0.,
    -1.8758019999999998e+01, 2.3415000000000001e+02, 0.,
    -1.8715360000000000e+01, 2.3420000000000002e+02, 0.,
    -1.8685520000000000e+01, 2.3425000000000000e+02, 0.,
    -1.8640480000000000e+01, 2.3430000000000001e+02, 0.,
    -1.8595240000000000e+01, 2.3435000000000002e+02, 0.,
    -1.8543640000000000e+01, 2.3440000000000001e+02, 0.,
    -1.8492509999999999e+01, 2.3445000000000002e+02, 0.,
    -1.8449110000000001e+01, 2.3450000000000000e+02, 0.,
    -1.8392700000000001e+01, 2.3455000000000001e+02, 0.,
    -1.8346460000000000e+01, 2.3460000000000002e+02, 0.,
    -1.8294000000000000e+01, 2.3465000000000001e+02, 0.,
    -1.8244360000000000e+01, 2.3470000000000002e+02, 0.,
    -1.8206360000000000e+01, 2.3475000000000000e+02, 0.,
    -1.8156669999999998e+01, 2.3480000000000001e+02, 0.,
    -1.8106490000000001e+01, 2.3485000000000002e+02, 0.,
    -1.8069250000000000e+01, 2.3490000000000001e+02, 0.,
    -1.8019359999999999e+01, 2.3495000000000002e+02, 0.,
    -1.7975439999999999e+01, 235., 0., -1.7917050000000000e+01,
    2.3505000000000001e+02, 0., -1.7858090000000001e+01,
    2.3510000000000002e+02, 0., -1.7816410000000001e+01,
    2.3515000000000001e+02, 0., -1.7762989999999999e+01,
    2.3520000000000002e+02, 0., -1.7718750000000000e+01,
    2.3525000000000000e+02, 0., -1.7667470000000002e+01,
    2.3530000000000001e+02, 0., -1.7617480000000000e+01,
    2.3535000000000002e+02, 0., -1.7578399999999998e+01,
    2.3540000000000001e+02, 0., -1.7533149999999999e+01,
    2.3545000000000002e+02, 0., -1.7498950000000001e+01,
    2.3550000000000000e+02, 0., -1.7442769999999999e+01,
    2.3555000000000001e+02, 0., -1.7389189999999999e+01,
    2.3560000000000002e+02, 0., -1.7353510000000000e+01,
    2.3565000000000001e+02, 0., -1.7305720000000001e+01,
    2.3570000000000002e+02, 0., -1.7255769999999998e+01,
    2.3575000000000000e+02, 0., -1.7215650000000000e+01,
    2.3580000000000001e+02, 0., -1.7163460000000001e+01,
    2.3585000000000002e+02, 0., -1.7119340000000001e+01,
    2.3590000000000001e+02, 0., -1.7064480000000000e+01,
    2.3595000000000002e+02, 0., -1.7010300000000001e+01, 236., 0.,
    -1.6968779999999999e+01, 2.3605000000000001e+02, 0.,
    -1.6924620000000001e+01, 2.3610000000000002e+02, 0.,
    -1.6893500000000000e+01, 2.3615000000000001e+02, 0.,
    -1.6845859999999998e+01, 2.3620000000000002e+02, 0.,
    -1.6794499999999999e+01, 2.3625000000000000e+02, 0.,
    -1.6751539999999999e+01, 2.3630000000000001e+02, 0.,
    -1.6680540000000001e+01, 2.3635000000000002e+02, 0.,
    -1.6604700000000001e+01, 2.3640000000000001e+02, 0.,
    -1.6565539999999999e+01, 2.3645000000000002e+02, 0.,
    -1.6518780000000000e+01, 2.3650000000000000e+02, 0.,
    -1.6484140000000000e+01, 2.3655000000000001e+02, 0.,
    -1.6450340000000001e+01, 2.3660000000000002e+02, 0.,
    -1.6417190000000002e+01, 2.3665000000000001e+02, 0.,
    -1.6385149999999999e+01, 2.3670000000000002e+02, 0.,
    -1.6340229999999998e+01, 2.3675000000000000e+02, 0.,
    -1.6301749999999998e+01, 2.3680000000000001e+02, 0.,
    -1.6243210000000001e+01, 2.3685000000000002e+02, 0.,
    -1.6188450000000000e+01, 2.3690000000000001e+02, 0.,
    -1.6152329999999999e+01, 2.3695000000000002e+02, 0.,
    -1.6101990000000001e+01, 237., 0., -1.6050619999999999e+01,
