%YAML:1.0
---
profile: [ 2.2995000000000002e+02, 0., -2.2472370000000002e+01, 230., 0.,
    -2.2432179999999999e+01, 2.3005000000000001e+02, 0.,
    -2.2391539999999999e+01, 2.3010000000000002e+02, 0.,
    -2.2339510000000001e+01, 2.3015000000000001e+02, 0.,
    -2.2296550000000000e+01, 2.3020000000000002e+02, 0.,
    -2.2247340000000001e+01, 2.3025000000000000e+02, 0.,
    -2.2200399999999998e+01, 2.3030000000000001e+02, 0.,
    -2.2166599999999999e+01, 2.3035000000000002e+02, 0.,
    -2.2114840000000001e+01, 2.3040000000000001e+02, 0.,
    -2.2062080000000002e+01, 2.3045000000000002e+02, 0.,
    -2.2006589999999999e+01, 2.3050000000000000e+02, 0.,
    -2.1950720000000000e+01, 2.3055000000000001e+02, 0.,
    -2.1896200000000000e+01, 2.3060000000000002e+02, 0.,
    -2.1831520000000001e+01, 2.3065000000000001e+02, 0.,
    -2.1784079999999999e+01, 2.3070000000000002e+02, 0.,
    -2.1720910000000000e+01, 2.3075000000000000e+02, 0.,
    -2.1660760000000000e+01, 2.3080000000000001e+02, 0.,
    -2.1630240000000001e+01, 2.3085000000000002e+02, 0.,
    -2.1595549999999999e+01, 2.3090000000000001e+02, 0.,
    -2.1571950000000001e+01, 2.3095000000000002e+02, 0.,
    -2.1535360000000001e+01, 231., 0., -2.1492390000000000e+01,
    2.3105000000000001e+02, 0., -2.1452750000000002e+01,
    2.3110000000000002e+02, 0., -2.1397500000000001e+01,
    2.3115000000000001e+02, 0., -2.1346540000000001e+01,
    2.3120000000000002e+02, 0., -2.1280999999999999e+01,
    2.3125000000000000e+02, 0., -2.1227679999999999e+01,
    2.3130000000000001e+02, 0., -2.1169139999999999e+01,
    2.3135000000000002e+02, 0., -2.1116969999999998e+01,
    2.3140000000000001e+02, 0., -2.1080410000000001e+01,
    2.3145000000000002e+02, 0., -2.1033629999999999e+01,
    2.3150000000000000e+02, 0., -2.0995670000000000e+01,
    2.3155000000000001e+02, 0., -2.0944479999999999e+01,
    2.3160000000000002e+02, 0., -2.0897990000000000e+01,
    2.3165000000000001e+02, 0., -2.0867550000000001e+01,
    2.3170000000000002e+02, 0., -2.0830190000000002e+01,
    2.3175000000000000e+02, 0., -2.0793119999999998e+01,
    2.3180000000000001e+02, 0., -2.0762799999999999e+01,
    2.3185000000000002e+02, 0., -2.0716889999999999e+01,
    2.3190000000000001e+02, 0., -2.0670570000000001e+01,
    2.3195000000000002e+02, 0., -2.0607109999999999e+01, 232., 0.,
    -2.0542210000000001e+01, 2.3205000000000001e+02, 0.,
    -2.0497450000000001e+01, 2.3210000000000002e+02, 0.,
    -2.0445720000000001e+01, 2.3215000000000001e+02, 0.,
    -2.0409400000000002e+01, 2.3220000000000002e+02, 0.,
    -2.0359380000000002e+01, 2.3225000000000000e+02, 0.,
    -2.0307289999999998e+01, 2.3230000000000001e+02, 0.,
    -2.0268730000000001e+01, 2.3235000000000002e+02, 0.,
    -2.0221599999999999e+01, 2.3240000000000001e+02, 0.,
    -2.0185320000000001e+01, 2.3245000000000002e+02, 0.,
    -2.0134689999999999e+01, 2.3250000000000000e+02, 0.,
    -2.0083469999999998e+01, 2.3255000000000001e+02, 0.,
    -2.0051749999999998e+01, 2.3260000000000002e+02, 0.,
    -2.0009750000000000e+01, 2.3265000000000001e+02, 0.,
    -1.9973469999999999e+01, 2.3270000000000002e+02, 0.,
    -1.9916039999999999e+01, 2.3275000000000000e+02, 0.,
    -1.9856130000000000e+01, 2.3280000000000001e+02, 0.,
    -1.9810089999999999e+01, 2.3285000000000002e+02, 0.,
    -1.9749649999999999e+01, 2.3290000000000001e+02, 0.,
    -1.9697890000000001e+01, 2.3295000000000002e+02, 0.,
    -1.9654820000000001e+01, 233., 0., -1.9617110000000000e+01,
    2.3305000000000001e+02, 0., -1.9586990000000000e+01,
    2.3310000000000002e+02, 0., -1.9540669999999999e+01,
    2.3315000000000001e+02, 0., -1.9493310000000001e+01,
    2.3320000000000002e+02, 0., -1.9437040000000000e+01,
    2.3325000000000000e+02, 0., -1.9378820000000001e+01,
    2.3330000000000001e+02, 0., -1.9323779999999999e+01,
    2.3335000000000002e+02, 0., -1.9268020000000000e+01,
    2.3340000000000001e+02, 0., -1.9230419999999999e+01,
    2.3345000000000002e+02, 0., -1.9185700000000001e+01,
    2.3350000000000000e+02, 0., -1.9141100000000002e+01,
    2.3355000000000001e+02, 0., -1.9104179999999999e+01,
    2.3360000000000002e+02, 0., -1.9058119999999999e+01,
    2.3365000000000001e+02, 0., -1.9021319999999999e+01,
    2.3370000000000002e+02, 0., -1.8965740000000000e+01,
    2.3375000000000000e+02, 0., -1.8911059999999999e+01,
    2.3380000000000001e+02, 0., -1.8871300000000002e+01,
    2.3385000000000002e+02, 0., -1.8818760000000001e+01,
    2.3390000000000001e+02, 0., -1.8775240000000000e+01,
    2.3395000000000002e+02, 0., -1.8718940000000000e+01, 234., 0.,
    -1.8668080000000000e+01, 2.3405000000000001e+02, 0.,
    -1.8634440000000001e+01, 2.3410000000000002e+02, 0.,
    -1.8587409999999998e+01, 2.3415000000000001e+02, 0.,
    -1.8538620000000002e+01, 2.3420000000000002e+02, 0.,
    -1.8504300000000001e+01, 2.3425000000000000e+02, 0.,
    -1.8452520000000000e+01, 2.3430000000000001e+02, 0.,
    -1.8400440000000000e+01, 2.3435000000000002e+02, 0.,
    -1.8350980000000000e+01, 2.3440000000000001e+02, 0.,
    -1.8304710000000000e+01, 2.3445000000000002e+02, 0.,
    -1.8265630000000002e+01, 2.3450000000000000e+02, 0.,
    -1.8212569999999999e+01, 2.3455000000000001e+02, 0.,
    -1.8167890000000000e+01, 2.3460000000000002e+02, 0.,
    -1.8117249999999999e+01, 2.3465000000000001e+02, 0.,
    -1.8066730000000000e+01, 2.3470000000000002e+02, 0.,
    -1.8022490000000001e+01, 2.3475000000000000e+02, 0.,
    -1.7976939999999999e+01, 2.3480000000000001e+02, 0.,
    -1.7945740000000001e+01, 2.3485000000000002e+02, 0.,
    -1.7899670000000000e+01, 2.3490000000000001e+02, 0.,
    -1.7847549999999998e+01, 2.3495000000000002e+02, 0.,
    -1.7800670000000000e+01, 235., 0., -1.7741510000000002e+01,
    2.3505000000000001e+02, 0., -1.7683299999999999e+01,
    2.3510000000000002e+02, 0., -1.7640899999999998e+01,
    2.3515000000000001e+02, 0., -1.7587840000000000e+01,
    2.3520000000000002e+02, 0., -1.7545359999999999e+01,
    2.3525000000000000e+02, 0., -1.7499020000000002e+01,
    2.3530000000000001e+02, 0., -1.7451850000000000e+01,
    2.3535000000000002e+02, 0., -1.7405970000000000e+01,
    2.3540000000000001e+02, 0., -1.7356790000000000e+01,
    2.3545000000000002e+02, 0., -1.7321870000000001e+01,
    2.3550000000000000e+02, 0., -1.7270779999999998e+01,
    2.3555000000000001e+02, 0., -1.7217580000000002e+01,
    2.3560000000000002e+02, 0., -1.7174299999999999e+01,
    2.3565000000000001e+02, 0., -1.7129290000000001e+01,
    2.3570000000000002e+02, 0., -1.7098130000000001e+01,
    2.3575000000000000e+02, 0., -1.7050470000000001e+01,
    2.3580000000000001e+02, 0., -1.6999400000000001e+01,
    2.3585000000000002e+02, 0., -1.6957120000000000e+01,
    2.3590000000000001e+02, 0., -1.6894020000000001e+01,
    2.3595000000000002e+02, 0., -1.6828980000000001e+01, 236., 0.,
    -1.6792660000000001e+01, 2.3605000000000001e+02, 0.,
    -1.6749749999999999e+01, 2.3610000000000002e+02, 0.,
    -1.6718430000000001e+01, 2.3615000000000001e+02, 0.,
    -1.6680240000000001e+01, 2.3620000000000002e+02, 0.,
    -1.6638230000000000e+01, 2.3625000000000000e+02, 0.,
    -1.6591709999999999e+01, 2.3630000000000001e+02, 0.,
    -1.6528490000000001e+01, 2.3635000000000002e+02, 0.,
    -1.6475210000000001e+01, 2.3640000000000001e+02, 0.,
    -1.6414580000000001e+01, 2.3645000000000002e+02, 0.,
    -1.6359860000000001e+01, 2.3650000000000000e+02, 0.,
    -1.6321420000000000e+01, 2.3655000000000001e+02, 0.,
    -1.6276859999999999e+01, 2.3660000000000002e+02, 0.,
    -1.6233830000000001e+01, 2.3665000000000001e+02, 0.,
    -1.6196750000000002e+01, 2.3670000000000002e+02, 0.,
    -1.6149899999999999e+01, 2.3675000000000000e+02, 0.,
    -1.6112220000000001e+01, 2.3680000000000001e+02, 0.,
    -1.6063170000000000e+01, 2.3685000000000002e+02, 0.,
    -1.6016520000000000e+01, 2.3690000000000001e+02, 0.,
    -1.5982680000000000e+01, 2.3695000000000002e+02, 0.,
    -1.5930890000000000e+01, 237., 0., -1.5875290000000000e+01,
