%YAML:1.0
---
profile: [ 2.3180000000000001e+02, 0., -2.0599489999999999e+01,
    2.3185000000000002e+02, 0., -2.0474260000000001e+01,
    2.3190000000000001e+02, 0., -2.0359020000000001e+01,
    2.3195000000000002e+02, 0., -2.0260500000000000e+01, 232., 0.,
    -2.0206060000000001e+01, 2.3205000000000001e+02, 0.,
    -2.0159170000000000e+01, 2.3210000000000002e+02, 0.,
    -2.0117010000000001e+01, 2.3215000000000001e+02, 0.,
    -2.0081610000000001e+01, 2.3220000000000002e+02, 0.,
    -2.0040690000000001e+01, 2.3225000000000000e+02, 0.,
    -2.0009730000000001e+01, 2.3230000000000001e+02, 0.,
    -1.9961929999999999e+01, 2.3235000000000002e+02, 0.,
    -1.9912350000000000e+01, 2.3240000000000001e+02, 0.,
    -1.9874389999999998e+01, 2.3245000000000002e+02, 0.,
    -1.9825970000000002e+01, 2.3250000000000000e+02, 0.,
    -1.9786729999999999e+01, 2.3255000000000001e+02, 0.,
    -1.9729450000000000e+01, 2.3260000000000002e+02, 0.,
    -1.9672699999999999e+01, 2.3265000000000001e+02, 0.,
    -1.9630459999999999e+01, 2.3270000000000002e+02, 0.,
    -1.9573699999999999e+01, 2.3275000000000000e+02, 0.,
    -1.9526180000000000e+01, 2.3280000000000001e+02, 0.,
    -1.9462660000000000e+01, 2.3285000000000002e+02, 0.,
    -1.9403179999999999e+01, 2.3290000000000001e+02, 0.,
    -1.9361740000000001e+01, 2.3295000000000002e+02, 0.,
    -1.9314499999999999e+01, 233., 0., -1.9279140000000002e+01,
    2.3305000000000001e+02, 0., -1.9231660000000002e+01,
    2.3310000000000002e+02, 0., -1.9182320000000001e+01,
    2.3315000000000001e+02, 0., -1.9141719999999999e+01,
    2.3320000000000002e+02, 0., -1.9085300000000000e+01,
    2.3325000000000000e+02, 0., -1.9027080000000002e+01,
    2.3330000000000001e+02, 0., -1.8986519999999999e+01,
    2.3335000000000002e+02, 0., -1.8941030000000001e+01,
    2.3340000000000001e+02, 0., -1.8911030000000000e+01,
    2.3345000000000002e+02, 0., -1.8872900000000001e+01,
    2.3350000000000000e+02, 0., -1.8831920000000000e+01,
    2.3355000000000001e+02, 0., -1.8791360000000001e+01,
    2.3360000000000002e+02, 0., -1.8736960000000000e+01,
    2.3365000000000001e+02, 0., -1.8689000000000000e+01,
    2.3370000000000002e+02, 0., -1.8634209999999999e+01,
    2.3375000000000000e+02, 0., -1.8580290000000002e+01,
    2.3380000000000001e+02, 0., -1.8535810000000001e+01,
    2.3385000000000002e+02, 0., -1.8482130000000002e+01,
    2.3390000000000001e+02, 0., -1.8440249999999999e+01,
    2.3395000000000002e+02, 0., -1.8388570000000001e+01, 234., 0.,
    -1.8337340000000001e+01, 2.3405000000000001e+02, 0.,
    -1.8297260000000001e+01, 2.3410000000000002e+02, 0.,
    -1.8252579999999998e+01, 2.3415000000000001e+02, 0.,
    -1.8219780000000000e+01, 2.3420000000000002e+02, 0.,
    -1.8163810000000002e+01, 2.3425000000000000e+02, 0.,
    -1.8108280000000001e+01, 2.3430000000000001e+02, 0.,
    -1.8068880000000000e+01, 2.3435000000000002e+02, 0.,
    -1.8017890000000001e+01, 2.3440000000000001e+02, 0.,
    -1.7969180000000001e+01, 2.3445000000000002e+02, 0.,
    -1.7941060000000000e+01, 2.3450000000000000e+02, 0.,
    -1.7904360000000000e+01, 2.3455000000000001e+02, 0.,
    -1.7873239999999999e+01, 2.3460000000000002e+02, 0.,
    -1.7818780000000000e+01, 2.3465000000000001e+02, 0.,
    -1.7756360000000001e+01, 2.3470000000000002e+02, 0.,
    -1.7714040000000001e+01, 2.3475000000000000e+02, 0.,
    -1.7656800000000000e+01, 2.3480000000000001e+02, 0.,
    -1.7605840000000001e+01, 2.3485000000000002e+02, 0.,
    -1.7556780000000000e+01, 2.3490000000000001e+02, 0.,
    -1.7511080000000000e+01, 2.3495000000000002e+02, 0.,
    -1.7473800000000001e+01, 235., 0., -1.7425660000000001e+01,
    2.3505000000000001e+02, 0., -1.7386340000000001e+01,
    2.3510000000000002e+02, 0., -1.7338280000000001e+01,
    2.3515000000000001e+02, 0., -1.7290360000000000e+01,
    2.3520000000000002e+02, 0., -1.7251760000000001e+01,
    2.3525000000000000e+02, 0., -1.7200589999999998e+01,
    2.3530000000000001e+02, 0., -1.7147220000000001e+01,
    2.3535000000000002e+02, 0., -1.7103459999999998e+01,
    2.3540000000000001e+02, 0., -1.7047680000000000e+01,
    2.3545000000000002e+02, 0., -1.7001880000000000e+01,
    2.3550000000000000e+02, 0., -1.6960789999999999e+01,
    2.3555000000000001e+02, 0., -1.6921840000000000e+01,
    2.3560000000000002e+02, 0., -1.6884599999999999e+01,
    2.3565000000000001e+02, 0., -1.6840930000000000e+01,
    2.3570000000000002e+02, 0., -1.6807610000000000e+01,
    2.3575000000000000e+02, 0., -1.6747610000000002e+01,
    2.3580000000000001e+02, 0., -1.6684429999999999e+01,
    2.3585000000000002e+02, 0., -1.6635549999999999e+01,
    2.3590000000000001e+02, 0., -1.6581939999999999e+01,
    2.3595000000000002e+02, 0., -1.6534120000000001e+01, 236., 0.,
    -1.6498600000000000e+01, 2.3605000000000001e+02, 0.,
    -1.6451640000000001e+01, 2.3610000000000002e+02, 0.,
    -1.6411079999999998e+01, 2.3615000000000001e+02, 0.,
    -1.6365440000000000e+01, 2.3620000000000002e+02, 0.,
    -1.6317070000000001e+01, 2.3625000000000000e+02, 0.,
    -1.6265509999999999e+01, 2.3630000000000001e+02, 0.,
    -1.6213719999999999e+01, 2.3635000000000002e+02, 0.,
    -1.6179040000000001e+01, 2.3640000000000001e+02, 0.,
    -1.6126439999999999e+01, 2.3645000000000002e+02, 0.,
    -1.6077269999999999e+01, 2.3650000000000000e+02, 0.,
    -1.6044830000000001e+01, 2.3655000000000001e+02, 0.,
    -1.5996380000000000e+01, 2.3660000000000002e+02, 0.,
    -1.5941030000000000e+01, 2.3665000000000001e+02, 0.,
    -1.5891590000000001e+01, 2.3670000000000002e+02, 0.,
    -1.5828780000000000e+01, 2.3675000000000000e+02, 0.,
    -1.5777460000000000e+01, 2.3680000000000001e+02, 0.,
    -1.5719569999999999e+01, 2.3685000000000002e+02, 0.,
    -1.5665960000000000e+01, 2.3690000000000001e+02, 0.,
    -1.5631520000000000e+01, 2.3695000000000002e+02, 0.,
    -1.5588310000000000e+01, 237., 0., -1.5553670000000000e+01,
    2.3705000000000001e+02, 0., -1.5514830000000000e+01,
    2.3710000000000002e+02, 0., -1.5477499999999999e+01,
    2.3715000000000001e+02, 0., -1.5448180000000001e+01,
    2.3720000000000002e+02, 0., -1.5398759999999999e+01,
    2.3725000000000000e+02, 0., -1.5342420000000001e+01,
    2.3730000000000001e+02, 0., -1.5302220000000000e+01,
    2.3735000000000002e+02, 0., -1.5251280000000000e+01,
    2.3740000000000001e+02, 0., -1.5210240000000001e+01,
    2.3745000000000002e+02, 0., -1.5150430000000000e+01,
    2.3750000000000000e+02, 0., -1.5093470000000000e+01,
    2.3755000000000001e+02, 0., -1.5053950000000000e+01,
    2.3760000000000002e+02, 0., -1.4993300000000000e+01,
    2.3765000000000001e+02, 0., -1.4928710000000001e+01,
    2.3770000000000002e+02, 0., -1.4888510000000000e+01,
    2.3775000000000000e+02, 0., -1.4837780000000000e+01,
    2.3780000000000001e+02, 0., -1.4796740000000000e+01,
    2.3785000000000002e+02, 0., -1.4757980000000000e+01,
    2.3790000000000001e+02, 0., -1.4721140000000000e+01,
    2.3795000000000002e+02, 0., -1.4687780000000000e+01, 238., 0.,
    -1.4639099999999999e+01, 2.3805000000000001e+02, 0.,
    -1.4587339999999999e+01, 2.3810000000000002e+02, 0.,
    -1.4550900000000000e+01, 2.3815000000000001e+02, 0.,
    -1.4502290000000000e+01, 2.3820000000000002e+02, 0.,
    -1.4459849999999999e+01, 2.3825000000000000e+02, 0.,
    -1.4410620000000000e+01, 2.3830000000000001e+02, 0.,
    -1.4362470000000000e+01, 2.3835000000000002e+02, 0.,
    -1.4324270000000000e+01, 2.3840000000000001e+02, 0.,
    -1.4270300000000001e+01, 2.3845000000000002e+02, 0.,
    -1.4213649999999999e+01, 2.3850000000000000e+02, 0.,
    -1.4172969999999999e+01, 2.3855000000000001e+02, 0.,
    -1.4122550000000000e+01, 2.3860000000000002e+02, 0.,
    -1.4082750000000001e+01, 2.3865000000000001e+02, 0.,
    -1.4039450000000000e+01, 2.3870000000000002e+02, 0.,
    -1.3996790000000001e+01, 2.3875000000000000e+02, 0.,
    -1.3959470000000000e+01, 2.3880000000000001e+02, 0.,
    -1.3906590000000000e+01, 2.3885000000000002e+02, 0.,
