%YAML:1.0
---
profile: [ 2.2865000000000001e+02, 0., -1.9444469999999999e+01,
    2.2870000000000002e+02, 0., -1.9262910000000002e+01,
    2.2875000000000000e+02, 0., -1.9134770000000000e+01,
    2.2880000000000001e+02, 0., -1.9085049999999999e+01,
    2.2885000000000002e+02, 0., -1.9041779999999999e+01,
    2.2890000000000001e+02, 0., -1.8998840000000001e+01,
    2.2895000000000002e+02, 0., -1.8950679999999998e+01, 229., 0.,
    -1.8899480000000001e+01, 2.2905000000000001e+02, 0.,
    -1.8863399999999999e+01, 2.2910000000000002e+02, 0.,
    -1.8815200000000001e+01, 2.2915000000000001e+02, 0.,
    -1.8765309999999999e+01, 2.2920000000000002e+02, 0.,
    -1.8722390000000001e+01, 2.2925000000000000e+02, 0.,
    -1.8669940000000000e+01, 2.2930000000000001e+02, 0.,
    -1.8628660000000000e+01, 2.2935000000000002e+02, 0.,
    -1.8573869999999999e+01, 2.2940000000000001e+02, 0.,
    -1.8518500000000000e+01, 2.2945000000000002e+02, 0.,
    -1.8474740000000001e+01, 2.2950000000000000e+02, 0.,
    -1.8421209999999999e+01, 2.2955000000000001e+02, 0.,
    -1.8379049999999999e+01, 2.2960000000000002e+02, 0.,
    -1.8327259999999999e+01, 2.2965000000000001e+02, 0.,
    -1.8274159999999998e+01, 2.2970000000000002e+02, 0.,
    -1.8226920000000000e+01, 2.2975000000000000e+02, 0.,
    -1.8172930000000001e+01, 2.2980000000000001e+02, 0.,
    -1.8132490000000001e+01, 2.2985000000000002e+02, 0.,
    -1.8082680000000000e+01, 2.2990000000000001e+02, 0.,
    -1.8032050000000002e+01, 2.2995000000000002e+02, 0.,
    -1.7988289999999999e+01, 230., 0., -1.7942810000000001e+01,
    2.3005000000000001e+02, 0., -1.7911370000000002e+01,
    2.3010000000000002e+02, 0., -1.7865819999999999e+01,
    2.3015000000000001e+02, 0., -1.7815400000000000e+01,
    2.3020000000000002e+02, 0., -1.7771120000000000e+01,
    2.3025000000000000e+02, 0., -1.7718129999999999e+01,
    2.3030000000000001e+02, 0., -1.7677009999999999e+01,
    2.3035000000000002e+02, 0., -1.7616180000000000e+01,
    2.3040000000000001e+02, 0., -1.7560350000000000e+01,
    2.3045000000000002e+02, 0., -1.7524509999999999e+01,
    2.3050000000000000e+02, 0., -1.7476360000000000e+01,
    2.3055000000000001e+02, 0., -1.7436080000000000e+01,
    2.3060000000000002e+02, 0., -1.7385950000000001e+01,
    2.3065000000000001e+02, 0., -1.7340660000000000e+01,
    2.3070000000000002e+02, 0., -1.7310140000000001e+01,
    2.3075000000000000e+02, 0., -1.7263620000000000e+01,
    2.3080000000000001e+02, 0., -1.7213380000000001e+01,
    2.3085000000000002e+02, 0., -1.7179220000000001e+01,
    2.3090000000000001e+02, 0., -1.7134979999999999e+01,
    2.3095000000000002e+02, 0., -1.7097860000000001e+01, 231., 0.,
    -1.7044860000000000e+01, 2.3105000000000001e+02, 0.,
    -1.6989709999999999e+01, 2.3110000000000002e+02, 0.,
    -1.6952629999999999e+01, 2.3115000000000001e+02, 0.,
    -1.6900210000000001e+01, 2.3120000000000002e+02, 0.,
    -1.6851009999999999e+01, 2.3125000000000000e+02, 0.,
    -1.6794239999999999e+01, 2.3130000000000001e+02, 0.,
    -1.6738309999999998e+01, 2.3135000000000002e+02, 0.,
    -1.6692390000000000e+01, 2.3140000000000001e+02, 0.,
    -1.6636769999999999e+01, 2.3145000000000002e+02, 0.,
    -1.6594529999999999e+01, 2.3150000000000000e+02, 0.,
    -1.6551400000000001e+01, 2.3155000000000001e+02, 0.,
    -1.6509560000000000e+01, 2.3160000000000002e+02, 0.,
    -1.6472359999999998e+01, 2.3165000000000001e+02, 0.,
    -1.6432680000000001e+01, 2.3170000000000002e+02, 0.,
    -1.6404599999999999e+01, 2.3175000000000000e+02, 0.,
    -1.6361300000000000e+01, 2.3180000000000001e+02, 0.,
    -1.6312989999999999e+01, 2.3185000000000002e+02, 0.,
    -1.6270869999999999e+01, 2.3190000000000001e+02, 0.,
    -1.6223800000000001e+01, 2.3195000000000002e+02, 0.,
    -1.6189119999999999e+01, 232., 0., -1.6135760000000001e+01,
    2.3205000000000001e+02, 0., -1.6082339999999999e+01,
    2.3210000000000002e+02, 0., -1.6042539999999999e+01,
    2.3215000000000001e+02, 0., -1.5982780000000000e+01,
    2.3220000000000002e+02, 0., -1.5919180000000001e+01,
    2.3225000000000000e+02, 0., -1.5877219999999999e+01,
    2.3230000000000001e+02, 0., -1.5830539999999999e+01,
    2.3235000000000002e+02, 0., -1.5800260000000000e+01,
    2.3240000000000001e+02, 0., -1.5764680000000000e+01,
    2.3245000000000002e+02, 0., -1.5727209999999999e+01,
    2.3250000000000000e+02, 0., -1.5689370000000000e+01,
    2.3255000000000001e+02, 0., -1.5635700000000000e+01,
    2.3260000000000002e+02, 0., -1.5589380000000000e+01,
    2.3265000000000001e+02, 0., -1.5521129999999999e+01,
    2.3270000000000002e+02, 0., -1.5452510000000000e+01,
    2.3275000000000000e+02, 0., -1.5404669999999999e+01,
    2.3280000000000001e+02, 0., -1.5353719999999999e+01,
    2.3285000000000002e+02, 0., -1.5317720000000000e+01,
    2.3290000000000001e+02, 0., -1.5274340000000000e+01,
    2.3295000000000002e+02, 0., -1.5233129999999999e+01, 233., 0.,
    -1.5202330000000000e+01, 2.3305000000000001e+02, 0.,
    -1.5151040000000000e+01, 2.3310000000000002e+02, 0.,
    -1.5093629999999999e+01, 2.3315000000000001e+02, 0.,
    -1.5055510000000000e+01, 2.3320000000000002e+02, 0.,
    -1.5004670000000001e+01, 2.3325000000000000e+02, 0.,
    -1.4960190000000001e+01, 2.3330000000000001e+02, 0.,
    -1.4910990000000000e+01, 2.3335000000000002e+02, 0.,
    -1.4859249999999999e+01, 2.3340000000000001e+02, 0.,
    -1.4804770000000000e+01, 2.3345000000000002e+02, 0.,
    -1.4746180000000001e+01, 2.3350000000000000e+02, 0.,
    -1.4704459999999999e+01, 2.3355000000000001e+02, 0.,
    -1.4654730000000001e+01, 2.3360000000000002e+02, 0.,
    -1.4608380000000000e+01, 2.3365000000000001e+02, 0.,
    -1.4574660000000000e+01, 2.3370000000000002e+02, 0.,
    -1.4533340000000001e+01, 2.3375000000000000e+02, 0.,
    -1.4491809999999999e+01, 2.3380000000000001e+02, 0.,
    -1.4456009999999999e+01, 2.3385000000000002e+02, 0.,
    -1.4401540000000001e+01, 2.3390000000000001e+02, 0.,
    -1.4346340000000000e+01, 2.3395000000000002e+02, 0.,
    -1.4288750000000000e+01, 234., 0., -1.4233860000000000e+01,
    2.3405000000000001e+02, 0., -1.4189620000000000e+01,
    2.3410000000000002e+02, 0., -1.4141260000000001e+01,
    2.3415000000000001e+02, 0., -1.4106339999999999e+01,
    2.3420000000000002e+02, 0., -1.4054320000000001e+01,
    2.3425000000000000e+02, 0., -1.4003710000000000e+01,
    2.3430000000000001e+02, 0., -1.3967470000000000e+01,
    2.3435000000000002e+02, 0., -1.3920130000000000e+01,
    2.3440000000000001e+02, 0., -1.3870730000000000e+01,
    2.3445000000000002e+02, 0., -1.3828730000000000e+01,
    2.3450000000000000e+02, 0., -1.3775750000000000e+01,
    2.3455000000000001e+02, 0., -1.3732790000000000e+01,
    2.3460000000000002e+02, 0., -1.3687310000000000e+01,
    2.3465000000000001e+02, 0., -1.3644130000000001e+01,
    2.3470000000000002e+02, 0., -1.3610250000000001e+01,
    2.3475000000000000e+02, 0., -1.3568339999999999e+01,
    2.3480000000000001e+02, 0., -1.3535060000000000e+01,
    2.3485000000000002e+02, 0., -1.3485310000000000e+01,
    2.3490000000000001e+02, 0., -1.3433949999999999e+01,
    2.3495000000000002e+02, 0., -1.3393390000000000e+01, 235., 0.,
    -1.3339729999999999e+01, 2.3505000000000001e+02, 0.,
    -1.3285230000000000e+01, 2.3510000000000002e+02, 0.,
    -1.3241350000000001e+01, 2.3515000000000001e+02, 0.,
    -1.3197130000000000e+01, 2.3520000000000002e+02, 0.,
    -1.3167450000000001e+01, 2.3525000000000000e+02, 0.,
    -1.3124450000000000e+01, 2.3530000000000001e+02, 0.,
    -1.3082580000000000e+01, 2.3535000000000002e+02, 0.,
    -1.3052220000000000e+01, 2.3540000000000001e+02, 0.,
    -1.3006010000000000e+01, 2.3545000000000002e+02, 0.,
    -1.2952940000000000e+01, 2.3550000000000000e+02, 0.,
    -1.2905939999999999e+01, 2.3555000000000001e+02, 0.,
    -1.2847140000000000e+01, 2.3560000000000002e+02, 0.,
    -1.2800060000000000e+01, 2.3565000000000001e+02, 0.,
    -1.2742889999999999e+01, 2.3570000000000002e+02, 0.,
