%YAML:1.0
---
profile: [ 2.2870000000000002e+02, 0., -9.5794400000000000e+00,
    2.2875000000000000e+02, 0., -9.3790399999999998e+00,
    2.2880000000000001e+02, 0., -9.2991200000000003e+00,
    2.2885000000000002e+02, 0., -9.2607900000000001e+00,
    2.2890000000000001e+02, 0., -9.2266700000000004e+00,
    2.2895000000000002e+02, 0., -9.1835500000000003e+00, 229., 0.,
    -9.1488300000000002e+00, 2.2905000000000001e+02, 0.,
    -9.0947600000000008e+00, 2.2910000000000002e+02, 0.,
    -9.0412700000000008e+00, 2.2915000000000001e+02, 0.,
    -9.0023499999999999e+00, 2.2920000000000002e+02, 0.,
    -8.9459000000000000e+00, 2.2925000000000000e+02, 0.,
    -8.8868399999999994e+00, 2.2930000000000001e+02, 0.,
    -8.8479600000000005e+00, 2.2935000000000002e+02, 0.,
    -8.7981499999999997e+00, 2.2940000000000001e+02, 0.,
    -8.7569499999999998e+00, 2.2945000000000002e+02, 0.,
    -8.6949600000000000e+00, 2.2950000000000000e+02, 0.,
    -8.6353299999999997e+00, 2.2955000000000001e+02, 0.,
    -8.5936900000000005e+00, 2.2960000000000002e+02, 0.,
    -8.5358699999999992e+00, 2.2965000000000001e+02, 0.,
    -8.4781600000000008e+00, 2.2970000000000002e+02, 0.,
    -8.4443199999999994e+00, 2.2975000000000000e+02, 0.,
    -8.3954900000000006e+00, 2.2980000000000001e+02, 0.,
    -8.3487299999999998e+00, 2.2985000000000002e+02, 0.,
    -8.3032100000000000e+00, 2.2990000000000001e+02, 0.,
    -8.2595399999999994e+00, 2.2995000000000002e+02, 0.,
    -8.2201400000000007e+00, 230., 0., -8.1729199999999995e+00,
    2.3005000000000001e+02, 0., -8.1362799999999993e+00,
    2.3010000000000002e+02, 0., -8.0909300000000002e+00,
    2.3015000000000001e+02, 0., -8.0479900000000004e+00,
    2.3020000000000002e+02, 0., -8.0163899999999995e+00,
    2.3025000000000000e+02, 0., -7.9667100000000000e+00,
    2.3030000000000001e+02, 0., -7.9095599999999999e+00,
    2.3035000000000002e+02, 0., -7.8613999999999997e+00,
    2.3040000000000001e+02, 0., -7.8019299999999996e+00,
    2.3045000000000002e+02, 0., -7.7547699999999997e+00,
    2.3050000000000000e+02, 0., -7.7003899999999996e+00,
    2.3055000000000001e+02, 0., -7.6487400000000001e+00,
    2.3060000000000002e+02, 0., -7.6092599999999999e+00,
    2.3065000000000001e+02, 0., -7.5569800000000003e+00,
    2.3070000000000002e+02, 0., -7.5039400000000001e+00,
    2.3075000000000000e+02, 0., -7.4651399999999999e+00,
    2.3080000000000001e+02, 0., -7.4199599999999997e+00,
    2.3085000000000002e+02, 0., -7.3878800000000000e+00,
    2.3090000000000001e+02, 0., -7.3429300000000000e+00,
    2.3095000000000002e+02, 0., -7.2965799999999996e+00, 231., 0.,
    -7.2592600000000003e+00, 2.3105000000000001e+02, 0.,
    -7.2057000000000002e+00, 2.3110000000000002e+02, 0.,
    -7.1467799999999997e+00, 2.3115000000000001e+02, 0.,
    -7.0969400000000000e+00, 2.3120000000000002e+02, 0.,
    -7.0327999999999999e+00, 2.3125000000000000e+02, 0.,
    -6.9792800000000002e+00, 2.3130000000000001e+02, 0.,
    -6.9266500000000004e+00, 2.3135000000000002e+02, 0.,
    -6.8792499999999999e+00, 2.3140000000000001e+02, 0.,
    -6.8465699999999998e+00, 2.3145000000000002e+02, 0.,
    -6.8081300000000002e+00, 2.3150000000000000e+02, 0.,
    -6.7706099999999996e+00, 2.3155000000000001e+02, 0.,
    -6.7385299999999999e+00, 2.3160000000000002e+02, 0.,
    -6.6921400000000002e+00, 2.3165000000000001e+02, 0.,
    -6.6475799999999996e+00, 2.3170000000000002e+02, 0.,
    -6.5830500000000001e+00, 2.3175000000000000e+02, 0.,
    -6.5221400000000003e+00, 2.3180000000000001e+02, 0.,
    -6.4804199999999996e+00, 2.3185000000000002e+02, 0.,
    -6.4309200000000004e+00, 2.3190000000000001e+02, 0.,
    -6.3833700000000002e+00, 2.3195000000000002e+02, 0.,
    -6.3458100000000002e+00, 232., 0., -6.2981800000000003e+00,
    2.3205000000000001e+02, 0., -6.2592999999999996e+00,
    2.3210000000000002e+02, 0., -6.2090500000000004e+00,
    2.3215000000000001e+02, 0., -6.1602300000000003e+00,
    2.3220000000000002e+02, 0., -6.1234299999999999e+00,
    2.3225000000000000e+02, 0., -6.0705200000000001e+00,
    2.3230000000000001e+02, 0., -6.0118099999999997e+00,
    2.3235000000000002e+02, 0., -5.9610900000000004e+00,
    2.3240000000000001e+02, 0., -5.9075899999999999e+00,
    2.3245000000000002e+02, 0., -5.8701499999999998e+00,
    2.3250000000000000e+02, 0., -5.8196099999999999e+00,
    2.3255000000000001e+02, 0., -5.7701000000000002e+00,
    2.3260000000000002e+02, 0., -5.7328999999999999e+00,
    2.3265000000000001e+02, 0., -5.6820500000000003e+00,
    2.3270000000000002e+02, 0., -5.6299799999999998e+00,
    2.3275000000000000e+02, 0., -5.5880599999999996e+00,
    2.3280000000000001e+02, 0., -5.5380000000000003e+00,
    2.3285000000000002e+02, 0., -5.4992400000000004e+00,
    2.3290000000000001e+02, 0., -5.4437100000000003e+00,
    2.3295000000000002e+02, 0., -5.3875900000000003e+00, 233., 0.,
    -5.3441500000000000e+00, 2.3305000000000001e+02, 0.,
    -5.2918200000000004e+00, 2.3310000000000002e+02, 0.,
    -5.2405099999999996e+00, 2.3315000000000001e+02, 0.,
    -5.2010699999999996e+00, 2.3320000000000002e+02, 0.,
    -5.1500100000000000e+00, 2.3325000000000000e+02, 0.,
    -5.1004699999999996e+00, 2.3330000000000001e+02, 0.,
    -5.0694699999999999e+00, 2.3335000000000002e+02, 0.,
    -5.0280300000000002e+00, 2.3340000000000001e+02, 0.,
    -4.9917899999999999e+00, 2.3345000000000002e+02, 0.,
    -4.9355300000000000e+00, 2.3350000000000000e+02, 0.,
    -4.8766600000000002e+00, 2.3355000000000001e+02, 0.,
    -4.8298199999999998e+00, 2.3360000000000002e+02, 0.,
    -4.7621599999999997e+00, 2.3365000000000001e+02, 0.,
    -4.6927199999999996e+00, 2.3370000000000002e+02, 0.,
    -4.6510400000000001e+00, 2.3375000000000000e+02, 0.,
    -4.5989599999999999e+00, 2.3380000000000001e+02, 0.,
    -4.5490700000000004e+00, 2.3385000000000002e+02, 0.,
    -4.5160700000000000e+00, 2.3390000000000001e+02, 0.,
    -4.4705199999999996e+00, 2.3395000000000002e+02, 0.,
    -4.4289199999999997e+00, 234., 0., -4.3792600000000004e+00,
    2.3405000000000001e+02, 0., -4.3337000000000003e+00,
    2.3410000000000002e+02, 0., -4.3014599999999996e+00,
    2.3415000000000001e+02, 0., -4.2547699999999997e+00,
    2.3420000000000002e+02, 0., -4.2046299999999999e+00,
    2.3425000000000000e+02, 0., -4.1671100000000001e+00,
    2.3430000000000001e+02, 0., -4.1178100000000004e+00,
    2.3435000000000002e+02, 0., -4.0677500000000002e+00,
    2.3440000000000001e+02, 0., -4.0301900000000002e+00,
    2.3445000000000002e+02, 0., -3.9813200000000002e+00,
    2.3450000000000000e+02, 0., -3.9399999999999999e+00,
    2.3455000000000001e+02, 0., -3.8820199999999998e+00,
    2.3460000000000002e+02, 0., -3.8278699999999999e+00,
    2.3465000000000001e+02, 0., -3.7910699999999999e+00,
    2.3470000000000002e+02, 0., -3.7381199999999999e+00,
    2.3475000000000000e+02, 0., -3.6823399999999999e+00,
    2.3480000000000001e+02, 0., -3.6434199999999999e+00,
    2.3485000000000002e+02, 0., -3.5859600000000000e+00,
    2.3490000000000001e+02, 0., -3.5267499999999998e+00,
    2.3495000000000002e+02, 0., -3.4927100000000002e+00, 235., 0.,
    -3.4461499999999998e+00, 2.3505000000000001e+02, 0.,
    -3.4041500000000000e+00, 2.3510000000000002e+02, 0.,
    -3.3547099999999999e+00, 2.3515000000000001e+02, 0.,
    -3.3092000000000001e+00, 2.3520000000000002e+02, 0.,
    -3.2765599999999999e+00, 2.3525000000000000e+02, 0.,
    -3.2378399999999998e+00, 2.3530000000000001e+02, 0.,
    -3.1955600000000000e+00, 2.3535000000000002e+02, 0.,
    -3.1489199999999999e+00, 2.3540000000000001e+02, 0.,
    -3.0917900000000000e+00, 2.3545000000000002e+02, 0.,
    -3.0364100000000001e+00, 2.3550000000000000e+02, 0.,
    -2.9952899999999998e+00, 2.3555000000000001e+02, 0.,
    -2.9492500000000001e+00, 2.3560000000000002e+02, 0.,
    -2.9153300000000000e+00, 2.3565000000000001e+02, 0.,
    -2.8548499999999999e+00, 2.3570000000000002e+02, 0.,
    -2.7921800000000001e+00, 2.3575000000000000e+02, 0.,
