%YAML:1.0
---
profile: [ 2.0035000000000002e+02, 0., -2.2081340000000001e+01,
    2.0040000000000001e+02, 0., -2.2066140000000001e+01,
    2.0045000000000002e+02, 0., -2.2042480000000001e+01,
    2.0050000000000000e+02, 0., -2.2018080000000001e+01,
    2.0055000000000001e+02, 0., -2.2001950000000001e+01,
    2.0060000000000002e+02, 0., -2.1996710000000000e+01,
    2.0065000000000001e+02, 0., -2.2393160000000002e+01,
    2.0070000000000002e+02, 0., -2.2741949999999999e+01,
    2.0075000000000000e+02, 0., -2.2986879999999999e+01,
    2.0080000000000001e+02, 0., -2.2977840000000000e+01,
    2.0085000000000002e+02, 0., -2.2987939999999998e+01,
    2.0090000000000001e+02, 0., -2.3012360000000001e+01,
    2.0095000000000002e+02, 0., -2.3031880000000001e+01, 201., 0.,
    -2.3056319999999999e+01, 2.0105000000000001e+02, 0.,
    -2.3080749999999998e+01, 2.0110000000000002e+02, 0.,
    -2.3100269999999998e+01, 2.0115000000000001e+02, 0.,
    -2.3122879999999999e+01, 2.0120000000000002e+02, 0.,
    -2.3139959999999999e+01, 2.0125000000000000e+02, 0.,
    -2.3163789999999999e+01, 2.0130000000000001e+02, 0.,
    -2.3188220000000001e+01, 2.0135000000000002e+02, 0.,
    -2.3207740000000001e+01, 2.0140000000000001e+02, 0.,
    -2.3232170000000000e+01, 2.0145000000000002e+02, 0.,
    -2.3255379999999999e+01, 2.0150000000000000e+02, 0.,
    -2.3272379999999998e+01, 2.0155000000000001e+02, 0.,
    -2.3299510000000001e+01, 2.0160000000000002e+02, 0.,
    -2.3321980000000000e+01, 2.0165000000000001e+02, 0.,
    -2.3312500000000000e+01, 2.0170000000000002e+02, 0.,
    -2.3302029999999998e+01, 2.0175000000000000e+02, 0.,
    -2.3294470000000000e+01, 2.0180000000000001e+02, 0.,
    -2.3302420000000001e+01, 2.0185000000000002e+02, 0.,
    -2.3287960000000002e+01, 2.0190000000000001e+02, 0.,
    -2.3244280000000000e+01, 2.0195000000000002e+02, 0.,
    -2.3186869999999999e+01, 202., 0., -2.3137670000000000e+01,
    2.0205000000000001e+02, 0., -2.3080269999999999e+01,
    2.0210000000000002e+02, 0., -2.3036549999999998e+01,
    2.0215000000000001e+02, 0., -2.2977820000000001e+01,
    2.0220000000000002e+02, 0., -2.2928660000000001e+01,
    2.0225000000000000e+02, 0., -2.2872710000000001e+01,
    2.0230000000000001e+02, 0., -2.2829070000000002e+01,
    2.0235000000000002e+02, 0., -2.2768999999999998e+01,
    2.0240000000000001e+02, 0., -2.2708970000000001e+01,
    2.0245000000000002e+02, 0., -2.2665369999999999e+01,
    2.0250000000000000e+02, 0., -2.2609490000000001e+01,
    2.0255000000000001e+02, 0., -2.2560490000000001e+01,
    2.0260000000000002e+02, 0., -2.2499189999999999e+01,
    2.0265000000000001e+02, 0., -2.2450230000000001e+01,
    2.0270000000000002e+02, 0., -2.2393049999999999e+01,
    2.0275000000000000e+02, 0., -2.2349530000000001e+01,
    2.0280000000000001e+02, 0., -2.2291090000000001e+01,
    2.0285000000000002e+02, 0., -2.2242210000000000e+01,
    2.0290000000000001e+02, 0., -2.2186480000000000e+01,
    2.0295000000000002e+02, 0., -2.2143039999999999e+01, 203., 0.,
    -2.2083279999999998e+01, 2.0305000000000001e+02, 0.,
    -2.2022230000000000e+01, 2.0310000000000002e+02, 0.,
    -2.1973430000000000e+01, 2.0315000000000001e+02, 0.,
    -2.1915099999999999e+01, 2.0320000000000002e+02, 0.,
    -2.1871739999999999e+01, 2.0325000000000000e+02, 0.,
    -2.1810960000000001e+01, 2.0330000000000001e+02, 0.,
    -2.1754560000000001e+01, 2.0335000000000002e+02, 0.,
    -2.1740169999999999e+01, 2.0340000000000001e+02, 0.,
    -2.1762280000000001e+01, 2.0345000000000002e+02, 0.,
    -2.1776879999999998e+01, 2.3045000000000002e+02, 0.,
    -5.8352500000000003e+00, 2.3050000000000000e+02, 0.,
    -5.8206499999999997e+00, 2.3055000000000001e+02, 0.,
    -5.7954600000000003e+00, 2.3060000000000002e+02, 0.,
    -5.7632700000000003e+00, 2.3065000000000001e+02, 0.,
    -5.7299499999999997e+00, 2.3070000000000002e+02, 0.,
    -5.6804300000000003e+00, 2.3075000000000000e+02, 0.,
    -5.6366699999999996e+00, 2.3080000000000001e+02, 0.,
    -5.5781999999999998e+00, 2.3085000000000002e+02, 0.,
    -5.5217200000000002e+00, 2.3090000000000001e+02, 0.,
    -5.4801599999999997e+00, 2.3095000000000002e+02, 0.,
    -5.4308100000000001e+00, 231., 0., -5.3815400000000002e+00,
    2.3105000000000001e+02, 0., -5.3364599999999998e+00,
    2.3110000000000002e+02, 0., -5.2760899999999999e+00,
    2.3115000000000001e+02, 0., -5.2256499999999999e+00,
    2.3120000000000002e+02, 0., -5.1593000000000000e+00,
    2.3125000000000000e+02, 0., -5.1027800000000001e+00,
    2.3130000000000001e+02, 0., -5.0702999999999996e+00,
    2.3135000000000002e+02, 0., -5.0292100000000000e+00,
    2.3140000000000001e+02, 0., -4.9861800000000001e+00,
    2.3145000000000002e+02, 0., -4.9467800000000004e+00,
    2.3150000000000000e+02, 0., -4.9001599999999996e+00,
    2.3155000000000001e+02, 0., -4.8643200000000002e+00,
    2.3160000000000002e+02, 0., -4.8018599999999996e+00,
    2.3165000000000001e+02, 0., -4.7373599999999998e+00,
    2.3170000000000002e+02, 0., -4.6886400000000004e+00,
    2.3175000000000000e+02, 0., -4.6310799999999999e+00,
    2.3180000000000001e+02, 0., -4.5770900000000001e+00,
    2.3185000000000002e+02, 0., -4.5426099999999998e+00,
    2.3190000000000001e+02, 0., -4.4977200000000002e+00,
    2.3195000000000002e+02, 0., -4.4516099999999996e+00, 232., 0.,
    -4.4146099999999997e+00, 2.3205000000000001e+02, 0.,
    -4.3668699999999996e+00, 2.3210000000000002e+02, 0.,
    -4.3269500000000001e+00, 2.3215000000000001e+02, 0.,
    -4.2762799999999999e+00, 2.3220000000000002e+02, 0.,
    -4.2275700000000001e+00, 2.3225000000000000e+02, 0.,
    -4.1912900000000004e+00, 2.3230000000000001e+02, 0.,
    -4.1384299999999996e+00, 2.3235000000000002e+02, 0.,
    -4.0788700000000002e+00, 2.3240000000000001e+02, 0.,
    -4.0255900000000002e+00, 2.3245000000000002e+02, 0.,
    -3.9717400000000000e+00, 2.3250000000000000e+02, 0.,
    -3.9354600000000000e+00, 2.3255000000000001e+02, 0.,
    -3.8847999999999998e+00, 2.3260000000000002e+02, 0.,
    -3.8360500000000002e+00, 2.3265000000000001e+02, 0.,
    -3.8008500000000001e+00, 2.3270000000000002e+02, 0.,
    -3.7516200000000000e+00, 2.3275000000000000e+02, 0.,
    -3.7006199999999998e+00, 2.3280000000000001e+02, 0.,
    -3.6584200000000000e+00, 2.3285000000000002e+02, 0.,
    -3.6009300000000000e+00, 2.3290000000000001e+02, 0.,
    -3.5413100000000002e+00, 2.3295000000000002e+02, 0.,
    -3.4969100000000002e+00, 233., 0., -3.4394100000000001e+00,
    2.3305000000000001e+02, 0., -3.3910499999999999e+00,
    2.3310000000000002e+02, 0., -3.3375800000000000e+00,
    2.3315000000000001e+02, 0., -3.2909600000000001e+00,
    2.3320000000000002e+02, 0., -3.2598400000000001e+00,
    2.3325000000000000e+02, 0., -3.2240400000000000e+00,
    2.3330000000000001e+02, 0., -3.1868799999999999e+00,
    2.3335000000000002e+02, 0., -3.1503199999999998e+00,
    2.3340000000000001e+02, 0., -3.0970000000000000e+00,
    2.3345000000000002e+02, 0., -3.0375100000000002e+00,
    2.3350000000000000e+02, 0., -2.9863900000000001e+00,
    2.3355000000000001e+02, 0., -2.9184700000000001e+00,
    2.3360000000000002e+02, 0., -2.8593099999999998e+00,
    2.3365000000000001e+02, 0., -2.8064200000000001e+00,
    2.3370000000000002e+02, 0., -2.7619300000000000e+00,
    2.3375000000000000e+02, 0., -2.7300900000000001e+00,
    2.3380000000000001e+02, 0., -2.6928600000000000e+00,
    2.3385000000000002e+02, 0., -2.6527099999999999e+00,
    2.3390000000000001e+02, 0., -2.6092300000000002e+00,
    2.3395000000000002e+02, 0., -2.5490599999999999e+00, 234., 0.,
    -2.4900000000000002e+00, 2.3405000000000001e+02, 0.,
    -2.4588000000000001e+00, 2.3410000000000002e+02, 0.,
    -2.4183400000000002e+00, 2.3415000000000001e+02, 0.,
    -2.3842599999999998e+00, 2.3420000000000002e+02, 0.,
    -2.3292400000000000e+00, 2.3425000000000000e+02, 0.,
    -2.2719600000000000e+00, 2.3430000000000001e+02, 0.,
    -2.2271200000000002e+00, 2.3435000000000002e+02, 0.,
