%YAML:1.0
---
profile: [ 1.8830000000000001e+02, 0., -1.3593719999999999e+01,
    1.8835000000000002e+02, 0., -1.3565360000000000e+01,
    1.8840000000000001e+02, 0., -1.3529150000000000e+01,
    1.8845000000000002e+02, 0., -1.3491669999999999e+01,
    1.8850000000000000e+02, 0., -1.3458230000000000e+01,
    1.8855000000000001e+02, 0., -1.3418229999999999e+01,
    1.8860000000000002e+02, 0., -1.3388430000000000e+01,
    1.8865000000000001e+02, 0., -1.3350619999999999e+01,
    1.8870000000000002e+02, 0., -1.3320100000000000e+01,
    1.8875000000000000e+02, 0., -1.3271820000000000e+01,
    1.8880000000000001e+02, 0., -1.3231180000000000e+01,
    1.8885000000000002e+02, 0., -1.3171620000000001e+01,
    1.8890000000000001e+02, 0., -1.3111450000000000e+01,
    1.8895000000000002e+02, 0., -1.3068250000000001e+01, 189., 0.,
    -1.3015219999999999e+01, 1.8905000000000001e+02, 0.,
    -1.2976100000000001e+01, 1.8910000000000002e+02, 0.,
    -1.2928229999999999e+01, 1.8915000000000001e+02, 0.,
    -1.2891270000000000e+01, 1.8920000000000002e+02, 0.,
    -1.2850460000000000e+01, 1.8925000000000000e+02, 0.,
    -1.2820779999999999e+01, 1.8930000000000001e+02, 0.,
    -1.2783060000000001e+01, 1.8935000000000002e+02, 0.,
    -1.2752820000000000e+01, 1.8940000000000001e+02, 0.,
    -1.2708340000000000e+01, 1.8945000000000002e+02, 0.,
    -1.2661809999999999e+01, 1.8950000000000000e+02, 0.,
    -1.2623490000000000e+01, 1.8955000000000001e+02, 0.,
    -1.2575229999999999e+01, 1.8960000000000002e+02, 0.,
    -1.2536230000000000e+01, 1.8965000000000001e+02, 0.,
    -1.2490230000000000e+01, 1.8970000000000002e+02, 0.,
    -1.2454950000000000e+01, 1.8975000000000000e+02, 0.,
    -1.2408560000000000e+01, 1.8980000000000001e+02, 0.,
    -1.2370320000000000e+01, 1.8985000000000002e+02, 0.,
    -1.2323240000000000e+01, 1.8990000000000001e+02, 0.,
    -1.2277520000000001e+01, 1.8995000000000002e+02, 0.,
    -1.2244840000000000e+01, 190., 0., -1.2202750000000000e+01,
    1.9005000000000001e+02, 0., -1.2165270000000000e+01,
    1.9010000000000002e+02, 0., -1.2119109999999999e+01,
    1.9015000000000001e+02, 0., -1.2083110000000000e+01,
    1.9020000000000002e+02, 0., -1.2034770000000000e+01,
    1.9025000000000000e+02, 0., -1.1994410000000000e+01,
    1.9030000000000001e+02, 0., -1.1954190000000001e+01,
    1.9035000000000002e+02, 0., -1.1924110000000001e+01,
    1.9040000000000001e+02, 0., -1.1882720000000001e+01,
    1.9045000000000002e+02, 0., -1.1839660000000000e+01,
    1.9050000000000000e+02, 0., -1.1802899999999999e+01,
    1.9055000000000001e+02, 0., -1.1752980000000001e+01,
    1.9060000000000002e+02, 0., -1.1708380000000000e+01,
    1.9065000000000001e+02, 0., -1.1656269999999999e+01,
    1.9070000000000002e+02, 0., -1.1616590000000000e+01,
    1.9075000000000000e+02, 0., -1.1571960000000001e+01,
    1.9080000000000001e+02, 0., -1.1538919999999999e+01,
    1.9085000000000002e+02, 0., -1.1501880000000000e+01,
    1.9090000000000001e+02, 0., -1.1463789999999999e+01,
    1.9095000000000002e+02, 0., -1.1426430000000000e+01, 191., 0.,
    -1.1375830000000001e+01, 1.9105000000000001e+02, 0.,
    -1.1330670000000000e+01, 1.9110000000000002e+02, 0.,
    -1.1276050000000000e+01, 1.9115000000000001e+02, 0.,
    -1.1233370000000001e+01, 1.9120000000000002e+02, 0.,
    -1.1186750000000000e+01, 1.9125000000000000e+02, 0.,
    -1.1153110000000000e+01, 1.9130000000000001e+02, 0.,
    -1.1116809999999999e+01, 1.9135000000000002e+02, 0.,
    -1.1081390000000001e+01, 1.9140000000000001e+02, 0.,
    -1.1051349999999999e+01, 1.9145000000000002e+02, 0.,
    -1.1013430000000000e+01, 1.9150000000000000e+02, 0.,
    -1.0982710000000001e+01, 1.9155000000000001e+02, 0.,
    -1.0935829999999999e+01, 1.9160000000000002e+02, 0.,
    -1.0893870000000000e+01, 1.9165000000000001e+02, 0.,
    -1.0843430000000000e+01, 1.9170000000000002e+02, 0.,
    -1.0804150000000000e+01, 1.9175000000000000e+02, 0.,
    -1.0756460000000001e+01, 1.9180000000000001e+02, 0.,
    -1.0708970000000001e+01, 1.9185000000000002e+02, 0.,
    -1.0670450000000001e+01, 1.9190000000000001e+02, 0.,
    -1.0622600000000000e+01, 1.9195000000000002e+02, 0.,
    -1.0584800000000000e+01, 192., 0., -1.0540710000000001e+01,
    1.9205000000000001e+02, 0., -1.0507149999999999e+01,
    1.9210000000000002e+02, 0., -1.0467900000000000e+01,
    1.9215000000000001e+02, 0., -1.0437980000000000e+01,
    1.9220000000000002e+02, 0., -1.0402740000000000e+01,
    1.9225000000000000e+02, 0., -1.0365710000000000e+01,
    1.9230000000000001e+02, 0., -1.0328709999999999e+01,
    1.9235000000000002e+02, 0., -1.0278180000000001e+01,
    1.9240000000000001e+02, 0., -1.0232620000000001e+01,
    1.9245000000000002e+02, 0., -1.0175660000000001e+01,
    1.9250000000000000e+02, 0., -1.0130140000000001e+01,
    1.9255000000000001e+02, 0., -1.0076390000000000e+01,
    1.9260000000000002e+02, 0., -1.0035110000000000e+01,
    1.9265000000000001e+02, 0., -9.9871499999999997e+00,
    1.9270000000000002e+02, 0., -9.9414599999999993e+00,
    1.9275000000000000e+02, 0., -9.9094599999999993e+00,
    1.9280000000000001e+02, 0., -9.8705300000000005e+00,
    1.9285000000000002e+02, 0., -9.8406900000000004e+00,
    1.9290000000000001e+02, 0., -9.8018000000000001e+00,
    1.9295000000000002e+02, 0., -9.7698800000000006e+00, 193., 0.,
    -9.7285000000000004e+00, 1.9305000000000001e+02, 0.,
    -9.6840899999999994e+00, 1.9310000000000002e+02, 0.,
    -9.6400900000000007e+00, 1.9315000000000001e+02, 0.,
    -9.5862700000000007e+00, 1.9320000000000002e+02, 0.,
    -9.5446700000000000e+00, 1.9325000000000000e+02, 0.,
    -9.4857499999999995e+00, 1.9330000000000001e+02, 0.,
    -9.4304299999999994e+00, 1.9335000000000002e+02, 0.,
    -9.3793500000000005e+00, 1.9340000000000001e+02, 0.,
    -9.3481900000000007e+00, 1.9345000000000002e+02, 0.,
    -9.3155300000000008e+00, 1.9350000000000000e+02, 0.,
    -9.2818299999999994e+00, 1.9355000000000001e+02, 0.,
    -9.2463499999999996e+00, 1.9360000000000002e+02, 0.,
    -9.2024000000000008e+00, 1.9365000000000001e+02, 0.,
    -9.1677199999999992e+00, 1.9370000000000002e+02, 0.,
    -9.1210599999999999e+00, 1.9375000000000000e+02, 0.,
    -9.0820200000000000e+00, 1.9380000000000001e+02, 0.,
    -9.0354299999999999e+00, 1.9385000000000002e+02, 0.,
    -8.9993900000000000e+00, 1.9390000000000001e+02, 0.,
    -8.9465100000000000e+00, 1.9395000000000002e+02, 0.,
    -8.8941499999999998e+00, 194., 0., -8.8601500000000009e+00,
    1.9405000000000001e+02, 0., -8.8177000000000003e+00,
    1.9410000000000002e+02, 0., -8.7838200000000004e+00,
    1.9415000000000001e+02, 0., -8.7408000000000001e+00,
    1.9420000000000002e+02, 0., -8.7061200000000003e+00,
    1.9425000000000000e+02, 0., -8.6670400000000001e+00,
    1.9430000000000001e+02, 0., -8.6276399999999995e+00,
    1.9435000000000002e+02, 0., -8.5916399999999999e+00,
    1.9440000000000001e+02, 0., -8.5419699999999992e+00,
    1.9445000000000002e+02, 0., -8.4966899999999992e+00,
    1.9450000000000000e+02, 0., -8.4491499999999995e+00,
    1.9455000000000001e+02, 0., -8.4159500000000005e+00,
    1.9460000000000002e+02, 0., -8.3658900000000003e+00,
    1.9465000000000001e+02, 0., -8.3213699999999999e+00,
    1.9470000000000002e+02, 0., -8.2729199999999992e+00,
    1.9475000000000000e+02, 0., -8.2267899999999994e+00,
    1.9480000000000001e+02, 0., -8.1916300000000000e+00,
    1.9485000000000002e+02, 0., -8.1503700000000006e+00,
    1.9490000000000001e+02, 0., -8.1207300000000000e+00,
    1.9495000000000002e+02, 0., -8.0832300000000004e+00, 195., 0.,
    -8.0530299999999997e+00, 1.9505000000000001e+02, 0.,
    -8.0116099999999992e+00, 1.9510000000000002e+02, 0.,
    -7.9693699999999996e+00, 1.9515000000000001e+02, 0.,
    -7.9356499999999999e+00, 1.9520000000000002e+02, 0.,
    -7.8921099999999997e+00, 1.9525000000000000e+02, 0.,
    -7.8556299999999997e+00, 1.9530000000000001e+02, 0.,
    -7.8036300000000001e+00, 1.9535000000000002e+02, 0.,
