%YAML:1.0
---
profile: [ 1.9550000000000000e+02, 0., -2.3308800000000002e+01,
    1.9555000000000001e+02, 0., -2.3307050000000000e+01,
    1.9560000000000002e+02, 0., -2.3306210000000000e+01,
    1.9565000000000001e+02, 0., -2.3304030000000001e+01,
    1.9570000000000002e+02, 0., -2.3301749999999998e+01,
    1.9575000000000000e+02, 0., -2.3299620000000001e+01,
    1.9580000000000001e+02, 0., -2.3296520000000001e+01,
    1.9585000000000002e+02, 0., -2.3290360000000000e+01,
    1.9590000000000001e+02, 0., -2.3278600000000001e+01,
    1.9595000000000002e+02, 0., -2.3267040000000001e+01, 196., 0.,
    -2.3238779999999998e+01, 1.9605000000000001e+02, 0.,
    -2.3197980000000001e+01, 1.9610000000000002e+02, 0.,
    -2.3136379999999999e+01, 1.9615000000000001e+02, 0.,
    -2.3065159999999999e+01, 1.9620000000000002e+02, 0.,
    -2.3026879999999998e+01, 1.9625000000000000e+02, 0.,
    -2.2980480000000000e+01, 1.9630000000000001e+02, 0.,
    -2.2948160000000001e+01, 1.9635000000000002e+02, 0.,
    -2.2910860000000000e+01, 1.9640000000000001e+02, 0.,
    -2.2884740000000001e+01, 1.9645000000000002e+02, 0.,
    -2.2849119999999999e+01, 1.9650000000000000e+02, 0.,
    -2.2819120000000002e+01, 1.9655000000000001e+02, 0.,
    -2.2780860000000001e+01, 1.9660000000000002e+02, 0.,
    -2.2741479999999999e+01, 1.9665000000000001e+02, 0.,
    -2.2706959999999999e+01, 1.9670000000000002e+02, 0.,
    -2.2665279999999999e+01, 1.9675000000000000e+02, 0.,
    -2.2633839999999999e+01, 1.9680000000000001e+02, 0.,
    -2.2597950000000001e+01, 1.9685000000000002e+02, 0.,
    -2.2573429999999998e+01, 1.9690000000000001e+02, 0.,
    -2.2543299999999999e+01, 1.9695000000000002e+02, 0.,
    -2.2519539999999999e+01, 197., 0., -2.2482050000000001e+01,
    1.9705000000000001e+02, 0., -2.2440500000000000e+01,
    1.9710000000000002e+02, 0., -2.2400659999999998e+01,
    1.9715000000000001e+02, 0., -2.2353010000000001e+01,
    1.9720000000000002e+02, 0., -2.2317609999999998e+01,
    1.9725000000000000e+02, 0., -2.2267980000000001e+01,
    1.9730000000000001e+02, 0., -2.2221940000000000e+01,
    1.9735000000000002e+02, 0., -2.2174199999999999e+01,
    1.9740000000000001e+02, 0., -2.2141320000000000e+01,
    1.9745000000000002e+02, 0., -2.2098340000000000e+01,
    1.9750000000000000e+02, 0., -2.2063620000000000e+01,
    1.9755000000000001e+02, 0., -2.2018219999999999e+01,
    1.9760000000000002e+02, 0., -2.1974670000000000e+01,
    1.9765000000000001e+02, 0., -2.1947189999999999e+01,
    1.9770000000000002e+02, 0., -2.1914000000000001e+01,
    1.9775000000000000e+02, 0., -2.1888839999999998e+01,
    1.9780000000000001e+02, 0., -2.1851600000000001e+01,
    1.9785000000000002e+02, 0., -2.1818760000000001e+01,
    1.9790000000000001e+02, 0., -2.1783040000000000e+01,
    1.9795000000000002e+02, 0., -2.1746980000000001e+01, 198., 0.,
    -2.1712660000000000e+01, 1.9805000000000001e+02, 0.,
    -2.1667600000000000e+01, 1.9810000000000002e+02, 0.,
    -2.1628959999999999e+01, 1.9815000000000001e+02, 0.,
    -2.1580100000000002e+01, 1.9820000000000002e+02, 0.,
    -2.1540459999999999e+01, 1.9825000000000000e+02, 0.,
    -2.1488659999999999e+01, 1.9830000000000001e+02, 0.,
    -2.1446020000000001e+01, 1.9835000000000002e+02, 0.,
    -2.1408960000000000e+01, 1.9840000000000001e+02, 0.,
    -2.1382600000000000e+01, 1.9845000000000002e+02, 0.,
    -2.1342520000000000e+01, 1.9850000000000000e+02, 0.,
    -2.1298950000000001e+01, 1.9855000000000001e+02, 0.,
    -2.1258669999999999e+01, 1.9860000000000002e+02, 0.,
    -2.1211379999999998e+01, 1.9865000000000001e+02, 0.,
    -2.1177219999999998e+01, 1.9870000000000002e+02, 0.,
    -2.1134319999999999e+01, 1.9875000000000000e+02, 0.,
    -2.1099920000000001e+01, 1.9880000000000001e+02, 0.,
    -2.1058260000000001e+01, 1.9885000000000002e+02, 0.,
    -2.1025659999999998e+01, 1.9890000000000001e+02, 0.,
    -2.0987169999999999e+01, 1.9895000000000002e+02, 0.,
    -2.0948319999999999e+01, 199., 0., -2.0914200000000001e+01,
    1.9905000000000001e+02, 0., -2.0874910000000000e+01,
    1.9910000000000002e+02, 0., -2.0847629999999999e+01,
    1.9915000000000001e+02, 0., -2.0807849999999998e+01,
    1.9920000000000002e+02, 0., -2.0773009999999999e+01,
    1.9925000000000000e+02, 0., -2.0721750000000000e+01,
    1.9930000000000001e+02, 0., -2.0672319999999999e+01,
    1.9935000000000002e+02, 0., -2.0644720000000000e+01,
    1.9940000000000001e+02, 0., -2.0608770000000000e+01,
    1.9945000000000002e+02, 0., -2.0575450000000000e+01,
    1.9950000000000000e+02, 0., -2.0533400000000000e+01,
    1.9955000000000001e+02, 0., -2.0499279999999999e+01,
    1.9960000000000002e+02, 0., -2.0454390000000000e+01,
    1.9965000000000001e+02, 0., -2.0417310000000001e+01,
    1.9970000000000002e+02, 0., -2.0371729999999999e+01,
    1.9975000000000000e+02, 0., -2.0326870000000000e+01,
    1.9980000000000001e+02, 0., -2.0292829999999999e+01,
    1.9985000000000002e+02, 0., -2.0252490000000002e+01,
    1.9990000000000001e+02, 0., -2.0222970000000000e+01,
    1.9995000000000002e+02, 0., -2.0182289999999998e+01, 200., 0.,
    -2.0145330000000001e+01, 2.0005000000000001e+02, 0.,
    -2.0094560000000001e+01, 2.0010000000000002e+02, 0.,
    -2.0051600000000001e+01, 2.0015000000000001e+02, 0.,
    -2.0003139999999998e+01, 2.0020000000000002e+02, 0.,
    -1.9956270000000000e+01, 2.0025000000000000e+02, 0.,
    -1.9919509999999999e+01, 2.0030000000000001e+02, 0.,
    -1.9876539999999999e+01, 2.0035000000000002e+02, 0.,
    -1.9845820000000000e+01, 2.0040000000000001e+02, 0.,
    -1.9804300000000001e+01, 2.0045000000000002e+02, 0.,
    -1.9767460000000000e+01, 2.0050000000000000e+02, 0.,
    -1.9721589999999999e+01, 2.0055000000000001e+02, 0.,
    -1.9684989999999999e+01, 2.0060000000000002e+02, 0.,
    -1.9647300000000001e+01, 2.0065000000000001e+02, 0.,
    -1.9612390000000001e+01, 2.0070000000000002e+02, 0.,
    -1.9586910000000000e+01, 2.0075000000000000e+02, 0.,
    -1.9550609999999999e+01, 2.0080000000000001e+02, 0.,
    -1.9516290000000001e+01, 2.0085000000000002e+02, 0.,
    -1.9465319999999998e+01, 2.0090000000000001e+02, 0.,
    -1.9420240000000000e+01, 2.0095000000000002e+02, 0.,
    -1.9375080000000001e+01, 201., 0., -1.9341200000000001e+01,
    2.0105000000000001e+02, 0., -1.9307240000000000e+01,
    2.0110000000000002e+02, 0., -1.9274870000000000e+01,
    2.0115000000000001e+02, 0., -1.9247470000000000e+01,
    2.0120000000000002e+02, 0., -1.9211700000000000e+01,
    2.0125000000000000e+02, 0., -1.9182340000000000e+01,
    2.0130000000000001e+02, 0., -1.9138439999999999e+01,
    2.0135000000000002e+02, 0., -1.9099480000000000e+01,
    2.0140000000000001e+02, 0., -1.9058150000000001e+01,
    2.0145000000000002e+02, 0., -1.9019320000000000e+01,
    2.0150000000000000e+02, 0., -1.8990079999999999e+01,
    2.0155000000000001e+02, 0., -1.8953479999999999e+01,
    2.0160000000000002e+02, 0., -1.8924199999999999e+01,
    2.0165000000000001e+02, 0., -1.8883730000000000e+01,
    2.0170000000000002e+02, 0., -1.8849290000000000e+01,
    2.0175000000000000e+02, 0., -1.8798620000000000e+01,
    2.0180000000000001e+02, 0., -1.8747010000000000e+01,
    2.0185000000000002e+02, 0., -1.8708850000000002e+01,
    2.0190000000000001e+02, 0., -1.8661899999999999e+01,
    2.0195000000000002e+02, 0., -1.8625260000000001e+01, 202., 0.,
    -1.8576979999999999e+01, 2.0205000000000001e+02, 0.,
    -1.8537060000000000e+01, 2.0210000000000002e+02, 0.,
    -1.8492390000000000e+01, 2.0215000000000001e+02, 0.,
    -1.8459550000000000e+01, 2.0220000000000002e+02, 0.,
    -1.8424530000000001e+01, 2.0225000000000000e+02, 0.,
    -1.8392260000000000e+01, 2.0230000000000001e+02, 0.,
    -1.8370660000000001e+01, 2.0235000000000002e+02, 0.,
    -1.8339160000000000e+01, 2.0240000000000001e+02, 0.,
    -1.8308560000000000e+01, 2.0245000000000002e+02, 0.,
    -1.8269130000000001e+01, 2.0250000000000000e+02, 0.,
    -1.8237369999999999e+01, 2.0255000000000001e+02, 0.,
