%YAML:1.0
---
profile: [ 1.7610000000000002e+02, 0., -1.9980460000000001e+01,
    1.7615000000000001e+02, 0., -1.9957260000000002e+01,
    1.7620000000000002e+02, 0., -1.9916810000000002e+01,
    1.7625000000000000e+02, 0., -1.9882169999999999e+01,
    1.7630000000000001e+02, 0., -1.9824700000000000e+01,
    1.7635000000000002e+02, 0., -1.9775900000000000e+01,
    1.7640000000000001e+02, 0., -1.9707809999999998e+01,
    1.7645000000000002e+02, 0., -1.9651930000000000e+01,
    1.7650000000000000e+02, 0., -1.9592430000000000e+01,
    1.7655000000000001e+02, 0., -1.9550429999999999e+01,
    1.7660000000000002e+02, 0., -1.9497890000000002e+01,
    1.7665000000000001e+02, 0., -1.9455929999999999e+01,
    1.7670000000000002e+02, 0., -1.9406910000000000e+01,
    1.7675000000000000e+02, 0., -1.9369589999999999e+01,
    1.7680000000000001e+02, 0., -1.9315899999999999e+01,
    1.7685000000000002e+02, 0., -1.9269220000000001e+01,
    1.7690000000000001e+02, 0., -1.9212869999999999e+01,
    1.7695000000000002e+02, 0., -1.9168869999999998e+01, 177., 0.,
    -1.9108889999999999e+01, 1.7705000000000001e+02, 0.,
    -1.9058250000000001e+01, 1.7710000000000002e+02, 0.,
    -1.9001989999999999e+01, 1.7715000000000001e+02, 0.,
    -1.8960830000000001e+01, 1.7720000000000002e+02, 0.,
    -1.8907200000000000e+01, 1.7725000000000000e+02, 0.,
    -1.8863920000000000e+01, 1.7730000000000001e+02, 0.,
    -1.8815220000000000e+01, 1.7735000000000002e+02, 0.,
    -1.8777339999999999e+01, 1.7740000000000001e+02, 0.,
    -1.8718599999999999e+01, 1.7745000000000002e+02, 0.,
    -1.8669400000000000e+01, 1.7750000000000000e+02, 0.,
    -1.8603819999999999e+01, 1.7755000000000001e+02, 0.,
    -1.8550580000000000e+01, 1.7760000000000002e+02, 0.,
    -1.8486120000000000e+01, 1.7765000000000001e+02, 0.,
    -1.8435680000000001e+01, 1.7770000000000002e+02, 0.,
    -1.8376619999999999e+01, 1.7775000000000000e+02, 0.,
    -1.8331579999999999e+01, 1.7780000000000001e+02, 0.,
    -1.8282769999999999e+01, 1.7785000000000002e+02, 0.,
    -1.8247810000000001e+01, 1.7790000000000001e+02, 0.,
    -1.8207940000000001e+01, 1.7795000000000002e+02, 0.,
    -1.8176860000000001e+01, 178., 0., -1.8121490000000001e+01,
    1.7805000000000001e+02, 0., -1.8073889999999999e+01,
    1.7810000000000002e+02, 0., -1.8006460000000001e+01,
    1.7815000000000001e+02, 0., -1.7950939999999999e+01,
    1.7820000000000002e+02, 0., -1.7891439999999999e+01,
    1.7825000000000000e+02, 0., -1.7845839999999999e+01,
    1.7830000000000001e+02, 0., -1.7784469999999999e+01,
    1.7835000000000002e+02, 0., -1.7734549999999999e+01,
    1.7840000000000001e+02, 0., -1.7670950000000001e+01,
    1.7845000000000002e+02, 0., -1.7619430000000001e+01,
    1.7850000000000000e+02, 0., -1.7563630000000000e+01,
    1.7855000000000001e+02, 0., -1.7523630000000001e+01,
    1.7860000000000002e+02, 0., -1.7477380000000000e+01,
    1.7865000000000001e+02, 0., -1.7441140000000001e+01,
    1.7870000000000002e+02, 0., -1.7385249999999999e+01,
    1.7875000000000000e+02, 0., -1.7338490000000000e+01,
    1.7880000000000001e+02, 0., -1.7271640000000001e+01,
    1.7885000000000002e+02, 0., -1.7216519999999999e+01,
    1.7890000000000001e+02, 0., -1.7150350000000000e+01,
    1.7895000000000002e+02, 0., -1.7098990000000001e+01, 179., 0.,
    -1.7039459999999998e+01, 1.7905000000000001e+02, 0.,
    -1.6994420000000002e+01, 1.7910000000000002e+02, 0.,
    -1.6958870000000001e+01, 1.7915000000000001e+02, 0.,
    -1.6934629999999999e+01, 1.7920000000000002e+02, 0.,
    -1.6901219999999999e+01, 1.7925000000000000e+02, 0.,
    -1.6863949999999999e+01, 1.7930000000000001e+02, 0.,
    -1.6823989999999998e+01, 1.7935000000000002e+02, 0.,
    -1.6770080000000000e+01, 1.7940000000000001e+02, 0.,
    -1.6714279999999999e+01, 1.7945000000000002e+02, 0.,
    -1.6643730000000001e+01, 1.7950000000000000e+02, 0.,
    -1.6584769999999999e+01, 1.7955000000000001e+02, 0.,
    -1.6525810000000000e+01, 1.7960000000000002e+02, 0.,
    -1.6456779999999998e+01, 1.7965000000000001e+02, 0.,
    -1.6402539999999998e+01, 1.7970000000000002e+02, 0.,
    -1.6354379999999999e+01, 1.7975000000000000e+02, 0.,
    -1.6308579999999999e+01, 1.7980000000000001e+02, 0.,
    -1.6263539999999999e+01, 1.7985000000000002e+02, 0.,
    -1.6204590000000000e+01, 1.7990000000000001e+02, 0.,
    -1.6148949999999999e+01, 1.7995000000000002e+02, 0.,
    -1.6080420000000000e+01, 180., 0., -1.6028860000000002e+01,
    1.8005000000000001e+02, 0., -1.5967010000000000e+01,
    1.8010000000000002e+02, 0., -1.5925970000000000e+01,
    1.8015000000000001e+02, 0., -1.5877530000000000e+01,
    1.8020000000000002e+02, 0., -1.5848170000000000e+01,
    1.8025000000000000e+02, 0., -1.5811999999999999e+01,
    1.8030000000000001e+02, 0., -1.5784879999999999e+01,
    1.8035000000000002e+02, 0., -1.5742900000000001e+01,
    1.8040000000000001e+02, 0., -1.5699700000000000e+01,
    1.8045000000000002e+02, 0., -1.5643319999999999e+01,
    1.8050000000000000e+02, 0., -1.5597000000000000e+01,
    1.8055000000000001e+02, 0., -1.5525840000000001e+01,
    1.8060000000000002e+02, 0., -1.5461919999999999e+01,
    1.8065000000000001e+02, 0., -1.5384930000000001e+01,
    1.8070000000000002e+02, 0., -1.5327010000000000e+01,
    1.8075000000000000e+02, 0., -1.5259740000000001e+01,
    1.8080000000000001e+02, 0., -1.5212220000000000e+01,
    1.8085000000000002e+02, 0., -1.5152139999999999e+01,
    1.8090000000000001e+02, 0., -1.5103380000000000e+01,
    1.8095000000000002e+02, 0., -1.5048880000000000e+01, 181., 0.,
    -1.5013120000000001e+01, 1.8105000000000001e+02, 0.,
    -1.4964370000000001e+01, 1.8110000000000002e+02, 0.,
    -1.4920529999999999e+01, 1.8115000000000001e+02, 0.,
    -1.4870830000000000e+01, 1.8120000000000002e+02, 0.,
    -1.4833830000000001e+01, 1.8125000000000000e+02, 0.,
    -1.4779710000000000e+01, 1.8130000000000001e+02, 0.,
    -1.4732310000000000e+01, 1.8135000000000002e+02, 0.,
    -1.4671099999999999e+01, 1.8140000000000001e+02, 0.,
    -1.4621140000000000e+01, 1.8145000000000002e+02, 0.,
    -1.4563980000000001e+01, 1.8150000000000000e+02, 0.,
    -1.4521179999999999e+01, 1.8155000000000001e+02, 0.,
    -1.4469700000000000e+01, 1.8160000000000002e+02, 0.,
    -1.4429620000000000e+01, 1.8165000000000001e+02, 0.,
    -1.4376799999999999e+01, 1.8170000000000002e+02, 0.,
    -1.4334040000000000e+01, 1.8175000000000000e+02, 0.,
    -1.4280379999999999e+01, 1.8180000000000001e+02, 0.,
    -1.4225450000000000e+01, 1.8185000000000002e+02, 0.,
    -1.4177610000000000e+01, 1.8190000000000001e+02, 0.,
    -1.4117580000000000e+01, 1.8195000000000002e+02, 0.,
    -1.4069100000000001e+01, 182., 0., -1.4010120000000001e+01,
    1.8205000000000001e+02, 0., -1.3968200000000000e+01,
    1.8210000000000002e+02, 0., -1.3915559999999999e+01,
    1.8215000000000001e+02, 0., -1.3872999999999999e+01,
    1.8220000000000002e+02, 0., -1.3818640000000000e+01,
    1.8225000000000000e+02, 0., -1.3771559999999999e+01,
    1.8230000000000001e+02, 0., -1.3713010000000001e+01,
    1.8235000000000002e+02, 0., -1.3667370000000000e+01,
    1.8240000000000001e+02, 0., -1.3610830000000000e+01,
    1.8245000000000002e+02, 0., -1.3566350000000000e+01,
    1.8250000000000000e+02, 0., -1.3509160000000000e+01,
    1.8255000000000001e+02, 0., -1.3461520000000000e+01,
    1.8260000000000002e+02, 0., -1.3404350000000001e+01,
    1.8265000000000001e+02, 0., -1.3361630000000000e+01,
    1.8270000000000002e+02, 0., -1.3314209999999999e+01,
    1.8275000000000000e+02, 0., -1.3279489999999999e+01,
    1.8280000000000001e+02, 0., -1.3230119999999999e+01,
    1.8285000000000002e+02, 0., -1.3187480000000001e+01,
    1.8290000000000001e+02, 0., -1.3124029999999999e+01,
    1.8295000000000002e+02, 0., -1.3071310000000000e+01, 183., 0.,
    -1.3010540000000001e+01, 1.8305000000000001e+02, 0.,
    -1.2963020000000000e+01, 1.8310000000000002e+02, 0.,
    -1.2899089999999999e+01, 1.8315000000000001e+02, 0.,
