%YAML:1.0
---
profile: [ 1.8780000000000001e+02, 0., -2.3269359999999999e+01,
    1.8785000000000002e+02, 0., -2.3260159999999999e+01,
    1.8790000000000001e+02, 0., -2.3212420000000002e+01,
    1.8795000000000002e+02, 0., -2.3154979999999998e+01, 188., 0.,
    -2.3082149999999999e+01, 1.8805000000000001e+02, 0.,
    -2.3023389999999999e+01, 1.8810000000000002e+02, 0.,
    -2.2955500000000001e+01, 1.8815000000000001e+02, 0.,
    -2.2904260000000001e+01, 1.8820000000000002e+02, 0.,
    -2.2834360000000000e+01, 1.8825000000000000e+02, 0.,
    -2.2775400000000001e+01, 1.8830000000000001e+02, 0.,
    -2.2697330000000001e+01, 1.8835000000000002e+02, 0.,
    -2.2629809999999999e+01, 1.8840000000000001e+02, 0.,
    -2.2547740000000001e+01, 1.8845000000000002e+02, 0.,
    -2.2485019999999999e+01, 1.8850000000000000e+02, 0.,
    -2.2410070000000001e+01, 1.8855000000000001e+02, 0.,
    -2.2354270000000000e+01, 1.8860000000000002e+02, 0.,
    -2.2282299999999999e+01, 1.8865000000000001e+02, 0.,
    -2.2217659999999999e+01, 1.8870000000000002e+02, 0.,
    -2.2137470000000000e+01, 1.8875000000000000e+02, 0.,
    -2.2075589999999998e+01, 1.8880000000000001e+02, 0.,
    -2.1997479999999999e+01, 1.8885000000000002e+02, 0.,
    -2.1932680000000001e+01, 1.8890000000000001e+02, 0.,
    -2.1867880000000000e+01, 1.8895000000000002e+02, 0.,
    -2.1792580000000001e+01, 189., 0., -2.1733540000000001e+01,
    1.8905000000000001e+02, 0., -2.1654370000000000e+01,
    1.8910000000000002e+02, 0., -2.1589970000000001e+01,
    1.8915000000000001e+02, 0., -2.1505569999999999e+01,
    1.8920000000000002e+02, 0., -2.1437290000000001e+01,
    1.8925000000000000e+02, 0., -2.1344290000000001e+01,
    1.8930000000000001e+02, 0., -2.1265809999999998e+01,
    1.8935000000000002e+02, 0., -2.1178590000000000e+01,
    1.8940000000000001e+02, 0., -2.1114709999999999e+01,
    1.8945000000000002e+02, 0., -2.1039380000000001e+01,
    1.8950000000000000e+02, 0., -2.0984660000000002e+01,
    1.8955000000000001e+02, 0., -2.0913920000000001e+01,
    1.8960000000000002e+02, 0., -2.0854520000000001e+01,
    1.8965000000000001e+02, 0., -2.0780580000000000e+01,
    1.8970000000000002e+02, 0., -2.0721900000000002e+01,
    1.8975000000000000e+02, 0., -2.0641819999999999e+01,
    1.8980000000000001e+02, 0., -2.0569739999999999e+01,
    1.8985000000000002e+02, 0., -2.0481700000000000e+01,
    1.8990000000000001e+02, 0., -2.0413860000000000e+01,
    1.8995000000000002e+02, 0., -2.0328690000000002e+01, 190., 0.,
    -2.0259689999999999e+01, 1.9005000000000001e+02, 0.,
    -2.0190690000000000e+01, 1.9010000000000002e+02, 0.,
    -2.0113659999999999e+01, 1.9015000000000001e+02, 0.,
    -2.0053899999999999e+01, 1.9020000000000002e+02, 0.,
    -1.9985890000000001e+01, 1.9025000000000000e+02, 0.,
    -1.9932890000000000e+01, 1.9030000000000001e+02, 0.,
    -1.9862539999999999e+01, 1.9035000000000002e+02, 0.,
    -1.9805499999999999e+01, 1.9040000000000001e+02, 0.,
    -1.9718200000000000e+01, 1.9045000000000002e+02, 0.,
    -1.9645160000000001e+01, 1.9050000000000000e+02, 0.,
    -1.9553899999999999e+01, 1.9055000000000001e+02, 0.,
    -1.9480940000000000e+01, 1.9060000000000002e+02, 0.,
    -1.9388010000000001e+01, 1.9065000000000001e+02, 0.,
    -1.9313369999999999e+01, 1.9070000000000002e+02, 0.,
    -1.9230409999999999e+01, 1.9075000000000000e+02, 0.,
    -1.9169609999999999e+01, 1.9080000000000001e+02, 0.,
    -1.9097600000000000e+01, 1.9085000000000002e+02, 0.,
    -1.9042159999999999e+01, 1.9090000000000001e+02, 0.,
    -1.8965360000000000e+01, 1.9095000000000002e+02, 0.,
    -1.8899960000000000e+01, 191., 0., -1.8814090000000000e+01,
    1.9105000000000001e+02, 0., -1.8743250000000000e+01,
    1.9110000000000002e+02, 0., -1.8653800000000000e+01,
    1.9115000000000001e+02, 0., -1.8581160000000001e+01,
    1.9120000000000002e+02, 0., -1.8488320000000002e+01,
    1.9125000000000000e+02, 0., -1.8411639999999998e+01,
    1.9130000000000001e+02, 0., -1.8317779999999999e+01,
    1.9135000000000002e+02, 0., -1.8249300000000002e+01,
    1.9140000000000001e+02, 0., -1.8168279999999999e+01,
    1.9145000000000002e+02, 0., -1.8118440000000000e+01,
    1.9150000000000000e+02, 0., -1.8055309999999999e+01,
    1.9155000000000001e+02, 0., -1.8002189999999999e+01,
    1.9160000000000002e+02, 0., -1.7936750000000000e+01,
    1.9165000000000001e+02, 0., -1.7887670000000000e+01,
    1.9170000000000002e+02, 0., -1.7822109999999999e+01,
    1.9175000000000000e+02, 0., -1.7756470000000000e+01,
    1.9180000000000001e+02, 0., -1.7671070000000000e+01,
    1.9185000000000002e+02, 0., -1.7592230000000001e+01,
    1.9190000000000001e+02, 0., -1.7498490000000000e+01,
    1.9195000000000002e+02, 0., -1.7438929999999999e+01, 192., 0.,
    -1.7379370000000002e+01, 1.9205000000000001e+02, 0.,
    -1.7318370000000002e+01, 1.9210000000000002e+02, 0.,
    -1.7257030000000000e+01, 1.9215000000000001e+02, 0.,
    -1.7196230000000000e+01, 1.9220000000000002e+02, 0.,
    -1.7118590000000001e+01, 1.9225000000000000e+02, 0.,
    -1.7051269999999999e+01, 1.9230000000000001e+02, 0.,
    -1.6966410000000000e+01, 1.9235000000000002e+02, 0.,
    -1.6896409999999999e+01, 1.9240000000000001e+02, 0.,
    -1.6826409999999999e+01, 1.9245000000000002e+02, 0.,
    -1.6721900000000002e+01, 1.9250000000000000e+02, 0.,
    -1.6634979999999999e+01, 1.9255000000000001e+02, 0.,
    -1.6554659999999998e+01, 1.9260000000000002e+02, 0.,
    -1.6496140000000000e+01, 1.9265000000000001e+02, 0.,
    -1.6430850000000000e+01, 1.9270000000000002e+02, 0.,
    -1.6380250000000000e+01, 1.9275000000000000e+02, 0.,
    -1.6310359999999999e+01, 1.9280000000000001e+02, 0.,
    -1.6253200000000000e+01, 1.9285000000000002e+02, 0.,
    -1.6171840000000000e+01, 1.9290000000000001e+02, 0.,
    -1.6104839999999999e+01, 1.9295000000000002e+02, 0.,
    -1.6012680000000000e+01, 193., 0., -1.5937279999999999e+01,
    1.9305000000000001e+02, 0., -1.5856040000000000e+01,
    1.9310000000000002e+02, 0., -1.5793720000000000e+01,
    1.9315000000000001e+02, 0., -1.5717980000000001e+01,
    1.9320000000000002e+02, 0., -1.5657819999999999e+01,
    1.9325000000000000e+02, 0., -1.5570250000000000e+01,
    1.9330000000000001e+02, 0., -1.5493650000000001e+01,
    1.9335000000000002e+02, 0., -1.5416560000000000e+01,
    1.9340000000000001e+02, 0., -1.5364879999999999e+01,
    1.9345000000000002e+02, 0., -1.5275290000000000e+01,
    1.9350000000000000e+02, 0., -1.5190370000000000e+01,
    1.9355000000000001e+02, 0., -1.5102340000000000e+01,
    1.9360000000000002e+02, 0., -1.5041660000000000e+01,
    1.9365000000000001e+02, 0., -1.4962420000000000e+01,
    1.9370000000000002e+02, 0., -1.4897220000000001e+01,
    1.9375000000000000e+02, 0., -1.4815220000000000e+01,
    1.9380000000000001e+02, 0., -1.4749420000000001e+01,
    1.9385000000000002e+02, 0., -1.4666029999999999e+01,
    1.9390000000000001e+02, 0., -1.4598710000000001e+01,
    1.9395000000000002e+02, 0., -1.4512430000000000e+01, 194., 0.,
    -1.4440950000000001e+01, 1.9405000000000001e+02, 0.,
    -1.4358449999999999e+01, 1.9410000000000002e+02, 0.,
    -1.4300730000000000e+01, 1.9415000000000001e+02, 0.,
    -1.4225630000000001e+01, 1.9420000000000002e+02, 0.,
    -1.4163990000000000e+01, 1.9425000000000000e+02, 0.,
    -1.4084569999999999e+01, 1.9430000000000001e+02, 0.,
    -1.4019769999999999e+01, 1.9435000000000002e+02, 0.,
    -1.3948930000000001e+01, 1.9440000000000001e+02, 0.,
    -1.3897770000000000e+01, 1.9445000000000002e+02, 0.,
    -1.3830859999999999e+01, 1.9450000000000000e+02, 0.,
    -1.3775820000000000e+01, 1.9455000000000001e+02, 0.,
    -1.3697360000000000e+01, 1.9460000000000002e+02, 0.,
    -1.3629440000000001e+01, 1.9465000000000001e+02, 0.,
    -1.3534870000000000e+01, 1.9470000000000002e+02, 0.,
    -1.3454110000000000e+01, 1.9475000000000000e+02, 0.,
    -1.3369630000000001e+01, 1.9480000000000001e+02, 0.,
    -1.3310910000000000e+01, 1.9485000000000002e+02, 0.,
