%YAML:1.0
---
profile: [ 2.1105000000000001e+02, 0., -1.6584790000000002e+01,
    2.1110000000000002e+02, 0., -1.6561710000000001e+01,
    2.1115000000000001e+02, 0., -1.6523959999999999e+01,
    2.1120000000000002e+02, 0., -1.6484089999999998e+01,
    2.1125000000000000e+02, 0., -1.6452690000000000e+01,
    2.1130000000000001e+02, 0., -1.6410139999999998e+01,
    2.1135000000000002e+02, 0., -1.6372260000000001e+01,
    2.1140000000000001e+02, 0., -1.6315950000000001e+01,
    2.1145000000000002e+02, 0., -1.6266150000000000e+01,
    2.1150000000000000e+02, 0., -1.6214449999999999e+01,
    2.1155000000000001e+02, 0., -1.6166679999999999e+01,
    2.1160000000000002e+02, 0., -1.6132600000000000e+01,
    2.1165000000000001e+02, 0., -1.6088460000000001e+01,
    2.1170000000000002e+02, 0., -1.6051340000000000e+01,
    2.1175000000000000e+02, 0., -1.6011009999999999e+01,
    2.1180000000000001e+02, 0., -1.5969670000000001e+01,
    2.1185000000000002e+02, 0., -1.5928350000000000e+01,
    2.1190000000000001e+02, 0., -1.5879619999999999e+01,
    2.1195000000000002e+02, 0., -1.5844260000000000e+01, 212., 0.,
    -1.5796139999999999e+01, 2.1205000000000001e+02, 0.,
    -1.5755620000000000e+01, 2.1210000000000002e+02, 0.,
    -1.5695399999999999e+01, 2.1215000000000001e+02, 0.,
    -1.5632960000000001e+01, 2.1220000000000002e+02, 0.,
    -1.5583679999999999e+01, 2.1225000000000000e+02, 0.,
    -1.5525359999999999e+01, 2.1230000000000001e+02, 0.,
    -1.5482720000000000e+01, 2.1235000000000002e+02, 0.,
    -1.5437640000000000e+01, 2.1240000000000001e+02, 0.,
    -1.5406040000000001e+01, 2.1245000000000002e+02, 0.,
    -1.5369500000000000e+01, 2.1250000000000000e+02, 0.,
    -1.5333299999999999e+01, 2.1255000000000001e+02, 0.,
    -1.5303220000000000e+01, 2.1260000000000002e+02, 0.,
    -1.5259219999999999e+01, 2.1265000000000001e+02, 0.,
    -1.5216460000000000e+01, 2.1270000000000002e+02, 0.,
    -1.5156120000000000e+01, 2.1275000000000000e+02, 0.,
    -1.5106520000000000e+01, 2.1280000000000001e+02, 0.,
    -1.5042800000000000e+01, 2.1285000000000002e+02, 0.,
    -1.4976760000000001e+01, 2.1290000000000001e+02, 0.,
    -1.4918120000000000e+01, 2.1295000000000002e+02, 0.,
    -1.4852860000000000e+01, 213., 0., -1.4810380000000000e+01,
    2.1305000000000001e+02, 0., -1.4767150000000001e+01,
    2.1310000000000002e+02, 0., -1.4737869999999999e+01,
    2.1315000000000001e+02, 0., -1.4702990000000000e+01,
    2.1320000000000002e+02, 0., -1.4669140000000001e+01,
    2.1325000000000000e+02, 0., -1.4642860000000001e+01,
    2.1330000000000001e+02, 0., -1.4602770000000000e+01,
    2.1335000000000002e+02, 0., -1.4566929999999999e+01,
    2.1340000000000001e+02, 0., -1.4516330000000000e+01,
    2.1345000000000002e+02, 0., -1.4461130000000001e+01,
    2.1350000000000000e+02, 0., -1.4407050000000000e+01,
    2.1355000000000001e+02, 0., -1.4341659999999999e+01,
    2.1360000000000002e+02, 0., -1.4292020000000001e+01,
    2.1365000000000001e+02, 0., -1.4237060000000000e+01,
    2.1370000000000002e+02, 0., -1.4196899999999999e+01,
    2.1375000000000000e+02, 0., -1.4158540000000000e+01,
    2.1380000000000001e+02, 0., -1.4123400000000000e+01,
    2.1385000000000002e+02, 0., -1.4095680000000000e+01,
    2.1390000000000001e+02, 0., -1.4053380000000001e+01,
    2.1395000000000002e+02, 0., -1.4015459999999999e+01, 214., 0.,
    -1.3960060000000000e+01, 2.1405000000000001e+02, 0.,
    -1.3901190000000000e+01, 2.1410000000000002e+02, 0.,
    -1.3849470000000000e+01, 2.1415000000000001e+02, 0.,
    -1.3788500000000001e+01, 2.1420000000000002e+02, 0.,
    -1.3744140000000000e+01, 2.1425000000000000e+02, 0.,
    -1.3691910000000000e+01, 2.1430000000000001e+02, 0.,
    -1.3651910000000001e+01, 2.1435000000000002e+02, 0.,
    -1.3609940000000000e+01, 2.1440000000000001e+02, 0.,
    -1.3568410000000000e+01, 2.1445000000000002e+02, 0.,
    -1.3530250000000001e+01, 2.1450000000000000e+02, 0.,
    -1.3481140000000000e+01, 2.1455000000000001e+02, 0.,
    -1.3441179999999999e+01, 2.1460000000000002e+02, 0.,
    -1.3394180000000000e+01, 2.1465000000000001e+02, 0.,
    -1.3346050000000000e+01, 2.1470000000000002e+02, 0.,
    -1.3301769999999999e+01, 2.1475000000000000e+02, 0.,
    -1.3243160000000000e+01, 2.1480000000000001e+02, 0.,
    -1.3192399999999999e+01, 2.1485000000000002e+02, 0.,
    -1.3128370000000000e+01, 2.1490000000000001e+02, 0.,
    -1.3076890000000001e+01, 2.1495000000000002e+02, 0.,
    -1.3029940000000000e+01, 215., 0., -1.2987159999999999e+01,
    2.1505000000000001e+02, 0., -1.2952400000000001e+01,
    2.1510000000000002e+02, 0., -1.2907230000000000e+01,
    2.1515000000000001e+02, 0., -1.2870229999999999e+01,
    2.1520000000000002e+02, 0., -1.2827660000000000e+01,
    2.1525000000000000e+02, 0., -1.2785810000000000e+01,
    2.1530000000000001e+02, 0., -1.2751730000000000e+01,
    2.1535000000000002e+02, 0., -1.2707140000000001e+01,
    2.1540000000000001e+02, 0., -1.2669140000000001e+01,
    2.1545000000000002e+02, 0., -1.2612629999999999e+01,
    2.1550000000000000e+02, 0., -1.2552640000000000e+01,
    2.1555000000000001e+02, 0., -1.2500640000000001e+01,
    2.1560000000000002e+02, 0., -1.2442850000000000e+01,
    2.1565000000000001e+02, 0., -1.2405410000000000e+01,
    2.1570000000000002e+02, 0., -1.2361829999999999e+01,
    2.1575000000000000e+02, 0., -1.2328749999999999e+01,
    2.1580000000000001e+02, 0., -1.2285959999999999e+01,
    2.1585000000000002e+02, 0., -1.2238340000000001e+01,
    2.1590000000000001e+02, 0., -1.2185820000000000e+01,
    2.1595000000000002e+02, 0., -1.2133670000000000e+01, 216., 0.,
    -1.2099230000000000e+01, 2.1605000000000001e+02, 0.,
    -1.2065510000000000e+01, 2.1610000000000002e+02, 0.,
    -1.2032310000000001e+01, 2.1615000000000001e+02, 0.,
    -1.2000030000000001e+01, 2.1620000000000002e+02, 0.,
    -1.1950329999999999e+01, 2.1625000000000000e+02, 0.,
    -1.1899410000000000e+01, 2.1630000000000001e+02, 0.,
    -1.1824120000000001e+01, 2.1635000000000002e+02, 0.,
    -1.1750109999999999e+01, 2.1640000000000001e+02, 0.,
    -1.1704150000000000e+01, 2.1645000000000002e+02, 0.,
    -1.1646699999999999e+01, 2.1650000000000000e+02, 0.,
    -1.1600780000000000e+01, 2.1655000000000001e+02, 0.,
    -1.1553089999999999e+01, 2.1660000000000002e+02, 0.,
    -1.1520130000000000e+01, 2.1665000000000001e+02, 0.,
    -1.1478160000000001e+01, 2.1670000000000002e+02, 0.,
    -1.1432610000000000e+01, 2.1675000000000000e+02, 0.,
    -1.1385130000000000e+01, 2.1680000000000001e+02, 0.,
    -1.1334000000000000e+01, 2.1685000000000002e+02, 0.,
    -1.1297520000000000e+01, 2.1690000000000001e+02, 0.,
    -1.1243940000000000e+01, 2.1695000000000002e+02, 0.,
    -1.1191140000000001e+01, 217., 0., -1.1157539999999999e+01,
    2.1705000000000001e+02, 0., -1.1109400000000001e+01,
    2.1710000000000002e+02, 0., -1.1063599999999999e+01,
    2.1715000000000001e+02, 0., -1.1016410000000000e+01,
    2.1720000000000002e+02, 0., -1.0972450000000000e+01,
    2.1725000000000000e+02, 0., -1.0939610000000000e+01,
    2.1730000000000001e+02, 0., -1.0895650000000000e+01,
    2.1735000000000002e+02, 0., -1.0857049999999999e+01,
    2.1740000000000001e+02, 0., -1.0808999999999999e+01,
    2.1745000000000002e+02, 0., -1.0760660000000000e+01,
    2.1750000000000000e+02, 0., -1.0720660000000001e+01,
    2.1755000000000001e+02, 0., -1.0670700000000000e+01,
    2.1760000000000002e+02, 0., -1.0630820000000000e+01,
    2.1765000000000001e+02, 0., -1.0576560000000001e+01,
    2.1770000000000002e+02, 0., -1.0521269999999999e+01,
    2.1775000000000000e+02, 0., -1.0482830000000000e+01,
    2.1780000000000001e+02, 0., -1.0433719999999999e+01,
    2.1785000000000002e+02, 0., -1.0393160000000000e+01,
    2.1790000000000001e+02, 0., -1.0336520000000000e+01,
    2.1795000000000002e+02, 0., -1.0288040000000001e+01, 218., 0.,
    -1.0235260000000000e+01, 2.1805000000000001e+02, 0.,
    -1.0189060000000000e+01, 2.1810000000000002e+02, 0.,
