%YAML:1.0
---
profile: [ 1.7730000000000001e+02, 0., -1.4646599999999999e+01,
    1.7735000000000002e+02, 0., -1.4617950000000000e+01,
    1.7740000000000001e+02, 0., -1.4582910000000000e+01,
    1.7745000000000002e+02, 0., -1.4535360000000001e+01,
    1.7750000000000000e+02, 0., -1.4485480000000001e+01,
    1.7755000000000001e+02, 0., -1.4422240000000000e+01,
    1.7760000000000002e+02, 0., -1.4369000000000000e+01,
    1.7765000000000001e+02, 0., -1.4305569999999999e+01,
    1.7770000000000002e+02, 0., -1.4264849999999999e+01,
    1.7775000000000000e+02, 0., -1.4214980000000001e+01,
    1.7780000000000001e+02, 0., -1.4178699999999999e+01,
    1.7785000000000002e+02, 0., -1.4132720000000001e+01,
    1.7790000000000001e+02, 0., -1.4094239999999999e+01,
    1.7795000000000002e+02, 0., -1.4042990000000000e+01, 178., 0.,
    -1.3998310000000000e+01, 1.7805000000000001e+02, 0.,
    -1.3944789999999999e+01, 1.7810000000000002e+02, 0.,
    -1.3904790000000000e+01, 1.7815000000000001e+02, 0.,
    -1.3852750000000000e+01, 1.7820000000000002e+02, 0.,
    -1.3808790000000000e+01, 1.7825000000000000e+02, 0.,
    -1.3756200000000000e+01, 1.7830000000000001e+02, 0.,
    -1.3717040000000001e+01, 1.7835000000000002e+02, 0.,
    -1.3675630000000000e+01, 1.7840000000000001e+02, 0.,
    -1.3646590000000000e+01, 1.7845000000000002e+02, 0.,
    -1.3597810000000001e+01, 1.7850000000000000e+02, 0.,
    -1.3552130000000000e+01, 1.7855000000000001e+02, 0.,
    -1.3506539999999999e+01, 1.7860000000000002e+02, 0.,
    -1.3472420000000000e+01, 1.7865000000000001e+02, 0.,
    -1.3420070000000001e+01, 1.7870000000000002e+02, 0.,
    -1.3376310000000000e+01, 1.7875000000000000e+02, 0.,
    -1.3329870000000000e+01, 1.7880000000000001e+02, 0.,
    -1.3281700000000001e+01, 1.7885000000000002e+02, 0.,
    -1.3230940000000000e+01, 1.7890000000000001e+02, 0.,
    -1.3170040000000000e+01, 1.7895000000000002e+02, 0.,
    -1.3129560000000000e+01, 179., 0., -1.3077529999999999e+01,
    1.7905000000000001e+02, 0., -1.3031409999999999e+01,
    1.7910000000000002e+02, 0., -1.2974760000000000e+01,
    1.7915000000000001e+02, 0., -1.2932919999999999e+01,
    1.7920000000000002e+02, 0., -1.2885220000000000e+01,
    1.7925000000000000e+02, 0., -1.2852660000000000e+01,
    1.7930000000000001e+02, 0., -1.2812020000000000e+01,
    1.7935000000000002e+02, 0., -1.2779620000000000e+01,
    1.7940000000000001e+02, 0., -1.2728899999999999e+01,
    1.7945000000000002e+02, 0., -1.2682900000000000e+01,
    1.7950000000000000e+02, 0., -1.2626709999999999e+01,
    1.7955000000000001e+02, 0., -1.2582549999999999e+01,
    1.7960000000000002e+02, 0., -1.2515870000000000e+01,
    1.7965000000000001e+02, 0., -1.2456469999999999e+01,
    1.7970000000000002e+02, 0., -1.2394200000000000e+01,
    1.7975000000000000e+02, 0., -1.2350880000000000e+01,
    1.7980000000000001e+02, 0., -1.2304399999999999e+01,
    1.7985000000000002e+02, 0., -1.2271400000000000e+01,
    1.7990000000000001e+02, 0., -1.2234439999999999e+01,
    1.7995000000000002e+02, 0., -1.2195710000000000e+01, 180., 0.,
    -1.2155590000000000e+01, 1.8005000000000001e+02, 0.,
    -1.2103450000000000e+01, 1.8010000000000002e+02, 0.,
    -1.2055569999999999e+01, 1.8015000000000001e+02, 0.,
    -1.1993580000000000e+01, 1.8020000000000002e+02, 0.,
    -1.1937460000000000e+01, 1.8025000000000000e+02, 0.,
    -1.1870480000000001e+01, 1.8030000000000001e+02, 0.,
    -1.1827159999999999e+01, 1.8035000000000002e+02, 0.,
    -1.1776850000000000e+01, 1.8040000000000001e+02, 0.,
    -1.1748970000000000e+01, 1.8045000000000002e+02, 0.,
    -1.1716210000000000e+01, 1.8050000000000000e+02, 0.,
    -1.1692650000000000e+01, 1.8055000000000001e+02, 0.,
    -1.1662610000000001e+01, 1.8060000000000002e+02, 0.,
    -1.1638330000000000e+01, 1.8065000000000001e+02, 0.,
    -1.1594760000000001e+01, 1.8070000000000002e+02, 0.,
    -1.1557280000000000e+01, 1.8075000000000000e+02, 0.,
    -1.1495060000000000e+01, 1.8080000000000001e+02, 0.,
    -1.1442259999999999e+01, 1.8085000000000002e+02, 0.,
    -1.1374990000000000e+01, 1.8090000000000001e+02, 0.,
    -1.1320990000000000e+01, 1.8095000000000002e+02, 0.,
    -1.1260460000000000e+01, 181., 0., -1.1213500000000000e+01,
    1.8105000000000001e+02, 0., -1.1155290000000001e+01,
    1.8110000000000002e+02, 0., -1.1097910000000001e+01,
    1.8115000000000001e+02, 0., -1.1054150000000000e+01,
    1.8120000000000002e+02, 0., -1.1000200000000000e+01,
    1.8125000000000000e+02, 0., -1.0959640000000000e+01,
    1.8130000000000001e+02, 0., -1.0908130000000000e+01,
    1.8135000000000002e+02, 0., -1.0864610000000001e+01,
    1.8140000000000001e+02, 0., -1.0817080000000001e+01,
    1.8145000000000002e+02, 0., -1.0787319999999999e+01,
    1.8150000000000000e+02, 0., -1.0746820000000000e+01,
    1.8155000000000001e+02, 0., -1.0710459999999999e+01,
    1.8160000000000002e+02, 0., -1.0662870000000000e+01,
    1.8165000000000001e+02, 0., -1.0623710000000001e+01,
    1.8170000000000002e+02, 0., -1.0575300000000000e+01,
    1.8175000000000000e+02, 0., -1.0536700000000000e+01,
    1.8180000000000001e+02, 0., -1.0478230000000000e+01,
    1.8185000000000002e+02, 0., -1.0429430000000000e+01,
    1.8190000000000001e+02, 0., -1.0366460000000000e+01,
    1.8195000000000002e+02, 0., -1.0315740000000000e+01, 182., 0.,
    -1.0261860000000000e+01, 1.8205000000000001e+02, 0.,
    -1.0210150000000001e+01, 1.8210000000000002e+02, 0.,
    -1.0168350000000000e+01, 1.8215000000000001e+02, 0.,
    -1.0114179999999999e+01, 1.8220000000000002e+02, 0.,
    -1.0064940000000000e+01, 1.8225000000000000e+02, 0.,
    -1.0004270000000000e+01, 1.8230000000000001e+02, 0.,
    -9.9587100000000000e+00, 1.8235000000000002e+02, 0.,
    -9.9100199999999994e+00, 1.8240000000000001e+02, 0.,
    -9.8810599999999997e+00, 1.8245000000000002e+02, 0.,
    -9.8444500000000001e+00, 1.8250000000000000e+02, 0.,
    -9.8147300000000008e+00, 1.8255000000000001e+02, 0.,
    -9.7678700000000003e+00, 1.8260000000000002e+02, 0.,
    -9.7252299999999998e+00, 1.8265000000000001e+02, 0.,
    -9.6780899999999992e+00, 1.8270000000000002e+02, 0.,
    -9.6416100000000000e+00, 1.8275000000000000e+02, 0.,
    -9.5808499999999999e+00, 1.8280000000000001e+02, 0.,
    -9.5292100000000008e+00, 1.8285000000000002e+02, 0.,
    -9.4571199999999997e+00, 1.8290000000000001e+02, 0.,
    -9.3979999999999997e+00, 1.8295000000000002e+02, 0.,
    -9.3444599999999998e+00, 183., 0., -9.2970199999999998e+00,
    1.8305000000000001e+02, 0., -9.2625799999999998e+00,
    1.8310000000000002e+02, 0., -9.2198399999999996e+00,
    1.8315000000000001e+02, 0., -9.1867599999999996e+00,
    1.8320000000000002e+02, 0., -9.1446900000000007e+00,
    1.8325000000000000e+02, 0., -9.1102100000000004e+00,
    1.8330000000000001e+02, 0., -9.0607199999999999e+00,
    1.8335000000000002e+02, 0., -9.0177600000000009e+00,
    1.8340000000000001e+02, 0., -8.9751399999999997e+00,
    1.8345000000000002e+02, 0., -8.9432600000000004e+00,
    1.8350000000000000e+02, 0., -8.8944200000000002e+00,
    1.8355000000000001e+02, 0., -8.8435799999999993e+00,
    1.8360000000000002e+02, 0., -8.8035399999999999e+00,
    1.8365000000000001e+02, 0., -8.7489200000000000e+00,
    1.8370000000000002e+02, 0., -8.6907200000000007e+00,
    1.8375000000000000e+02, 0., -8.6210799999999992e+00,
    1.8380000000000001e+02, 0., -8.5754400000000004e+00,
    1.8385000000000002e+02, 0., -8.5192399999999999e+00,
    1.8390000000000001e+02, 0., -8.4770800000000008e+00,
    1.8395000000000002e+02, 0., -8.4250600000000002e+00, 184., 0.,
    -8.3843399999999999e+00, 1.8405000000000001e+02, 0.,
    -8.3363099999999992e+00, 1.8410000000000002e+02, 0.,
    -8.2994699999999995e+00, 1.8415000000000001e+02, 0.,
    -8.2578800000000001e+00, 1.8420000000000002e+02, 0.,
    -8.2270400000000006e+00, 1.8425000000000000e+02, 0.,
    -8.1905800000000006e+00, 1.8430000000000001e+02, 0.,
    -8.1535799999999998e+00, 1.8435000000000002e+02, 0.,
