%YAML:1.0
---
profile: [ 1.7980000000000001e+02, 0., -4.8759899999999998e+00,
    1.7985000000000002e+02, 0., -4.8553199999999999e+00,
    1.7990000000000001e+02, 0., -4.8320400000000001e+00,
    1.7995000000000002e+02, 0., -4.7935499999999998e+00, 180., 0.,
    -4.7516299999999996e+00, 1.8005000000000001e+02, 0.,
    -4.7027500000000000e+00, 1.8010000000000002e+02, 0.,
    -4.6655499999999996e+00, 1.8015000000000001e+02, 0.,
    -4.6139099999999997e+00, 1.8020000000000002e+02, 0.,
    -4.5699500000000004e+00, 1.8025000000000000e+02, 0.,
    -4.5191600000000003e+00, 1.8030000000000001e+02, 0.,
    -4.4807600000000001e+00, 1.8035000000000002e+02, 0.,
    -4.4313900000000004e+00, 1.8040000000000001e+02, 0.,
    -4.3829000000000002e+00, 1.8045000000000002e+02, 0.,
    -4.3481800000000002e+00, 1.8050000000000000e+02, 0.,
    -4.3023300000000004e+00, 1.8055000000000001e+02, 0.,
    -4.2578100000000001e+00, 1.8060000000000002e+02, 0.,
    -4.2061700000000002e+00, 1.8065000000000001e+02, 0.,
    -4.1696900000000001e+00, 1.8070000000000002e+02, 0.,
    -4.1231499999999999e+00, 1.8075000000000000e+02, 0.,
    -4.0848699999999996e+00, 1.8080000000000001e+02, 0.,
    -4.0375800000000002e+00, 1.8085000000000002e+02, 0.,
    -4.0000600000000004e+00, 1.8090000000000001e+02, 0.,
    -3.9552000000000000e+00, 1.8095000000000002e+02, 0.,
    -3.9101699999999999e+00, 181., 0., -3.8720500000000002e+00,
    1.8105000000000001e+02, 0., -3.8243200000000002e+00,
    1.8110000000000002e+02, 0., -3.7862000000000000e+00,
    1.8115000000000001e+02, 0., -3.7385500000000000e+00,
    1.8120000000000002e+02, 0., -3.7004700000000001e+00,
    1.8125000000000000e+02, 0., -3.6500800000000000e+00,
    1.8130000000000001e+02, 0., -3.6065200000000002e+00,
    1.8135000000000002e+02, 0., -3.5484399999999998e+00,
    1.8140000000000001e+02, 0., -3.5000399999999998e+00,
    1.8145000000000002e+02, 0., -3.4441999999999999e+00,
    1.8150000000000000e+02, 0., -3.4020400000000000e+00,
    1.8155000000000001e+02, 0., -3.3552200000000001e+00,
    1.8160000000000002e+02, 0., -3.3189799999999998e+00,
    1.8165000000000001e+02, 0., -3.2813200000000000e+00,
    1.8170000000000002e+02, 0., -3.2435999999999998e+00,
    1.8175000000000000e+02, 0., -3.2068800000000000e+00,
    1.8180000000000001e+02, 0., -3.1579199999999998e+00,
    1.8185000000000002e+02, 0., -3.1150799999999998e+00,
    1.8190000000000001e+02, 0., -3.0651299999999999e+00,
    1.8195000000000002e+02, 0., -3.0270899999999998e+00, 182., 0.,
    -2.9764599999999999e+00, 1.8205000000000001e+02, 0.,
    -2.9343800000000000e+00, 1.8210000000000002e+02, 0.,
    -2.8912900000000001e+00, 1.8215000000000001e+02, 0.,
    -2.8502399999999999e+00, 1.8220000000000002e+02, 0.,
    -2.8163600000000000e+00, 1.8225000000000000e+02, 0.,
    -2.7758900000000000e+00, 1.8230000000000001e+02, 0.,
    -2.7458100000000001e+00, 1.8235000000000002e+02, 0.,
    -2.7015300000000000e+00, 1.8240000000000001e+02, 0.,
    -2.6582100000000000e+00, 1.8245000000000002e+02, 0.,
    -2.6096100000000000e+00, 1.8250000000000000e+02, 0.,
    -2.5737700000000001e+00, 1.8255000000000001e+02, 0.,
    -2.5256799999999999e+00, 1.8260000000000002e+02, 0.,
    -2.4866000000000001e+00, 1.8265000000000001e+02, 0.,
    -2.4369299999999998e+00, 1.8270000000000002e+02, 0.,
    -2.3860399999999999e+00, 1.8275000000000000e+02, 0.,
    -2.3421200000000000e+00, 1.8280000000000001e+02, 0.,
    -2.2905799999999998e+00, 1.8285000000000002e+02, 0.,
    -2.2534600000000000e+00, 1.8290000000000001e+02, 0.,
    -2.2123300000000001e+00, 1.8295000000000002e+02, 0.,
    -2.1823299999999999e+00, 183., 0., -2.1338800000000000e+00,
    1.8305000000000001e+02, 0., -2.0893199999999998e+00,
    1.8310000000000002e+02, 0., -2.0362800000000001e+00,
    1.8315000000000001e+02, 0., -1.9844999999999999e+00,
    1.8320000000000002e+02, 0., -1.9449000000000001e+00,
    1.8325000000000000e+02, 0., -1.8955200000000001e+00,
    1.8330000000000001e+02, 0., -1.8564400000000001e+00,
    1.8335000000000002e+02, 0., -1.8051900000000001e+00,
    1.8340000000000001e+02, 0., -1.7614300000000001e+00,
    1.8345000000000002e+02, 0., -1.7097400000000000e+00,
    1.8350000000000000e+02, 0., -1.6720200000000001e+00,
    1.8355000000000001e+02, 0., -1.6218399999999999e+00,
    1.8360000000000002e+02, 0., -1.5800799999999999e+00,
    1.8365000000000001e+02, 0., -1.5359700000000001e+00,
    1.8370000000000002e+02, 0., -1.4922899999999999e+00,
    1.8375000000000000e+02, 0., -1.4521700000000000e+00,
    1.8380000000000001e+02, 0., -1.4016000000000000e+00,
    1.8385000000000002e+02, 0., -1.3598800000000000e+00,
    1.8390000000000001e+02, 0., -1.3077000000000001e+00,
    1.8395000000000002e+02, 0., -1.2659400000000001e+00, 184., 0.,
    -1.2173099999999999e+00, 1.8405000000000001e+02, 0.,
    -1.1803100000000000e+00, 1.8410000000000002e+02, 0.,
    -1.1369800000000001e+00, 1.8415000000000001e+02, 0.,
    -1.1029000000000000e+00, 1.8420000000000002e+02, 0.,
    -1.0587000000000000e+00, 1.8425000000000000e+02, 0.,
    -1.0139700000000000e+00, 1.8430000000000001e+02, 0.,
    -9.7768999999999995e-01, 1.8435000000000002e+02, 0.,
    -9.2966000000000004e-01, 1.8440000000000001e+02, 0.,
    -8.8802000000000003e-01, 1.8445000000000002e+02, 0.,
    -8.3648000000000000e-01, 1.8450000000000000e+02, 0.,
    -7.9559999999999997e-01, 1.8455000000000001e+02, 0.,
    -7.4363999999999997e-01, 1.8460000000000002e+02, 0.,
    -7.0191999999999999e-01, 1.8465000000000001e+02, 0.,
    -6.5469999999999995e-01, 1.8470000000000002e+02, 0.,
    -6.0704000000000002e-01, 1.8475000000000000e+02, 0.,
    -5.6352000000000002e-01, 1.8480000000000001e+02, 0.,
    -5.1422999999999996e-01, 1.8485000000000002e+02, 0.,
    -4.8103000000000001e-01, 1.8490000000000001e+02, 0.,
    -4.3195000000000000e-01, 1.8495000000000002e+02, 0.,
    -3.8374999999999998e-01, 185., 0., -3.2910000000000000e-01,
    1.8505000000000001e+02, 0., -2.8842000000000001e-01,
    1.8510000000000002e+02, 0., -2.3738999999999999e-01,
    1.8515000000000001e+02, 0., -1.8914000000000000e-01,
    1.8520000000000002e+02, 0., -1.5953999999999999e-01,
    1.8525000000000000e+02, 0., -1.2171000000000000e-01,
    1.8530000000000001e+02, 0., -8.8990000000000000e-02,
    1.8535000000000002e+02, 0., -4.7129999999999998e-02,
    1.8540000000000001e+02, 0., -1.2529999999999999e-02,
    1.8545000000000002e+02, 0., 3.2289999999999999e-02,
    1.8550000000000000e+02, 0., 6.8890000000000007e-02,
    1.8555000000000001e+02, 0., 1.2536000000000000e-01,
    1.8560000000000002e+02, 0., 1.8318000000000001e-01,
    1.8565000000000001e+02, 0., 2.2506000000000001e-01,
    1.8570000000000002e+02, 0., 2.7422999999999997e-01,
    1.8575000000000000e+02, 0., 3.0963000000000002e-01,
    1.8580000000000001e+02, 0., 3.5115000000000002e-01,
    1.8585000000000002e+02, 0., 3.8099000000000000e-01,
    1.8590000000000001e+02, 0., 4.2525000000000002e-01,
    1.8595000000000002e+02, 0., 4.6433000000000002e-01, 186., 0.,
    5.1392000000000004e-01, 1.8605000000000001e+02, 0.,
    5.6418000000000001e-01, 1.8610000000000002e+02, 0.,
    6.0589999999999999e-01, 1.8615000000000001e+02, 0.,
    6.5644000000000002e-01, 1.8620000000000002e+02, 0.,
    6.9491999999999998e-01, 1.8625000000000000e+02, 0.,
    7.4443000000000004e-01, 1.8630000000000001e+02, 0.,
    7.8478999999999999e-01, 1.8635000000000002e+02, 0.,
    8.2793000000000005e-01, 1.8640000000000001e+02, 0.,
    8.6092999999999997e-01, 1.8645000000000002e+02, 0.,
    9.0886999999999996e-01, 1.8650000000000000e+02, 0.,
    9.5584000000000002e-01, 1.8655000000000001e+02, 0.,
    9.8495999999999995e-01, 1.8660000000000002e+02, 0.,
    1.0270400000000000e+00, 1.8665000000000001e+02, 0.,
    1.0674399999999999e+00, 1.8670000000000002e+02, 0.,
    1.1298200000000000e+00, 1.8675000000000000e+02, 0.,
    1.1860200000000001e+00, 1.8680000000000001e+02, 0.,
    1.2400100000000001e+00, 1.8685000000000002e+02, 0.,
    1.2799300000000000e+00, 1.8690000000000001e+02, 0.,
