%YAML:1.0
---
profile: [ 2.1875000000000000e+02, 0., -7.1776900000000001e+00,
    2.1880000000000001e+02, 0., -7.1581900000000003e+00,
    2.1885000000000002e+02, 0., -7.1375099999999998e+00,
    2.1890000000000001e+02, 0., -7.1035599999999999e+00,
    2.1895000000000002e+02, 0., -7.0720799999999997e+00, 219., 0.,
    -7.0244700000000000e+00, 2.1905000000000001e+02, 0.,
    -6.9709599999999998e+00, 2.1910000000000002e+02, 0.,
    -6.9158799999999996e+00, 2.1915000000000001e+02, 0.,
    -6.8559099999999997e+00, 2.1920000000000002e+02, 0.,
    -6.8127500000000003e+00, 2.1925000000000000e+02, 0.,
    -6.7614299999999998e+00, 2.1930000000000001e+02, 0.,
    -6.7115400000000003e+00, 2.1935000000000002e+02, 0.,
    -6.6741799999999998e+00, 2.1940000000000001e+02, 0.,
    -6.6257200000000003e+00, 2.1945000000000002e+02, 0.,
    -6.5860799999999999e+00, 2.1950000000000000e+02, 0.,
    -6.5335799999999997e+00, 2.1955000000000001e+02, 0.,
    -6.4797000000000002e+00, 2.1960000000000002e+02, 0.,
    -6.4344200000000003e+00, 2.1965000000000001e+02, 0.,
    -6.3840800000000000e+00, 2.1970000000000002e+02, 0.,
    -6.3472000000000000e+00, 2.1975000000000000e+02, 0.,
    -6.3045900000000001e+00, 2.1980000000000001e+02, 0.,
    -6.2639300000000002e+00, 2.1985000000000002e+02, 0.,
    -6.2326899999999998e+00, 2.1990000000000001e+02, 0.,
    -6.1830800000000004e+00, 2.1995000000000002e+02, 0.,
    -6.1273299999999997e+00, 220., 0., -6.0856899999999996e+00,
    2.2005000000000001e+02, 0., -6.0314800000000002e+00,
    2.2010000000000002e+02, 0., -5.9855999999999998e+00,
    2.2015000000000001e+02, 0., -5.9370900000000004e+00,
    2.2020000000000002e+02, 0., -5.8937900000000001e+00,
    2.2025000000000000e+02, 0., -5.8569899999999997e+00,
    2.2030000000000001e+02, 0., -5.8063599999999997e+00,
    2.2035000000000002e+02, 0., -5.7604400000000000e+00,
    2.2040000000000001e+02, 0., -5.7003800000000000e+00,
    2.2045000000000002e+02, 0., -5.6438499999999996e+00,
    2.2050000000000000e+02, 0., -5.6120500000000000e+00,
    2.2055000000000001e+02, 0., -5.5683699999999998e+00,
    2.2060000000000002e+02, 0., -5.5288500000000003e+00,
    2.2065000000000001e+02, 0., -5.4752999999999998e+00,
    2.2070000000000002e+02, 0., -5.4219499999999998e+00,
    2.2075000000000000e+02, 0., -5.3832700000000004e+00,
    2.2080000000000001e+02, 0., -5.3389499999999996e+00,
    2.2085000000000002e+02, 0., -5.3057100000000004e+00,
    2.2090000000000001e+02, 0., -5.2555300000000003e+00,
    2.2095000000000002e+02, 0., -5.2030700000000003e+00, 221., 0.,
    -5.1609100000000003e+00, 2.2105000000000001e+02, 0.,
    -5.1134000000000004e+00, 2.2110000000000002e+02, 0.,
    -5.0782400000000001e+00, 2.2115000000000001e+02, 0.,
    -5.0283800000000003e+00, 2.2120000000000002e+02, 0.,
    -4.9758899999999997e+00, 2.2125000000000000e+02, 0.,
    -4.9324100000000000e+00, 2.2130000000000001e+02, 0.,
    -4.8781400000000001e+00, 2.2135000000000002e+02, 0.,
    -4.8256800000000002e+00, 2.2140000000000001e+02, 0.,
    -4.7891599999999999e+00, 2.2145000000000002e+02, 0.,
    -4.7439999999999998e+00, 2.2150000000000000e+02, 0.,
    -4.7085999999999997e+00, 2.2155000000000001e+02, 0.,
    -4.6653300000000000e+00, 2.2160000000000002e+02, 0.,
    -4.6187100000000001e+00, 2.2165000000000001e+02, 0.,
    -4.5699500000000004e+00, 2.2170000000000002e+02, 0.,
    -4.5161199999999999e+00, 2.2175000000000000e+02, 0.,
    -4.4769199999999998e+00, 2.2180000000000001e+02, 0.,
    -4.4217599999999999e+00, 2.2185000000000002e+02, 0.,
    -4.3657500000000002e+00, 2.2190000000000001e+02, 0.,
    -4.3233899999999998e+00, 2.2195000000000002e+02, 0.,
    -4.2774299999999998e+00, 222., 0., -4.2444699999999997e+00,
    2.2205000000000001e+02, 0., -4.2032600000000002e+00,
    2.2210000000000002e+02, 0., -4.1593499999999999e+00,
    2.2215000000000001e+02, 0., -4.1209499999999997e+00,
    2.2220000000000002e+02, 0., -4.0611699999999997e+00,
    2.2225000000000000e+02, 0., -3.9961099999999998e+00,
    2.2230000000000001e+02, 0., -3.9522699999999999e+00,
    2.2235000000000002e+02, 0., -3.8950900000000002e+00,
    2.2240000000000001e+02, 0., -3.8465300000000000e+00,
    2.2245000000000002e+02, 0., -3.7980800000000001e+00,
    2.2250000000000000e+02, 0., -3.7523800000000000e+00,
    2.2255000000000001e+02, 0., -3.7147800000000002e+00,
    2.2260000000000002e+02, 0., -3.6712899999999999e+00,
    2.2265000000000001e+02, 0., -3.6384500000000002e+00,
    2.2270000000000002e+02, 0., -3.5808800000000001e+00,
    2.2275000000000000e+02, 0., -3.5229800000000000e+00,
    2.2280000000000001e+02, 0., -3.4812599999999998e+00,
    2.2285000000000002e+02, 0., -3.4287800000000002e+00,
    2.2290000000000001e+02, 0., -3.3771700000000000e+00,
    2.2295000000000002e+02, 0., -3.3395299999999999e+00, 223., 0.,
    -3.2909999999999999e+00, 2.2305000000000001e+02, 0.,
    -3.2504400000000002e+00, 2.2310000000000002e+02, 0.,
    -3.2040400000000000e+00, 2.2315000000000001e+02, 0.,
    -3.1590300000000000e+00, 2.2320000000000002e+02, 0.,
    -3.1239499999999998e+00, 2.2325000000000000e+02, 0.,
    -3.0772100000000000e+00, 2.2330000000000001e+02, 0.,
    -3.0382899999999999e+00, 2.2335000000000002e+02, 0.,
    -2.9818099999999998e+00, 2.2340000000000001e+02, 0.,
    -2.9249200000000002e+00, 2.2345000000000002e+02, 0.,
    -2.8812799999999998e+00, 2.2350000000000000e+02, 0.,
    -2.8243900000000002e+00, 2.2355000000000001e+02, 0.,
    -2.7673199999999998e+00, 2.2360000000000002e+02, 0.,
    -2.7258399999999998e+00, 2.2365000000000001e+02, 0.,
    -2.6763800000000000e+00, 2.2370000000000002e+02, 0.,
    -2.6397800000000000e+00, 2.2375000000000000e+02, 0.,
    -2.5971899999999999e+00, 2.2380000000000001e+02, 0.,
    -2.5527299999999999e+00, 2.2385000000000002e+02, 0.,
    -2.5139300000000002e+00, 2.2390000000000001e+02, 0.,
    -2.4660099999999998e+00, 2.2395000000000002e+02, 0.,
    -2.4203399999999999e+00, 224., 0., -2.3898199999999998e+00,
    2.2405000000000001e+02, 0., -2.3466700000000000e+00,
    2.2410000000000002e+02, 0., -2.3062299999999998e+00,
    2.2415000000000001e+02, 0., -2.2581300000000000e+00,
    2.2420000000000002e+02, 0., -2.2059500000000001e+00,
    2.2425000000000000e+02, 0., -2.1492300000000002e+00,
    2.2430000000000001e+02, 0., -2.0898699999999999e+00,
    2.2435000000000002e+02, 0., -2.0485500000000001e+00,
    2.2440000000000001e+02, 0., -1.9954600000000000e+00,
    2.2445000000000002e+02, 0., -1.9467500000000000e+00,
    2.2450000000000000e+02, 0., -1.9135100000000000e+00,
    2.2455000000000001e+02, 0., -1.8740200000000000e+00,
    2.2460000000000002e+02, 0., -1.8320200000000000e+00,
    2.2465000000000001e+02, 0., -1.7885800000000001e+00,
    2.2470000000000002e+02, 0., -1.7369600000000001e+00,
    2.2475000000000000e+02, 0., -1.6971200000000000e+00,
    2.2480000000000001e+02, 0., -1.6383300000000001e+00,
    2.2485000000000002e+02, 0., -1.5831999999999999e+00,
    2.2490000000000001e+02, 0., -1.5461199999999999e+00,
    2.2495000000000002e+02, 0., -1.4922200000000001e+00, 225., 0.,
    -1.4362299999999999e+00, 2.2505000000000001e+02, 0.,
    -1.4008300000000000e+00, 2.2510000000000002e+02, 0.,
    -1.3563300000000000e+00, 2.2515000000000001e+02, 0.,
    -1.3206500000000001e+00, 2.2520000000000002e+02, 0.,
    -1.2669900000000001e+00, 2.2525000000000000e+02, 0.,
    -1.2145900000000001e+00, 2.2530000000000001e+02, 0.,
    -1.1769099999999999e+00, 2.2535000000000002e+02, 0.,
    -1.1228199999999999e+00, 2.2540000000000001e+02, 0.,
    -1.0660900000000000e+00, 2.2545000000000002e+02, 0.,
    -1.0269299999999999e+00, 2.2550000000000000e+02, 0.,
    -9.7811999999999999e-01, 2.2555000000000001e+02, 0.,
    -9.3920000000000003e-01, 2.2560000000000002e+02, 0.,
    -8.8800999999999997e-01, 2.2565000000000001e+02, 0.,
    -8.3350000000000002e-01, 2.2570000000000002e+02, 0.,
    -7.8657999999999995e-01, 2.2575000000000000e+02, 0.,
    -7.3721999999999999e-01, 2.2580000000000001e+02, 0.,
