%YAML:1.0
---
profile: [ 1.8735000000000002e+02, 0., -1.0751090000000000e+01,
    1.8740000000000001e+02, 0., -1.0717050000000000e+01,
    1.8745000000000002e+02, 0., -1.0683410000000000e+01,
    1.8750000000000000e+02, 0., -1.0644140000000000e+01,
    1.8755000000000001e+02, 0., -1.0614300000000000e+01,
    1.8760000000000002e+02, 0., -1.0564470000000000e+01,
    1.8765000000000001e+02, 0., -1.0517989999999999e+01,
    1.8770000000000002e+02, 0., -1.0468320000000000e+01,
    1.8775000000000000e+02, 0., -1.0430280000000000e+01,
    1.8780000000000001e+02, 0., -1.0367970000000000e+01,
    1.8785000000000002e+02, 0., -1.0305630000000001e+01,
    1.8790000000000001e+02, 0., -1.0267670000000001e+01,
    1.8795000000000002e+02, 0., -1.0216830000000000e+01, 188., 0.,
    -1.0165509999999999e+01, 1.8805000000000001e+02, 0.,
    -1.0105499999999999e+01, 1.8810000000000002e+02, 0.,
    -1.0062500000000000e+01, 1.8815000000000001e+02, 0.,
    -1.0006410000000001e+01, 1.8820000000000002e+02, 0.,
    -9.9587299999999992e+00, 1.8825000000000000e+02, 0.,
    -9.9076400000000007e+00, 1.8830000000000001e+02, 0.,
    -9.8713999999999995e+00, 1.8835000000000002e+02, 0.,
    -9.8288600000000006e+00, 1.8840000000000001e+02, 0.,
    -9.7953799999999998e+00, 1.8845000000000002e+02, 0.,
    -9.7450500000000009e+00, 1.8850000000000000e+02, 0.,
    -9.6932299999999998e+00, 1.8855000000000001e+02, 0.,
    -9.6535100000000007e+00, 1.8860000000000002e+02, 0.,
    -9.6023899999999998e+00, 1.8865000000000001e+02, 0.,
    -9.5569900000000008e+00, 1.8870000000000002e+02, 0.,
    -9.5051799999999993e+00, 1.8875000000000000e+02, 0.,
    -9.4697399999999998e+00, 1.8880000000000001e+02, 0.,
    -9.4207000000000001e+00, 1.8885000000000002e+02, 0.,
    -9.3789400000000001e+00, 1.8890000000000001e+02, 0.,
    -9.3287999999999993e+00, 1.8895000000000002e+02, 0.,
    -9.2891600000000007e+00, 189., 0., -9.2318599999999993e+00,
    1.8905000000000001e+02, 0., -9.1760000000000002e+00,
    1.8910000000000002e+02, 0., -9.1420800000000000e+00,
    1.8915000000000001e+02, 0., -9.0973199999999999e+00,
    1.8920000000000002e+02, 0., -9.0542800000000003e+00,
    1.8925000000000000e+02, 0., -9.0032300000000003e+00,
    1.8930000000000001e+02, 0., -8.9657900000000001e+00,
    1.8935000000000002e+02, 0., -8.9122199999999996e+00,
    1.8940000000000001e+02, 0., -8.8658199999999994e+00,
    1.8945000000000002e+02, 0., -8.8039100000000001e+00,
    1.8950000000000000e+02, 0., -8.7523499999999999e+00,
    1.8955000000000001e+02, 0., -8.6780100000000004e+00,
    1.8960000000000002e+02, 0., -8.6165699999999994e+00,
    1.8965000000000001e+02, 0., -8.5617300000000007e+00,
    1.8970000000000002e+02, 0., -8.5222499999999997e+00,
    1.8975000000000000e+02, 0., -8.4813200000000002e+00,
    1.8980000000000001e+02, 0., -8.4433500000000006e+00,
    1.8985000000000002e+02, 0., -8.4158299999999997e+00,
    1.8990000000000001e+02, 0., -8.3778799999999993e+00,
    1.8995000000000002e+02, 0., -8.3433200000000003e+00, 190., 0.,
    -8.2943099999999994e+00, 1.9005000000000001e+02, 0.,
    -8.2520299999999995e+00, 1.9010000000000002e+02, 0.,
    -8.1894100000000005e+00, 1.9015000000000001e+02, 0.,
    -8.1374099999999991e+00, 1.9020000000000002e+02, 0.,
    -8.0856899999999996e+00, 1.9025000000000000e+02, 0.,
    -8.0351999999999997e+00, 1.9030000000000001e+02, 0.,
    -7.9882799999999996e+00, 1.9035000000000002e+02, 0.,
    -7.9284600000000003e+00, 1.9040000000000001e+02, 0.,
    -7.8771800000000001e+00, 1.9045000000000002e+02, 0.,
    -7.8171200000000001e+00, 1.9050000000000000e+02, 0.,
    -7.7740000000000000e+00, 1.9055000000000001e+02, 0.,
    -7.7258399999999998e+00, 1.9060000000000002e+02, 0.,
    -7.6942800000000000e+00, 1.9065000000000001e+02, 0.,
    -7.6531700000000003e+00, 1.9070000000000002e+02, 0.,
    -7.6194499999999996e+00, 1.9075000000000000e+02, 0.,
    -7.5710400000000000e+00, 1.9080000000000001e+02, 0.,
    -7.5173699999999997e+00, 1.9085000000000002e+02, 0.,
    -7.4626500000000000e+00, 1.9090000000000001e+02, 0.,
    -7.3970500000000001e+00, 1.9095000000000002e+02, 0.,
    -7.3479299999999999e+00, 191., 0., -7.2875600000000000e+00,
    1.9105000000000001e+02, 0., -7.2406400000000000e+00,
    1.9110000000000002e+02, 0., -7.1919599999999999e+00,
    1.9115000000000001e+02, 0., -7.1584000000000003e+00,
    1.9120000000000002e+02, 0., -7.1164100000000001e+00,
    1.9125000000000000e+02, 0., -7.0731299999999999e+00,
    1.9130000000000001e+02, 0., -7.0346500000000001e+00,
    1.9135000000000002e+02, 0., -6.9824799999999998e+00,
    1.9140000000000001e+02, 0., -6.9279599999999997e+00,
    1.9145000000000002e+02, 0., -6.8637899999999998e+00,
    1.9150000000000000e+02, 0., -6.8172699999999997e+00,
    1.9155000000000001e+02, 0., -6.7624800000000000e+00,
    1.9160000000000002e+02, 0., -6.7226800000000004e+00,
    1.9165000000000001e+02, 0., -6.6766300000000003e+00,
    1.9170000000000002e+02, 0., -6.6417900000000003e+00,
    1.9175000000000000e+02, 0., -6.5933799999999998e+00,
    1.9180000000000001e+02, 0., -6.5425100000000000e+00,
    1.9185000000000002e+02, 0., -6.4979100000000001e+00,
    1.9190000000000001e+02, 0., -6.4402400000000002e+00,
    1.9195000000000002e+02, 0., -6.3880400000000002e+00, 192., 0.,
    -6.3290300000000004e+00, 1.9205000000000001e+02, 0.,
    -6.2894300000000003e+00, 1.9210000000000002e+02, 0.,
    -6.2371400000000001e+00, 1.9215000000000001e+02, 0.,
    -6.1938599999999999e+00, 1.9220000000000002e+02, 0.,
    -6.1467400000000003e+00, 1.9225000000000000e+02, 0.,
    -6.1127799999999999e+00, 1.9230000000000001e+02, 0.,
    -6.0619399999999999e+00, 1.9235000000000002e+02, 0.,
    -6.0086599999999999e+00, 1.9240000000000001e+02, 0.,
    -5.9649000000000001e+00, 1.9245000000000002e+02, 0.,
    -5.9140499999999996e+00, 1.9250000000000000e+02, 0.,
    -5.8780500000000000e+00, 1.9255000000000001e+02, 0.,
    -5.8293200000000001e+00, 1.9260000000000002e+02, 0.,
    -5.7884000000000002e+00, 1.9265000000000001e+02, 0.,
    -5.7399899999999997e+00, 1.9270000000000002e+02, 0.,
    -5.7018700000000004e+00, 1.9275000000000000e+02, 0.,
    -5.6306900000000004e+00, 1.9280000000000001e+02, 0.,
    -5.5584300000000004e+00, 1.9285000000000002e+02, 0.,
    -5.5159900000000004e+00, 1.9290000000000001e+02, 0.,
    -5.4650900000000000e+00, 1.9295000000000002e+02, 0.,
    -5.4312500000000004e+00, 193., 0., -5.3893100000000000e+00,
    1.9305000000000001e+02, 0., -5.3561899999999998e+00,
    1.9310000000000002e+02, 0., -5.3037999999999998e+00,
    1.9315000000000001e+02, 0., -5.2561200000000001e+00,
    1.9320000000000002e+02, 0., -5.1909999999999998e+00,
    1.9325000000000000e+02, 0., -5.1273999999999997e+00,
    1.9330000000000001e+02, 0., -5.0856800000000000e+00,
    1.9335000000000002e+02, 0., -5.0355100000000004e+00,
    1.9340000000000001e+02, 0., -5.0017100000000001e+00,
    1.9345000000000002e+02, 0., -4.9604799999999996e+00,
    1.9350000000000000e+02, 0., -4.9287599999999996e+00,
    1.9355000000000001e+02, 0., -4.8875700000000002e+00,
    1.9360000000000002e+02, 0., -4.8538100000000002e+00,
    1.9365000000000001e+02, 0., -4.8005599999999999e+00,
    1.9370000000000002e+02, 0., -4.7462999999999997e+00,
    1.9375000000000000e+02, 0., -4.7084599999999996e+00,
    1.9380000000000001e+02, 0., -4.6604099999999997e+00,
    1.9385000000000002e+02, 0., -4.6212099999999996e+00,
    1.9390000000000001e+02, 0., -4.5701099999999997e+00,
    1.9395000000000002e+02, 0., -4.5281900000000004e+00, 194., 0.,
    -4.4687599999999996e+00, 1.9405000000000001e+02, 0.,
    -4.4198800000000000e+00, 1.9410000000000002e+02, 0.,
    -4.3582200000000002e+00, 1.9415000000000001e+02, 0.,
    -4.2946700000000000e+00, 1.9420000000000002e+02, 0.,
    -4.2383899999999999e+00, 1.9425000000000000e+02, 0.,
    -4.1787900000000002e+00, 1.9430000000000001e+02, 0.,
    -4.1440299999999999e+00, 1.9435000000000002e+02, 0.,
    -4.1011600000000001e+00, 1.9440000000000001e+02, 0.,
