%YAML:1.0
---
profile: [ 2.0345000000000002e+02, 0., -1.0101900000000001e+01,
    2.0350000000000000e+02, 0., -1.0089100000000000e+01,
    2.0355000000000001e+02, 0., -1.0066079999999999e+01,
    2.0360000000000002e+02, 0., -1.0039899999999999e+01,
    2.0365000000000001e+02, 0., -1.0014419999999999e+01,
    2.0370000000000002e+02, 0., -9.9750999999999994e+00,
    2.0375000000000000e+02, 0., -9.9347399999999997e+00,
    2.0380000000000001e+02, 0., -9.8831799999999994e+00,
    2.0385000000000002e+02, 0., -9.8413400000000006e+00,
    2.0390000000000001e+02, 0., -9.7876899999999996e+00,
    2.0395000000000002e+02, 0., -9.7343799999999998e+00, 204., 0.,
    -9.6940200000000001e+00, 2.0405000000000001e+02, 0.,
    -9.6406899999999993e+00, 2.0410000000000002e+02, 0.,
    -9.5946899999999999e+00, 2.0415000000000001e+02, 0.,
    -9.5440799999999992e+00, 2.0420000000000002e+02, 0.,
    -9.5073200000000000e+00, 2.0425000000000000e+02, 0.,
    -9.4513499999999997e+00, 2.0430000000000001e+02, 0.,
    -9.3955599999999997e+00, 2.0435000000000002e+02, 0.,
    -9.3595199999999998e+00, 2.0440000000000001e+02, 0.,
    -9.3101299999999991e+00, 2.0445000000000002e+02, 0.,
    -9.2654899999999998e+00, 2.0450000000000000e+02, 0.,
    -9.2070799999999995e+00, 2.0455000000000001e+02, 0.,
    -9.1590399999999992e+00, 2.0460000000000002e+02, 0.,
    -9.0987399999999994e+00, 2.0465000000000001e+02, 0.,
    -9.0423700000000000e+00, 2.0470000000000002e+02, 0.,
    -9.0099300000000007e+00, 2.0475000000000000e+02, 0.,
    -8.9710800000000006e+00, 2.0480000000000001e+02, 0.,
    -8.9421599999999994e+00, 2.0485000000000002e+02, 0.,
    -8.8988999999999994e+00, 2.0490000000000001e+02, 0.,
    -8.8605400000000003e+00, 2.0495000000000002e+02, 0.,
    -8.8121200000000002e+00, 205., 0., -8.7624800000000000e+00,
    2.0505000000000001e+02, 0., -8.7192000000000007e+00,
    2.0510000000000002e+02, 0., -8.6697900000000008e+00,
    2.0515000000000001e+02, 0., -8.6359899999999996e+00,
    2.0520000000000002e+02, 0., -8.5942299999999996e+00,
    2.0525000000000000e+02, 0., -8.5611499999999996e+00,
    2.0530000000000001e+02, 0., -8.5131300000000003e+00,
    2.0535000000000002e+02, 0., -8.4647000000000006e+00,
    2.0540000000000001e+02, 0., -8.4274600000000000e+00,
    2.0545000000000002e+02, 0., -8.3748600000000000e+00,
    2.0550000000000000e+02, 0., -8.3296200000000002e+00,
    2.0555000000000001e+02, 0., -8.2796800000000008e+00,
    2.0560000000000002e+02, 0., -8.2284900000000007e+00,
    2.0565000000000001e+02, 0., -8.1784099999999995e+00,
    2.0570000000000002e+02, 0., -8.1225799999999992e+00,
    2.0575000000000000e+02, 0., -8.0861000000000001e+00,
    2.0580000000000001e+02, 0., -8.0292800000000000e+00,
    2.0585000000000002e+02, 0., -7.9779200000000001e+00,
    2.0590000000000001e+02, 0., -7.9342300000000003e+00,
    2.0595000000000002e+02, 0., -7.8956400000000002e+00, 206., 0.,
    -7.8647999999999998e+00, 2.0605000000000001e+02, 0.,
    -7.8234199999999996e+00, 2.0610000000000002e+02, 0.,
    -7.7869799999999998e+00, 2.0615000000000001e+02, 0.,
    -7.7309200000000002e+00, 2.0620000000000002e+02, 0.,
    -7.6804800000000002e+00, 2.0625000000000000e+02, 0.,
    -7.6181900000000002e+00, 2.0630000000000001e+02, 0.,
    -7.5583900000000002e+00, 2.0635000000000002e+02, 0.,
    -7.5178300000000000e+00, 2.0640000000000001e+02, 0.,
    -7.4716800000000001e+00, 2.0645000000000002e+02, 0.,
    -7.4403199999999998e+00, 2.0650000000000000e+02, 0.,
    -7.3999800000000002e+00, 2.0655000000000001e+02, 0.,
    -7.3671400000000000e+00, 2.0660000000000002e+02, 0.,
    -7.3133900000000001e+00, 2.0665000000000001e+02, 0.,
    -7.2618200000000002e+00, 2.0670000000000002e+02, 0.,
    -7.2269800000000002e+00, 2.0675000000000000e+02, 0.,
    -7.1886400000000004e+00, 2.0680000000000001e+02, 0.,
    -7.1607599999999998e+00, 2.0685000000000002e+02, 0.,
    -7.1224100000000004e+00, 2.0690000000000001e+02, 0.,
    -7.0803799999999999e+00, 2.0695000000000002e+02, 0.,
    -7.0378200000000000e+00, 207., 0., -6.9776300000000004e+00,
    2.0705000000000001e+02, 0., -6.9211499999999999e+00,
    2.0710000000000002e+02, 0., -6.8593900000000003e+00,
    2.0715000000000001e+02, 0., -6.8147900000000003e+00,
    2.0720000000000002e+02, 0., -6.7708199999999996e+00,
    2.0725000000000000e+02, 0., -6.7288500000000004e+00,
    2.0730000000000001e+02, 0., -6.6922499999999996e+00,
    2.0735000000000002e+02, 0., -6.6483100000000004e+00,
    2.0740000000000001e+02, 0., -6.6141899999999998e+00,
    2.0745000000000002e+02, 0., -6.5596600000000000e+00,
    2.0750000000000000e+02, 0., -6.5028600000000001e+00,
    2.0755000000000001e+02, 0., -6.4597400000000000e+00,
    2.0760000000000002e+02, 0., -6.4089200000000002e+00,
    2.0765000000000001e+02, 0., -6.3719999999999999e+00,
    2.0770000000000002e+02, 0., -6.3279699999999997e+00,
    2.0775000000000000e+02, 0., -6.2939299999999996e+00,
    2.0780000000000001e+02, 0., -6.2417600000000002e+00,
    2.0785000000000002e+02, 0., -6.1863500000000000e+00,
    2.0790000000000001e+02, 0., -6.1411100000000003e+00,
    2.0795000000000002e+02, 0., -6.0862400000000001e+00, 208., 0.,
    -6.0432399999999999e+00, 2.0805000000000001e+02, 0.,
    -5.9900300000000000e+00, 2.0810000000000002e+02, 0.,
    -5.9366800000000000e+00, 2.0815000000000001e+02, 0.,
    -5.8929999999999998e+00, 2.0820000000000002e+02, 0.,
    -5.8355899999999998e+00, 2.0825000000000000e+02, 0.,
    -5.7863100000000003e+00, 2.0830000000000001e+02, 0.,
    -5.7366900000000003e+00, 2.0835000000000002e+02, 0.,
    -5.7034500000000001e+00, 2.0840000000000001e+02, 0.,
    -5.6626099999999999e+00, 2.0845000000000002e+02, 0.,
    -5.6257000000000001e+00, 2.0850000000000000e+02, 0.,
    -5.6007800000000003e+00, 2.0855000000000001e+02, 0.,
    -5.5634199999999998e+00, 2.0860000000000002e+02, 0.,
    -5.5302199999999999e+00, 2.0865000000000001e+02, 0.,
    -5.4692400000000001e+00, 2.0870000000000002e+02, 0.,
    -5.4067200000000000e+00, 2.0875000000000000e+02, 0.,
    -5.3673200000000003e+00, 2.0880000000000001e+02, 0.,
    -5.3128500000000001e+00, 2.0885000000000002e+02, 0.,
    -5.2630499999999998e+00, 2.0890000000000001e+02, 0.,
    -5.2111900000000002e+00, 2.0895000000000002e+02, 0.,
    -5.1621499999999996e+00, 209., 0., -5.1234700000000002e+00,
    2.0905000000000001e+02, 0., -5.0802600000000000e+00,
    2.0910000000000002e+02, 0., -5.0519800000000004e+00,
    2.0915000000000001e+02, 0., -5.0118600000000004e+00,
    2.0920000000000002e+02, 0., -4.9669800000000004e+00,
    2.0925000000000000e+02, 0., -4.9262600000000001e+00,
    2.0930000000000001e+02, 0., -4.8746999999999998e+00,
    2.0935000000000002e+02, 0., -4.8326599999999997e+00,
    2.0940000000000001e+02, 0., -4.7764800000000003e+00,
    2.0945000000000002e+02, 0., -4.7295999999999996e+00,
    2.0950000000000000e+02, 0., -4.6751800000000001e+00,
    2.0955000000000001e+02, 0., -4.6222899999999996e+00,
    2.0960000000000002e+02, 0., -4.5816499999999998e+00,
    2.0965000000000001e+02, 0., -4.5294900000000000e+00,
    2.0970000000000002e+02, 0., -4.4862099999999998e+00,
    2.0975000000000000e+02, 0., -4.4368699999999999e+00,
    2.0980000000000001e+02, 0., -4.3907499999999997e+00,
    2.0985000000000002e+02, 0., -4.3605099999999997e+00,
    2.0990000000000001e+02, 0., -4.3224400000000003e+00,
    2.0995000000000002e+02, 0., -4.2918000000000003e+00, 210., 0.,
    -4.2497400000000001e+00, 2.1005000000000001e+02, 0.,
    -4.2060599999999999e+00, 2.1010000000000002e+02, 0.,
    -4.1689800000000004e+00, 2.1015000000000001e+02, 0.,
    -4.1171199999999999e+00, 2.1020000000000002e+02, 0.,
    -4.0690799999999996e+00, 2.1025000000000000e+02, 0.,
    -4.0136700000000003e+00, 2.1030000000000001e+02, 0.,
    -3.9718700000000000e+00, 2.1035000000000002e+02, 0.,
    -3.9190499999999999e+00, 2.1040000000000001e+02, 0.,
    -3.8660899999999998e+00, 2.1045000000000002e+02, 0.,
    -3.8236500000000002e+00, 2.1050000000000000e+02, 0.,
