%YAML:1.0
---
profile: [ 1.7645000000000002e+02, 0., -7.7208100000000002e+00,
    1.7650000000000000e+02, 0., -7.7057500000000001e+00,
    1.7655000000000001e+02, 0., -7.6869100000000001e+00,
    1.7660000000000002e+02, 0., -7.6570299999999998e+00,
    1.7665000000000001e+02, 0., -7.6255899999999999e+00,
    1.7670000000000002e+02, 0., -7.5770799999999996e+00,
    1.7675000000000000e+02, 0., -7.5334399999999997e+00,
    1.7680000000000001e+02, 0., -7.4765499999999996e+00,
    1.7685000000000002e+02, 0., -7.4298299999999999e+00,
    1.7690000000000001e+02, 0., -7.3714800000000000e+00,
    1.7695000000000002e+02, 0., -7.3249199999999997e+00, 177., 0.,
    -7.2670599999999999e+00, 1.7705000000000001e+02, 0.,
    -7.2210200000000002e+00, 1.7710000000000002e+02, 0.,
    -7.1603100000000000e+00, 1.7715000000000001e+02, 0.,
    -7.1101099999999997e+00, 1.7720000000000002e+02, 0.,
    -7.0516500000000004e+00, 1.7725000000000000e+02, 0.,
    -7.0058100000000003e+00, 1.7730000000000001e+02, 0.,
    -6.9428700000000001e+00, 1.7735000000000002e+02, 0.,
    -6.8895499999999998e+00, 1.7740000000000001e+02, 0.,
    -6.8372599999999997e+00, 1.7745000000000002e+02, 0.,
    -6.8031800000000002e+00, 1.7750000000000000e+02, 0.,
    -6.7571399999999997e+00, 1.7755000000000001e+02, 0.,
    -6.7106199999999996e+00, 1.7760000000000002e+02, 0.,
    -6.6748200000000004e+00, 1.7765000000000001e+02, 0.,
    -6.6314900000000003e+00, 1.7770000000000002e+02, 0.,
    -6.6016899999999996e+00, 1.7775000000000000e+02, 0.,
    -6.5612800000000000e+00, 1.7780000000000001e+02, 0.,
    -6.5252800000000004e+00, 1.7785000000000002e+02, 0.,
    -6.4766700000000004e+00, 1.7790000000000001e+02, 0.,
    -6.4359500000000001e+00, 1.7795000000000002e+02, 0.,
    -6.3721199999999998e+00, 178., 0., -6.3141999999999996e+00,
    1.7805000000000001e+02, 0., -6.2458700000000000e+00,
    1.7810000000000002e+02, 0., -6.1934699999999996e+00,
    1.7815000000000001e+02, 0., -6.1423300000000003e+00,
    1.7820000000000002e+02, 0., -6.1091699999999998e+00,
    1.7825000000000000e+02, 0., -6.0660299999999996e+00,
    1.7830000000000001e+02, 0., -6.0307100000000000e+00,
    1.7835000000000002e+02, 0., -5.9797399999999996e+00,
    1.7840000000000001e+02, 0., -5.9283400000000004e+00,
    1.7845000000000002e+02, 0., -5.8914600000000004e+00,
    1.7850000000000000e+02, 0., -5.8444000000000003e+00,
    1.7855000000000001e+02, 0., -5.8039199999999997e+00,
    1.7860000000000002e+02, 0., -5.7530599999999996e+00,
    1.7865000000000001e+02, 0., -5.7116199999999999e+00,
    1.7870000000000002e+02, 0., -5.6560100000000002e+00,
    1.7875000000000000e+02, 0., -5.6069699999999996e+00,
    1.7880000000000001e+02, 0., -5.5498599999999998e+00,
    1.7885000000000002e+02, 0., -5.5092200000000000e+00,
    1.7890000000000001e+02, 0., -5.4608900000000000e+00,
    1.7895000000000002e+02, 0., -5.4236100000000000e+00, 179., 0.,
    -5.3745399999999997e+00, 1.7905000000000001e+02, 0.,
    -5.3339800000000004e+00, 1.7910000000000002e+02, 0.,
    -5.2761199999999997e+00, 1.7915000000000001e+02, 0.,
    -5.2284400000000000e+00, 1.7920000000000002e+02, 0.,
    -5.1786399999999997e+00, 1.7925000000000000e+02, 0.,
    -5.1407999999999996e+00, 1.7930000000000001e+02, 0.,
    -5.0789799999999996e+00, 1.7935000000000002e+02, 0.,
    -5.0158300000000002e+00, 1.7940000000000001e+02, 0.,
    -4.9724300000000001e+00, 1.7945000000000002e+02, 0.,
    -4.9178199999999999e+00, 1.7950000000000000e+02, 0.,
    -4.8732199999999999e+00, 1.7955000000000001e+02, 0.,
    -4.8163999999999998e+00, 1.7960000000000002e+02, 0.,
    -4.7675200000000002e+00, 1.7965000000000001e+02, 0.,
    -4.7069000000000001e+00, 1.7970000000000002e+02, 0.,
    -4.6602199999999998e+00, 1.7975000000000000e+02, 0.,
    -4.6041299999999996e+00, 1.7980000000000001e+02, 0.,
    -4.5620099999999999e+00, 1.7985000000000002e+02, 0.,
    -4.5108899999999998e+00, 1.7990000000000001e+02, 0.,
    -4.4718499999999999e+00, 1.7995000000000002e+02, 0.,
    -4.4284999999999997e+00, 180., 0., -4.3968200000000000e+00,
    1.8005000000000001e+02, 0., -4.3532500000000001e+00,
    1.8010000000000002e+02, 0., -4.3162900000000004e+00,
    1.8015000000000001e+02, 0., -4.2645700000000000e+00,
    1.8020000000000002e+02, 0., -4.2115900000000002e+00,
    1.8025000000000000e+02, 0., -4.1696299999999997e+00,
    1.8030000000000001e+02, 0., -4.1172899999999997e+00,
    1.8035000000000002e+02, 0., -4.0759699999999999e+00,
    1.8040000000000001e+02, 0., -4.0258900000000004e+00,
    1.8045000000000002e+02, 0., -3.9910500000000000e+00,
    1.8050000000000000e+02, 0., -3.9454199999999999e+00,
    1.8055000000000001e+02, 0., -3.9064999999999999e+00,
    1.8060000000000002e+02, 0., -3.8528600000000002e+00,
    1.8065000000000001e+02, 0., -3.8073800000000002e+00,
    1.8070000000000002e+02, 0., -3.7454800000000001e+00,
    1.8075000000000000e+02, 0., -3.6933600000000002e+00,
    1.8080000000000001e+02, 0., -3.6340200000000000e+00,
    1.8085000000000002e+02, 0., -3.5897000000000001e+00,
    1.8090000000000001e+02, 0., -3.5429599999999999e+00,
    1.8095000000000002e+02, 0., -3.5073200000000000e+00, 181., 0.,
    -3.4575900000000002e+00, 1.8105000000000001e+02, 0.,
    -3.4064600000000000e+00, 1.8110000000000002e+02, 0.,
    -3.3654199999999999e+00, 1.8115000000000001e+02, 0.,
    -3.3131300000000001e+00, 1.8120000000000002e+02, 0.,
    -3.2682899999999999e+00, 1.8125000000000000e+02, 0.,
    -3.2131900000000000e+00, 1.8130000000000001e+02, 0.,
    -3.1703500000000000e+00, 1.8135000000000002e+02, 0.,
    -3.1158199999999998e+00, 1.8140000000000001e+02, 0.,
    -3.0710199999999999e+00, 1.8145000000000002e+02, 0.,
    -3.0182899999999999e+00, 1.8150000000000000e+02, 0.,
    -2.9778899999999999e+00, 1.8155000000000001e+02, 0.,
    -2.9302299999999999e+00, 1.8160000000000002e+02, 0.,
    -2.8936299999999999e+00, 1.8165000000000001e+02, 0.,
    -2.8437399999999999e+00, 1.8170000000000002e+02, 0.,
    -2.7935400000000001e+00, 1.8175000000000000e+02, 0.,
    -2.7555800000000001e+00, 1.8180000000000001e+02, 0.,
    -2.7048500000000000e+00, 1.8185000000000002e+02, 0.,
    -2.6540100000000000e+00, 1.8190000000000001e+02, 0.,
    -2.5980900000000000e+00, 1.8195000000000002e+02, 0.,
    -2.5625700000000000e+00, 182., 0., -2.5125700000000002e+00,
    1.8205000000000001e+02, 0., -2.4658899999999999e+00,
    1.8210000000000002e+02, 0., -2.4127200000000002e+00,
    1.8215000000000001e+02, 0., -2.3730400000000000e+00,
    1.8220000000000002e+02, 0., -2.3115999999999999e+00,
    1.8225000000000000e+02, 0., -2.2562000000000002e+00,
    1.8230000000000001e+02, 0., -2.2080799999999998e+00,
    1.8235000000000002e+02, 0., -2.1738800000000000e+00,
    1.8240000000000001e+02, 0., -2.1227999999999998e+00,
    1.8245000000000002e+02, 0., -2.0715300000000001e+00,
    1.8250000000000000e+02, 0., -2.0364900000000001e+00,
    1.8255000000000001e+02, 0., -1.9900899999999999e+00,
    1.8260000000000002e+02, 0., -1.9499700000000000e+00,
    1.8265000000000001e+02, 0., -1.8985799999999999e+00,
    1.8270000000000002e+02, 0., -1.8561000000000001e+00,
    1.8275000000000000e+02, 0., -1.8002700000000000e+00,
    1.8280000000000001e+02, 0., -1.7541500000000001e+00,
    1.8285000000000002e+02, 0., -1.6921600000000001e+00,
    1.8290000000000001e+02, 0., -1.6402800000000000e+00,
    1.8295000000000002e+02, 0., -1.5884000000000000e+00, 183., 0.,
    -1.5495200000000000e+00, 1.8305000000000001e+02, 0.,
    -1.5007699999999999e+00, 1.8310000000000002e+02, 0.,
    -1.4517800000000001e+00, 1.8315000000000001e+02, 0.,
    -1.4120999999999999e+00, 1.8320000000000002e+02, 0.,
    -1.3641900000000000e+00, 1.8325000000000000e+02, 0.,
    -1.3279099999999999e+00, 1.8330000000000001e+02, 0.,
    -1.2828400000000000e+00, 1.8335000000000002e+02, 0.,
    -1.2470000000000001e+00, 1.8340000000000001e+02, 0.,
    -1.2028300000000001e+00, 1.8345000000000002e+02, 0.,
    -1.1679100000000000e+00, 1.8350000000000000e+02, 0.,
