%YAML:1.0
---
profile: [ 2.0320000000000002e+02, 0., -1.1536009999999999e+01,
    2.0325000000000000e+02, 0., -1.1518969999999999e+01,
    2.0330000000000001e+02, 0., -1.1492179999999999e+01,
    2.0335000000000002e+02, 0., -1.1467900000000000e+01,
    2.0340000000000001e+02, 0., -1.1424510000000000e+01,
    2.0345000000000002e+02, 0., -1.1375310000000001e+01,
    2.0350000000000000e+02, 0., -1.1328070000000000e+01,
    2.0355000000000001e+02, 0., -1.1257870000000000e+01,
    2.0360000000000002e+02, 0., -1.1188390000000000e+01,
    2.0365000000000001e+02, 0., -1.1102890000000000e+01,
    2.0370000000000002e+02, 0., -1.1036250000000001e+01,
    2.0375000000000000e+02, 0., -1.0978780000000000e+01,
    2.0380000000000001e+02, 0., -1.0946619999999999e+01,
    2.0385000000000002e+02, 0., -1.0909960000000000e+01,
    2.0390000000000001e+02, 0., -1.0874510000000001e+01,
    2.0395000000000002e+02, 0., -1.0847390000000001e+01, 204., 0.,
    -1.0806319999999999e+01, 2.0405000000000001e+02, 0.,
    -1.0764920000000000e+01, 2.0410000000000002e+02, 0.,
    -1.0698689999999999e+01, 2.0415000000000001e+02, 0.,
    -1.0638050000000000e+01, 2.0420000000000002e+02, 0.,
    -1.0564620000000000e+01, 2.0425000000000000e+02, 0.,
    -1.0506380000000000e+01, 2.0430000000000001e+02, 0.,
    -1.0446970000000000e+01, 2.0435000000000002e+02, 0.,
    -1.0391260000000001e+01, 2.0440000000000001e+02, 0.,
    -1.0348020000000000e+01, 2.0445000000000002e+02, 0.,
    -1.0297760000000000e+01, 2.0450000000000000e+02, 0.,
    -1.0262240000000000e+01, 2.0455000000000001e+02, 0.,
    -1.0211490000000000e+01, 2.0460000000000002e+02, 0.,
    -1.0167570000000000e+01, 2.0465000000000001e+02, 0.,
    -1.0098290000000000e+01, 2.0470000000000002e+02, 0.,
    -1.0025280000000000e+01, 2.0475000000000000e+02, 0.,
    -9.9664400000000004e+00, 2.0480000000000001e+02, 0.,
    -9.9027600000000007e+00, 2.0485000000000002e+02, 0.,
    -9.8636800000000004e+00, 2.0490000000000001e+02, 0.,
    -9.8116400000000006e+00, 2.0495000000000002e+02, 0.,
    -9.7663200000000003e+00, 205., 0., -9.7112599999999993e+00,
    2.0505000000000001e+02, 0., -9.6680600000000005e+00,
    2.0510000000000002e+02, 0., -9.5934500000000007e+00,
    2.0515000000000001e+02, 0., -9.5149500000000007e+00,
    2.0520000000000002e+02, 0., -9.4561100000000007e+00,
    2.0525000000000000e+02, 0., -9.3897399999999998e+00,
    2.0530000000000001e+02, 0., -9.3452599999999997e+00,
    2.0535000000000002e+02, 0., -9.2910500000000003e+00,
    2.0540000000000001e+02, 0., -9.2484900000000003e+00,
    2.0545000000000002e+02, 0., -9.2011599999999998e+00,
    2.0550000000000000e+02, 0., -9.1544100000000004e+00,
    2.0555000000000001e+02, 0., -9.1142099999999999e+00,
    2.0560000000000002e+02, 0., -9.0580700000000007e+00,
    2.0565000000000001e+02, 0., -9.0062300000000004e+00,
    2.0570000000000002e+02, 0., -8.9428699999999992e+00,
    2.0575000000000000e+02, 0., -8.8929899999999993e+00,
    2.0580000000000001e+02, 0., -8.8341600000000007e+00,
    2.0585000000000002e+02, 0., -8.7889999999999997e+00,
    2.0590000000000001e+02, 0., -8.7272800000000004e+00,
    2.0595000000000002e+02, 0., -8.6643000000000008e+00, 206., 0.,
    -8.6142599999999998e+00, 2.0605000000000001e+02, 0.,
    -8.5441400000000005e+00, 2.0610000000000002e+02, 0.,
    -8.4790200000000002e+00, 2.0615000000000001e+02, 0.,
    -8.4115900000000003e+00, 2.0620000000000002e+02, 0.,
    -8.3651499999999999e+00, 2.0625000000000000e+02, 0.,
    -8.3139000000000003e+00, 2.0630000000000001e+02, 0.,
    -8.2660099999999996e+00, 2.0635000000000002e+02, 0.,
    -8.2330100000000002e+00, 2.0640000000000001e+02, 0.,
    -8.1870799999999999e+00, 2.0645000000000002e+02, 0.,
    -8.1447599999999998e+00, 2.0650000000000000e+02, 0.,
    -8.0883400000000005e+00, 2.0655000000000001e+02, 0.,
    -8.0413399999999999e+00, 2.0660000000000002e+02, 0.,
    -7.9747300000000001e+00, 2.0665000000000001e+02, 0.,
    -7.9079800000000002e+00, 2.0670000000000002e+02, 0.,
    -7.8603399999999999e+00, 2.0675000000000000e+02, 0.,
    -7.8014599999999996e+00, 2.0680000000000001e+02, 0.,
    -7.7552199999999996e+00, 2.0685000000000002e+02, 0.,
    -7.6906200000000000e+00, 2.0690000000000001e+02, 0.,
    -7.6353400000000002e+00, 2.0695000000000002e+02, 0.,
    -7.5648499999999999e+00, 207., 0., -7.5082500000000003e+00,
    2.0705000000000001e+02, 0., -7.4387999999999996e+00,
    2.0710000000000002e+02, 0., -7.3737300000000001e+00,
    2.0715000000000001e+02, 0., -7.3345700000000003e+00,
    2.0720000000000002e+02, 0., -7.2817999999999996e+00,
    2.0725000000000000e+02, 0., -7.2350000000000003e+00,
    2.0730000000000001e+02, 0., -7.1785399999999999e+00,
    2.0735000000000002e+02, 0., -7.1345400000000003e+00,
    2.0740000000000001e+02, 0., -7.0753399999999997e+00,
    2.0745000000000002e+02, 0., -7.0175299999999998e+00,
    2.0750000000000000e+02, 0., -6.9791699999999999e+00,
    2.0755000000000001e+02, 0., -6.9231600000000002e+00,
    2.0760000000000002e+02, 0., -6.8687600000000000e+00,
    2.0765000000000001e+02, 0., -6.8064999999999998e+00,
    2.0770000000000002e+02, 0., -6.7598200000000004e+00,
    2.0775000000000000e+02, 0., -6.7027799999999997e+00,
    2.0780000000000001e+02, 0., -6.6450699999999996e+00,
    2.0785000000000002e+02, 0., -6.5955899999999996e+00,
    2.0790000000000001e+02, 0., -6.5326800000000000e+00,
    2.0795000000000002e+02, 0., -6.4812000000000003e+00, 208., 0.,
    -6.4146700000000001e+00, 2.0805000000000001e+02, 0.,
    -6.3603500000000004e+00, 2.0810000000000002e+02, 0.,
    -6.2980900000000002e+00, 2.0815000000000001e+02, 0.,
    -6.2362000000000002e+00, 2.0820000000000002e+02, 0.,
    -6.1833200000000001e+00, 2.0825000000000000e+02, 0.,
    -6.1241800000000000e+00, 2.0830000000000001e+02, 0.,
    -6.0853000000000002e+00, 2.0835000000000002e+02, 0.,
    -6.0366400000000002e+00, 2.0840000000000001e+02, 0.,
    -5.9976799999999999e+00, 2.0845000000000002e+02, 0.,
    -5.9395600000000002e+00, 2.0850000000000000e+02, 0.,
    -5.8810500000000001e+00, 2.0855000000000001e+02, 0.,
    -5.8365700000000000e+00, 2.0860000000000002e+02, 0.,
    -5.7847200000000001e+00, 2.0865000000000001e+02, 0.,
    -5.7452399999999999e+00, 2.0870000000000002e+02, 0.,
    -5.6881500000000003e+00, 2.0875000000000000e+02, 0.,
    -5.6270800000000003e+00, 2.0880000000000001e+02, 0.,
    -5.5717200000000000e+00, 2.0885000000000002e+02, 0.,
    -5.5014099999999999e+00, 2.0890000000000001e+02, 0.,
    -5.4439299999999999e+00, 2.0895000000000002e+02, 0.,
    -5.3710599999999999e+00, 209., 0., -5.3122600000000002e+00,
    2.0905000000000001e+02, 0., -5.2478100000000003e+00,
    2.0910000000000002e+02, 0., -5.1863299999999999e+00,
    2.0915000000000001e+02, 0., -5.1393700000000004e+00,
    2.0920000000000002e+02, 0., -5.0896200000000000e+00,
    2.0925000000000000e+02, 0., -5.0606600000000004e+00,
    2.0930000000000001e+02, 0., -5.0197700000000003e+00,
    2.0935000000000002e+02, 0., -4.9846100000000000e+00,
    2.0940000000000001e+02, 0., -4.9254100000000003e+00,
    2.0945000000000002e+02, 0., -4.8605099999999997e+00,
    2.0950000000000000e+02, 0., -4.8025900000000004e+00,
    2.0955000000000001e+02, 0., -4.7343099999999998e+00,
    2.0960000000000002e+02, 0., -4.6847099999999999e+00,
    2.0965000000000001e+02, 0., -4.6226799999999999e+00,
    2.0970000000000002e+02, 0., -4.5730800000000000e+00,
    2.0975000000000000e+02, 0., -4.5097399999999999e+00,
    2.0980000000000001e+02, 0., -4.4459099999999996e+00,
    2.0985000000000002e+02, 0., -4.3943500000000002e+00,
    2.0990000000000001e+02, 0., -4.3332400000000000e+00,
    2.0995000000000002e+02, 0., -4.2884799999999998e+00, 210., 0.,
    -4.2339500000000001e+00, 2.1005000000000001e+02, 0.,
    -4.1808500000000004e+00, 2.1010000000000002e+02, 0.,
    -4.1417299999999999e+00, 2.1015000000000001e+02, 0.,
    -4.0824900000000000e+00, 2.1020000000000002e+02, 0.,
    -4.0228099999999998e+00, 2.1025000000000000e+02, 0.,
