%YAML:1.0
---
profile: [ 2.1435000000000002e+02, 0., -8.7245200000000001e+00,
    2.1440000000000001e+02, 0., -8.6793399999999998e+00,
    2.1445000000000002e+02, 0., -8.6496999999999993e+00,
    2.1450000000000000e+02, 0., -8.6052700000000009e+00,
    2.1455000000000001e+02, 0., -8.5657899999999998e+00,
    2.1460000000000002e+02, 0., -8.5114099999999997e+00,
    2.1465000000000001e+02, 0., -8.4552999999999994e+00,
    2.1470000000000002e+02, 0., -8.4088600000000007e+00,
    2.1475000000000000e+02, 0., -8.3391099999999998e+00,
    2.1480000000000001e+02, 0., -8.2693899999999996e+00,
    2.1485000000000002e+02, 0., -8.1832600000000006e+00,
    2.1490000000000001e+02, 0., -8.1149799999999992e+00,
    2.1495000000000002e+02, 0., -8.0515799999999995e+00, 215., 0.,
    -7.9919300000000000e+00, 2.1505000000000001e+02, 0.,
    -7.9388500000000004e+00, 2.1510000000000002e+02, 0.,
    -7.8833799999999998e+00, 2.1515000000000001e+02, 0.,
    -7.8448200000000003e+00, 2.1520000000000002e+02, 0.,
    -7.7887199999999996e+00, 2.1525000000000000e+02, 0.,
    -7.7313900000000002e+00, 2.1530000000000001e+02, 0.,
    -7.6879499999999998e+00, 2.1535000000000002e+02, 0.,
    -7.6296700000000000e+00, 2.1540000000000001e+02, 0.,
    -7.5783899999999997e+00, 2.1545000000000002e+02, 0.,
    -7.5137299999999998e+00, 2.1550000000000000e+02, 0.,
    -7.4617699999999996e+00, 2.1555000000000001e+02, 0.,
    -7.3943899999999996e+00, 2.1560000000000002e+02, 0.,
    -7.3300599999999996e+00, 2.1565000000000001e+02, 0.,
    -7.2830599999999999e+00, 2.1570000000000002e+02, 0.,
    -7.2123400000000002e+00, 2.1575000000000000e+02, 0.,
    -7.1494200000000001e+00, 2.1580000000000001e+02, 0.,
    -7.0762900000000002e+00, 2.1585000000000002e+02, 0.,
    -7.0068099999999998e+00, 2.1590000000000001e+02, 0.,
    -6.9586499999999996e+00, 2.1595000000000002e+02, 0.,
    -6.8956000000000000e+00, 216., 0., -6.8417599999999998e+00,
    2.1605000000000001e+02, 0., -6.7755700000000001e+00,
    2.1610000000000002e+02, 0., -6.7232099999999999e+00,
    2.1615000000000001e+02, 0., -6.6612999999999998e+00,
    2.1620000000000002e+02, 0., -6.5993899999999996e+00,
    2.1625000000000000e+02, 0., -6.5468299999999999e+00,
    2.1630000000000001e+02, 0., -6.4839900000000004e+00,
    2.1635000000000002e+02, 0., -6.4353100000000003e+00,
    2.1640000000000001e+02, 0., -6.3744300000000003e+00,
    2.1645000000000002e+02, 0., -6.3144499999999999e+00,
    2.1650000000000000e+02, 0., -6.2693300000000001e+00,
    2.1655000000000001e+02, 0., -6.2066900000000000e+00,
    2.1660000000000002e+02, 0., -6.1490900000000002e+00,
    2.1665000000000001e+02, 0., -6.0768700000000004e+00,
    2.1670000000000002e+02, 0., -6.0070399999999999e+00,
    2.1675000000000000e+02, 0., -5.9592799999999997e+00,
    2.1680000000000001e+02, 0., -5.8984600000000000e+00,
    2.1685000000000002e+02, 0., -5.8485399999999998e+00,
    2.1690000000000001e+02, 0., -5.7914199999999996e+00,
    2.1695000000000002e+02, 0., -5.7485400000000002e+00, 217., 0.,
    -5.6796600000000002e+00, 2.1705000000000001e+02, 0.,
    -5.6058599999999998e+00, 2.1710000000000002e+02, 0.,
    -5.5434999999999999e+00, 2.1715000000000001e+02, 0.,
    -5.4682000000000004e+00, 2.1720000000000002e+02, 0.,
    -5.4094400000000000e+00, 2.1725000000000000e+02, 0.,
    -5.3408199999999999e+00, 2.1730000000000001e+02, 0.,
    -5.2758700000000003e+00, 2.1735000000000002e+02, 0.,
    -5.2317499999999999e+00, 2.1740000000000001e+02, 0.,
    -5.1713800000000001e+00, 2.1745000000000002e+02, 0.,
    -5.1168600000000000e+00, 2.1750000000000000e+02, 0.,
    -5.0500200000000000e+00, 2.1755000000000001e+02, 0.,
    -4.9839700000000002e+00, 2.1760000000000002e+02, 0.,
    -4.9308899999999998e+00, 2.1765000000000001e+02, 0.,
    -4.8662599999999996e+00, 2.1770000000000002e+02, 0.,
    -4.8167400000000002e+00, 2.1775000000000000e+02, 0.,
    -4.7619800000000003e+00, 2.1780000000000001e+02, 0.,
    -4.7220599999999999e+00, 2.1785000000000002e+02, 0.,
    -4.6751600000000000e+00, 2.1790000000000001e+02, 0.,
    -4.6265200000000002e+00, 2.1795000000000002e+02, 0.,
    -4.5846000000000000e+00, 218., 0., -4.5229699999999999e+00,
    2.1805000000000001e+02, 0., -4.4687700000000001e+00,
    2.1810000000000002e+02, 0., -4.3810399999999996e+00,
    2.1815000000000001e+02, 0., -4.2888599999999997e+00,
    2.1820000000000002e+02, 0., -4.2167800000000000e+00,
    2.1825000000000000e+02, 0., -4.1426999999999996e+00,
    2.1830000000000001e+02, 0., -4.0920199999999998e+00,
    2.1835000000000002e+02, 0., -4.0294100000000004e+00,
    2.1840000000000001e+02, 0., -3.9691700000000001e+00,
    2.1845000000000002e+02, 0., -3.9281299999999999e+00,
    2.1850000000000000e+02, 0., -3.8778500000000000e+00,
    2.1855000000000001e+02, 0., -3.8388499999999999e+00,
    2.1860000000000002e+02, 0., -3.7935599999999998e+00,
    2.1865000000000001e+02, 0., -3.7416200000000002e+00,
    2.1870000000000002e+02, 0., -3.6760199999999998e+00,
    2.1875000000000000e+02, 0., -3.5878500000000000e+00,
    2.1880000000000001e+02, 0., -3.5140899999999999e+00,
    2.1885000000000002e+02, 0., -3.4362200000000001e+00,
    2.1890000000000001e+02, 0., -3.3652099999999998e+00,
    2.1895000000000002e+02, 0., -3.3188900000000001e+00, 219., 0.,
    -3.2575200000000000e+00, 2.1905000000000001e+02, 0.,
    -3.2043599999999999e+00, 2.1910000000000002e+02, 0.,
    -3.1328399999999998e+00, 2.1915000000000001e+02, 0.,
    -3.0601500000000001e+00, 2.1920000000000002e+02, 0.,
    -3.0091100000000002e+00, 2.1925000000000000e+02, 0.,
    -2.9524300000000001e+00, 2.1930000000000001e+02, 0.,
    -2.9157500000000001e+00, 2.1935000000000002e+02, 0.,
    -2.8536199999999998e+00, 2.1940000000000001e+02, 0.,
    -2.7835800000000002e+00, 2.1945000000000002e+02, 0.,
    -2.7367400000000002e+00, 2.1950000000000000e+02, 0.,
    -2.6774600000000000e+00, 2.1955000000000001e+02, 0.,
    -2.6293000000000002e+00, 2.1960000000000002e+02, 0.,
    -2.5765300000000000e+00, 2.1965000000000001e+02, 0.,
    -2.5216900000000000e+00, 2.1970000000000002e+02, 0.,
    -2.4653299999999998e+00, 2.1975000000000000e+02, 0.,
    -2.3901599999999998e+00, 2.1980000000000001e+02, 0.,
    -2.3243600000000000e+00, 2.1985000000000002e+02, 0.,
    -2.2473100000000001e+00, 2.1990000000000001e+02, 0.,
    -2.1753900000000002e+00, 2.1995000000000002e+02, 0.,
    -2.1232700000000002e+00, 220., 0., -2.0634700000000001e+00,
    2.2005000000000001e+02, 0., -2.0221900000000002e+00,
    2.2010000000000002e+02, 0., -1.9685200000000000e+00,
    2.2015000000000001e+02, 0., -1.9158500000000001e+00,
    2.2020000000000002e+02, 0., -1.8814100000000000e+00,
    2.2025000000000000e+02, 0., -1.8281400000000001e+00,
    2.2030000000000001e+02, 0., -1.7733399999999999e+00,
    2.2035000000000002e+02, 0., -1.6941200000000001e+00,
    2.2040000000000001e+02, 0., -1.6161500000000000e+00,
    2.2045000000000002e+02, 0., -1.5662700000000001e+00,
    2.2050000000000000e+02, 0., -1.5045400000000000e+00,
    2.2055000000000001e+02, 0., -1.4560200000000001e+00,
    2.2060000000000002e+02, 0., -1.4007499999999999e+00,
    2.2065000000000001e+02, 0., -1.3412700000000000e+00,
    2.2070000000000002e+02, 0., -1.2758300000000000e+00,
    2.2075000000000000e+02, 0., -1.2067399999999999e+00,
    2.2080000000000001e+02, 0., -1.1582600000000001e+00,
    2.2085000000000002e+02, 0., -1.0848599999999999e+00,
    2.2090000000000001e+02, 0., -1.0078400000000001e+00,
    2.2095000000000002e+02, 0., -9.4484000000000001e-01, 221., 0.,
    -8.8149000000000000e-01, 2.2105000000000001e+02, 0.,
    -8.3909000000000000e-01, 2.2110000000000002e+02, 0.,
    -7.8552999999999995e-01, 2.2115000000000001e+02, 0.,
    -7.3448999999999998e-01, 2.2120000000000002e+02, 0.,
    -6.9684999999999997e-01, 2.2125000000000000e+02, 0.,
    -6.3438000000000005e-01, 2.2130000000000001e+02, 0.,
    -5.6411999999999995e-01, 2.2135000000000002e+02, 0.,
    -5.1583999999999997e-01, 2.2140000000000001e+02, 0.,
