%YAML:1.0
---
profile: [ 1.6150000000000000e+02, 0., -2.7115200000000002e+00,
    1.6155000000000001e+02, 0., -2.6597499999999998e+00,
    1.6160000000000002e+02, 0., -2.6081500000000002e+00,
    1.6165000000000001e+02, 0., -2.5565500000000001e+00,
    1.6170000000000002e+02, 0., -2.5056300000000000e+00,
    1.6175000000000000e+02, 0., -2.4676300000000002e+00,
    1.6180000000000001e+02, 0., -2.4179800000000000e+00,
    1.6185000000000002e+02, 0., -2.3687800000000001e+00,
    1.6190000000000001e+02, 0., -2.3326199999999999e+00,
    1.6195000000000002e+02, 0., -2.2846500000000001e+00, 162., 0.,
    -2.2375699999999998e+00, 1.6205000000000001e+02, 0.,
    -2.1789499999999999e+00, 1.6210000000000002e+02, 0.,
    -2.1329099999999999e+00, 1.6215000000000001e+02, 0.,
    -2.0868699999999998e+00, 1.6220000000000002e+02, 0.,
    -2.0163799999999998e+00, 1.6225000000000000e+02, 0.,
    -1.9574199999999999e+00, 1.6230000000000001e+02, 0.,
    -1.8949300000000000e+00, 1.6235000000000002e+02, 0.,
    -1.8509700000000000e+00, 1.6240000000000001e+02, 0.,
    -1.8052200000000000e+00, 1.6245000000000002e+02, 0.,
    -1.7735399999999999e+00, 1.6250000000000000e+02, 0.,
    -1.7408500000000000e+00, 1.6255000000000001e+02, 0.,
    -1.7161299999999999e+00, 1.6260000000000002e+02, 0.,
    -1.6665600000000000e+00, 1.6265000000000001e+02, 0.,
    -1.6124099999999999e+00, 1.6270000000000002e+02, 0.,
    -1.5692900000000001e+00, 1.6275000000000000e+02, 0.,
    -1.5149300000000001e+00, 1.6280000000000001e+02, 0.,
    -1.4702100000000000e+00, 1.6285000000000002e+02, 0.,
    -1.4254899999999999e+00, 1.6290000000000001e+02, 0.,
    -1.3830700000000000e+00, 1.6295000000000002e+02, 0.,
    -1.3427400000000000e+00, 163., 0., -1.3061000000000000e+00,
    1.6305000000000001e+02, 0., -1.2595200000000000e+00,
    1.6310000000000002e+02, 0., -1.2200400000000000e+00,
    1.6315000000000001e+02, 0., -1.1688700000000001e+00,
    1.6320000000000002e+02, 0., -1.1222300000000001e+00,
    1.6325000000000000e+02, 0., -1.0604499999999999e+00,
    1.6330000000000001e+02, 0., -1.0000899999999999e+00,
    1.6335000000000002e+02, 0., -9.3972999999999995e-01,
    1.6340000000000001e+02, 0., -8.8897000000000004e-01,
    1.6345000000000002e+02, 0., -8.4658999999999995e-01,
    1.6350000000000000e+02, 0., -8.1962999999999997e-01,
    1.6355000000000001e+02, 0., -7.8200000000000003e-01,
    1.6360000000000002e+02, 0., -7.3963999999999996e-01,
    1.6365000000000001e+02, 0., -6.8676999999999999e-01,
    1.6370000000000002e+02, 0., -6.4505000000000001e-01,
    1.6375000000000000e+02, 0., -6.0063000000000000e-01,
    1.6380000000000001e+02, 0., -5.7447000000000004e-01,
    1.6385000000000002e+02, 0., -5.3759000000000001e-01,
    1.6390000000000001e+02, 0., -5.0590999999999997e-01,
    1.6395000000000002e+02, 0., -4.6629999999999999e-01, 164., 0.,
    -4.3469999999999998e-01, 1.6405000000000001e+02, 0.,
    -3.7852999999999998e-01, 1.6410000000000002e+02, 0.,
    -3.3033000000000001e-01, 1.6415000000000001e+02, 0.,
    -2.6204000000000000e-01, 1.6420000000000002e+02, 0.,
    -2.0319999999999999e-01, 1.6425000000000000e+02, 0.,
    -1.3525999999999999e-01, 1.6430000000000001e+02, 0.,
    -8.7779999999999997e-02, 1.6435000000000002e+02, 0.,
    -3.3380000000000000e-02, 1.6440000000000001e+02, 0.,
    4.1000000000000003e-03, 1.6445000000000002e+02, 0.,
    5.8830000000000000e-02, 1.6450000000000000e+02, 0.,
    1.0679000000000000e-01, 1.6455000000000001e+02, 0.,
    1.5986000000000000e-01, 1.6460000000000002e+02, 0.,
    1.9389999999999999e-01, 1.6465000000000001e+02, 0.,
    2.4335000000000001e-01, 1.6470000000000002e+02, 0.,
    2.8650999999999999e-01, 1.6475000000000000e+02, 0.,
    3.4237000000000001e-01, 1.6480000000000001e+02, 0.,
    3.8805000000000001e-01, 1.6485000000000002e+02, 0.,
    4.3747000000000003e-01, 1.6490000000000001e+02, 0.,
    4.7291000000000000e-01, 1.6495000000000002e+02, 0.,
    5.2310999999999996e-01, 165., 0., 5.6638999999999995e-01,
    1.6505000000000001e+02, 0., 6.0592999999999997e-01,
    1.6510000000000002e+02, 0., 6.2977000000000005e-01,
    1.6515000000000001e+02, 0., 6.9203000000000003e-01,
    1.6520000000000002e+02, 0., 7.4826999999999999e-01,
    1.6525000000000000e+02, 0., 8.0710999999999999e-01,
    1.6530000000000001e+02, 0., 8.5187000000000002e-01,
    1.6535000000000002e+02, 0., 9.1257999999999995e-01,
    1.6540000000000001e+02, 0., 9.6201999999999999e-01,
    1.6545000000000002e+02, 0., 1.0016000000000000e+00,
    1.6550000000000000e+02, 0., 1.0287599999999999e+00,
    1.6555000000000001e+02, 0., 1.0688299999999999e+00,
    1.6560000000000002e+02, 0., 1.1123700000000001e+00,
    1.6565000000000001e+02, 0., 1.1534899999999999e+00,
    1.6570000000000002e+02, 0., 1.2075499999999999e+00,
    1.6575000000000000e+02, 0., 1.2592699999999999e+00,
    1.6580000000000001e+02, 0., 1.3217800000000000e+00,
    1.6585000000000002e+02, 0., 1.3648199999999999e+00,
    1.6590000000000001e+02, 0., 1.4166700000000001e+00,
    1.6595000000000002e+02, 0., 1.4519100000000000e+00, 166., 0.,
    1.4978000000000000e+00, 1.6605000000000001e+02, 0.,
    1.5402000000000000e+00, 1.6610000000000002e+02, 0.,
    1.5879099999999999e+00, 1.6615000000000001e+02, 0.,
    1.6196299999999999e+00, 1.6620000000000002e+02, 0.,
    1.6610300000000000e+00, 1.6625000000000000e+02, 0.,
    1.6961500000000000e+00, 1.6630000000000001e+02, 0.,
    1.7450000000000001e+00, 1.6635000000000002e+02, 0.,
    1.7867200000000001e+00, 1.6640000000000001e+02, 0.,
    1.8437500000000000e+00, 1.6645000000000002e+02, 0.,
    1.8918699999999999e+00, 1.6650000000000000e+02, 0.,
    1.9519899999999999e+00, 1.6655000000000001e+02, 0.,
    2.0000700000000000e+00, 1.6660000000000002e+02, 0.,
    2.0553699999999999e+00, 1.6665000000000001e+02, 0.,
    2.0970100000000000e+00, 1.6670000000000002e+02, 0.,
    2.1475300000000002e+00, 1.6675000000000000e+02, 0.,
    2.1870900000000000e+00, 1.6680000000000001e+02, 0.,
    2.2402299999999999e+00, 1.6685000000000002e+02, 0.,
    2.2834699999999999e+00, 1.6690000000000001e+02, 0.,
    2.3357500000000000e+00, 1.6695000000000002e+02, 0.,
    2.3765900000000002e+00, 167., 0., 2.4243199999999998e+00,
    1.6705000000000001e+02, 0., 2.4618000000000002e+00,
    1.6710000000000002e+02, 0., 2.5100500000000001e+00,
    1.6715000000000001e+02, 0., 2.5604800000000001e+00,
    1.6720000000000002e+02, 0., 2.6066799999999999e+00,
    1.6725000000000000e+02, 0., 2.6606399999999999e+00,
    1.6730000000000001e+02, 0., 2.6916400000000000e+00,
    1.6735000000000002e+02, 0., 2.7343700000000002e+00,
    1.6740000000000001e+02, 0., 2.7810500000000000e+00,
    1.6745000000000002e+02, 0., 2.8388200000000001e+00,
    1.6750000000000000e+02, 0., 2.8843000000000001e+00,
    1.6755000000000001e+02, 0., 2.9405800000000002e+00,
    1.6760000000000002e+02, 0., 2.9848200000000000e+00,
    1.6765000000000001e+02, 0., 3.0361500000000001e+00,
    1.6770000000000002e+02, 0., 3.0723099999999999e+00,
    1.6775000000000000e+02, 0., 3.1177600000000001e+00,
    1.6780000000000001e+02, 0., 3.1543600000000001e+00,
    1.6785000000000002e+02, 0., 3.1989299999999998e+00,
    1.6790000000000001e+02, 0., 3.2338900000000002e+00,
    1.6795000000000002e+02, 0., 3.2847100000000000e+00, 168., 0.,
    3.3291100000000000e+00, 1.6805000000000001e+02, 0.,
    3.3833500000000001e+00, 1.6810000000000002e+02, 0.,
    3.4264299999999999e+00, 1.6815000000000001e+02, 0.,
    3.4865200000000001e+00, 1.6820000000000002e+02, 0.,
    3.5358399999999999e+00, 1.6825000000000000e+02, 0.,
    3.5877100000000000e+00, 1.6830000000000001e+02, 0.,
    3.6272300000000000e+00, 1.6835000000000002e+02, 0.,
    3.6760199999999998e+00, 1.6840000000000001e+02, 0.,
    3.7148599999999998e+00, 1.6845000000000002e+02, 0.,
    3.7644600000000001e+00, 1.6850000000000000e+02, 0.,
    3.8141200000000000e+00, 1.6855000000000001e+02, 0.,
    3.8532000000000002e+00, 1.6860000000000002e+02, 0.,
    3.9049499999999999e+00, 1.6865000000000001e+02, 0.,
