%YAML:1.0
---
profile: [ 2.5844999999999999e+02, 0., -2.3358160000000002e+01,
    2.5850000000000000e+02, 0., -2.3355119999999999e+01,
    2.5855000000000001e+02, 0., -2.3352409999999999e+01,
    2.5860000000000002e+02, 0., -2.3350890000000000e+01,
    2.5865000000000003e+02, 0., -2.3347899999999999e+01,
    2.5869999999999999e+02, 0., -2.3343620000000001e+01,
    2.5875000000000000e+02, 0., -2.3339020000000001e+01,
    2.5880000000000001e+02, 0., -2.3330150000000000e+01,
    2.5885000000000002e+02, 0., -2.3317630000000001e+01,
    2.5890000000000003e+02, 0., -2.3302710000000001e+01,
    2.5894999999999999e+02, 0., -2.3275469999999999e+01, 259., 0.,
    -2.3249150000000000e+01, 2.5905000000000001e+02, 0.,
    -2.3187100000000001e+01, 2.5910000000000002e+02, 0.,
    -2.3119450000000001e+01, 2.5915000000000003e+02, 0.,
    -2.3067409999999999e+01, 2.5919999999999999e+02, 0.,
    -2.3010380000000001e+01, 2.5925000000000000e+02, 0.,
    -2.2961980000000001e+01, 2.5930000000000001e+02, 0.,
    -2.2931220000000000e+01, 2.5935000000000002e+02, 0.,
    -2.2886700000000001e+01, 2.5940000000000003e+02, 0.,
    -2.2838660000000001e+01, 2.5944999999999999e+02, 0.,
    -2.2801780000000001e+01, 2.5950000000000000e+02, 0.,
    -2.2752369999999999e+01, 2.5955000000000001e+02, 0.,
    -2.2698979999999999e+01, 2.5960000000000002e+02, 0.,
    -2.2650620000000000e+01, 2.5965000000000003e+02, 0.,
    -2.2601710000000001e+01, 2.5969999999999999e+02, 0.,
    -2.2568750000000001e+01, 2.5975000000000000e+02, 0.,
    -2.2528939999999999e+01, 2.5980000000000001e+02, 0.,
    -2.2489460000000001e+01, 2.5985000000000002e+02, 0.,
    -2.2457860000000000e+01, 2.5990000000000003e+02, 0.,
    -2.2417520000000000e+01, 2.5994999999999999e+02, 0.,
    -2.2374459999999999e+01, 260., 0., -2.2336939999999998e+01,
    2.6005000000000001e+02, 0., -2.2279350000000001e+01,
    2.6010000000000002e+02, 0., -2.2215370000000000e+01,
    2.6015000000000003e+02, 0., -2.2166409999999999e+01,
    2.6019999999999999e+02, 0., -2.2107759999999999e+01,
    2.6025000000000000e+02, 0., -2.2054580000000001e+01,
    2.6030000000000001e+02, 0., -2.2024020000000000e+01,
    2.6035000000000002e+02, 0., -2.1985849999999999e+01,
    2.6040000000000003e+02, 0., -2.1955330000000000e+01,
    2.6044999999999999e+02, 0., -2.1902190000000001e+01,
    2.6050000000000000e+02, 0., -2.1842800000000000e+01,
    2.6055000000000001e+02, 0., -2.1792200000000001e+01,
    2.6060000000000002e+02, 0., -2.1728040000000000e+01,
    2.6065000000000003e+02, 0., -2.1666770000000000e+01,
    2.6069999999999999e+02, 0., -2.1621490000000001e+01,
    2.6075000000000000e+02, 0., -2.1567560000000000e+01,
    2.6080000000000001e+02, 0., -2.1514279999999999e+01,
    2.6085000000000002e+02, 0., -2.1471679999999999e+01,
    2.6090000000000003e+02, 0., -2.1424600000000002e+01,
    2.6094999999999999e+02, 0., -2.1380980000000001e+01, 261., 0.,
    -2.1348379999999999e+01, 2.6105000000000001e+02, 0.,
    -2.1304649999999999e+01, 2.6110000000000002e+02, 0.,
    -2.1258320000000001e+01, 2.6115000000000003e+02, 0.,
    -2.1219280000000001e+01, 2.6119999999999999e+02, 0.,
    -2.1162410000000001e+01, 2.6125000000000000e+02, 0.,
    -2.1102209999999999e+01, 2.6130000000000001e+02, 0.,
    -2.1060490000000001e+01, 2.6135000000000002e+02, 0.,
    -2.1005099999999999e+01, 2.6140000000000003e+02, 0.,
    -2.0948139999999999e+01, 2.6144999999999999e+02, 0.,
    -2.0904540000000001e+01, 2.6150000000000000e+02, 0.,
    -2.0859940000000002e+01, 2.6155000000000001e+02, 0.,
    -2.0829619999999998e+01, 2.6160000000000002e+02, 0.,
    -2.0790820000000000e+01, 2.6165000000000003e+02, 0.,
    -2.0748320000000000e+01, 2.6169999999999999e+02, 0.,
    -2.0710080000000001e+01, 2.6175000000000000e+02, 0.,
    -2.0659859999999998e+01, 2.6180000000000001e+02, 0.,
    -2.0610350000000000e+01, 2.6185000000000002e+02, 0.,
    -2.0572350000000000e+01, 2.6190000000000003e+02, 0.,
    -2.0513480000000001e+01, 2.6194999999999999e+02, 0.,
    -2.0459800000000001e+01, 262., 0., -2.0426600000000001e+01,
    2.6205000000000001e+02, 0., -2.0376940000000001e+01,
    2.6210000000000002e+02, 0., -2.0323170000000001e+01,
    2.6215000000000003e+02, 0., -2.0284410000000001e+01,
    2.6219999999999999e+02, 0., -2.0238510000000002e+01,
    2.6225000000000000e+02, 0., -2.0191469999999999e+01,
    2.6230000000000001e+02, 0., -2.0144710000000000e+01,
    2.6235000000000002e+02, 0., -2.0086340000000000e+01,
    2.6240000000000003e+02, 0., -2.0028179999999999e+01,
    2.6244999999999999e+02, 0., -1.9982220000000002e+01,
    2.6250000000000000e+02, 0., -1.9930730000000001e+01,
    2.6255000000000001e+02, 0., -1.9884300000000000e+01,
    2.6260000000000002e+02, 0., -1.9850660000000001e+01,
    2.6265000000000003e+02, 0., -1.9808190000000000e+01,
    2.6269999999999999e+02, 0., -1.9774069999999998e+01,
    2.6275000000000000e+02, 0., -1.9728400000000001e+01,
    2.6280000000000001e+02, 0., -1.9681600000000000e+01,
    2.6285000000000002e+02, 0., -1.9643680000000000e+01,
    2.6290000000000003e+02, 0., -1.9593430000000001e+01,
    2.6294999999999999e+02, 0., -1.9541789999999999e+01, 263., 0.,
    -1.9499590000000001e+01, 2.6305000000000001e+02, 0.,
    -1.9448499999999999e+01, 2.6310000000000002e+02, 0.,
    -1.9394770000000001e+01, 2.6315000000000003e+02, 0.,
    -1.9348089999999999e+01, 2.6319999999999999e+02, 0.,
    -1.9290790000000001e+01, 2.6325000000000000e+02, 0.,
    -1.9233670000000000e+01, 2.6330000000000001e+02, 0.,
    -1.9187909999999999e+01, 2.6335000000000002e+02, 0.,
    -1.9140339999999998e+01, 2.6340000000000003e+02, 0.,
    -1.9096930000000000e+01, 2.6344999999999999e+02, 0.,
    -1.9064290000000000e+01, 2.6350000000000000e+02, 0.,
    -1.9023660000000000e+01, 2.6355000000000001e+02, 0.,
    -1.8980060000000002e+01, 2.6360000000000002e+02, 0.,
    -1.8935420000000001e+01, 2.6365000000000003e+02, 0.,
    -1.8877070000000000e+01, 2.6369999999999999e+02, 0.,
    -1.8816559999999999e+01, 2.6375000000000000e+02, 0.,
    -1.8766719999999999e+01, 2.6380000000000001e+02, 0.,
    -1.8716090000000001e+01, 2.6385000000000002e+02, 0.,
    -1.8672370000000001e+01, 2.6390000000000003e+02, 0.,
    -1.8634689999999999e+01, 2.6394999999999999e+02, 0.,
    -1.8582360000000001e+01, 264., 0., -1.8528310000000001e+01,
    2.6405000000000001e+02, 0., -1.8490670000000001e+01,
    2.6410000000000002e+02, 0., -1.8446770000000001e+01,
    2.6415000000000003e+02, 0., -1.8403919999999999e+01,
    2.6419999999999999e+02, 0., -1.8366320000000002e+01,
    2.6425000000000000e+02, 0., -1.8319299999999998e+01,
    2.6430000000000001e+02, 0., -1.8271000000000001e+01,
    2.6435000000000002e+02, 0., -1.8228200000000001e+01,
    2.6440000000000003e+02, 0., -1.8176659999999998e+01,
    2.6444999999999999e+02, 0., -1.8127530000000000e+01,
    2.6450000000000000e+02, 0., -1.8091690000000000e+01,
    2.6455000000000001e+02, 0., -1.8045500000000001e+01,
    2.6460000000000002e+02, 0., -1.7999099999999999e+01,
    2.6465000000000003e+02, 0., -1.7964140000000000e+01,
    2.6469999999999999e+02, 0., -1.7908259999999999e+01,
    2.6475000000000000e+02, 0., -1.7844500000000000e+01,
    2.6480000000000001e+02, 0., -1.7794139999999999e+01,
    2.6485000000000002e+02, 0., -1.7736380000000000e+01,
    2.6490000000000003e+02, 0., -1.7683779999999999e+01,
    2.6494999999999999e+02, 0., -1.7647099999999998e+01, 265., 0.,
    -1.7603829999999999e+01, 2.6505000000000001e+02, 0.,
    -1.7563369999999999e+01, 2.6510000000000002e+02, 0.,
    -1.7534330000000001e+01, 2.6515000000000003e+02, 0.,
    -1.7491209999999999e+01, 2.6519999999999999e+02, 0.,
    -1.7448530000000002e+01, 2.6525000000000000e+02, 0.,
    -1.7397020000000001e+01, 2.6530000000000001e+02, 0.,
    -1.7345540000000000e+01, 2.6535000000000002e+02, 0.,
    -1.7303899999999999e+01, 2.6540000000000003e+02, 0.,
    -1.7237770000000001e+01, 2.6544999999999999e+02, 0.,
    -1.7187059999999999e+01, 2.6550000000000000e+02, 0.,
