%YAML:1.0
---
profile: [ 2.8180000000000001e+02, 0., -1.5803830000000000e+01,
    2.8185000000000002e+02, 0., -1.5675039999999999e+01,
    2.8190000000000003e+02, 0., -1.5612349999999999e+01,
    2.8194999999999999e+02, 0., -1.5568759999999999e+01, 282., 0.,
    -1.5529439999999999e+01, 2.8205000000000001e+02, 0.,
    -1.5490069999999999e+01, 2.8210000000000002e+02, 0.,
    -1.5450650000000000e+01, 2.8215000000000003e+02, 0.,
    -1.5416090000000001e+01, 2.8219999999999999e+02, 0.,
    -1.5361170000000000e+01, 2.8225000000000000e+02, 0.,
    -1.5301900000000000e+01, 2.8230000000000001e+02, 0.,
    -1.5241220000000000e+01, 2.8235000000000002e+02, 0.,
    -1.5194979999999999e+01, 2.8240000000000003e+02, 0.,
    -1.5145339999999999e+01, 2.8244999999999999e+02, 0.,
    -1.5102200000000000e+01, 2.8250000000000000e+02, 0.,
    -1.5071080000000000e+01, 2.8255000000000001e+02, 0.,
    -1.5020949999999999e+01, 2.8260000000000002e+02, 0.,
    -1.4965790000000000e+01, 2.8265000000000003e+02, 0.,
    -1.4924630000000001e+01, 2.8269999999999999e+02, 0.,
    -1.4877330000000001e+01, 2.8275000000000000e+02, 0.,
    -1.4830439999999999e+01, 2.8280000000000001e+02, 0.,
    -1.4783350000000000e+01, 2.8285000000000002e+02, 0.,
    -1.4748070000000000e+01, 2.8290000000000003e+02, 0.,
    -1.4698940000000000e+01, 2.8294999999999999e+02, 0.,
    -1.4642740000000000e+01, 283., 0., -1.4585900000000001e+01,
    2.8305000000000001e+02, 0., -1.4536379999999999e+01,
    2.8310000000000002e+02, 0., -1.4492279999999999e+01,
    2.8315000000000003e+02, 0., -1.4457000000000001e+01,
    2.8319999999999999e+02, 0., -1.4400960000000000e+01,
    2.8325000000000000e+02, 0., -1.4349600000000001e+01,
    2.8330000000000001e+02, 0., -1.4304190000000000e+01,
    2.8335000000000002e+02, 0., -1.4270550000000000e+01,
    2.8340000000000003e+02, 0., -1.4224019999999999e+01,
    2.8344999999999999e+02, 0., -1.4172910000000000e+01,
    2.8350000000000000e+02, 0., -1.4126950000000001e+01,
    2.8355000000000001e+02, 0., -1.4071000000000000e+01,
    2.8360000000000002e+02, 0., -1.4017130000000000e+01,
    2.8365000000000003e+02, 0., -1.3968640000000001e+01,
    2.8369999999999999e+02, 0., -1.3938560000000001e+01,
    2.8375000000000000e+02, 0., -1.3899660000000001e+01,
    2.8380000000000001e+02, 0., -1.3858219999999999e+01,
    2.8385000000000002e+02, 0., -1.3819860000000000e+01,
    2.8390000000000003e+02, 0., -1.3767780000000000e+01,
    2.8394999999999999e+02, 0., -1.3712360000000000e+01, 284., 0.,
    -1.3667240000000000e+01, 2.8405000000000001e+02, 0.,
    -1.3612590000000001e+01, 2.8410000000000002e+02, 0.,
    -1.3557710000000000e+01, 2.8415000000000003e+02, 0.,
    -1.3503740000000001e+01, 2.8419999999999999e+02, 0.,
    -1.3466939999999999e+01, 2.8425000000000000e+02, 0.,
    -1.3426629999999999e+01, 2.8430000000000001e+02, 0.,
    -1.3386730000000000e+01, 2.8435000000000002e+02, 0.,
    -1.3343970000000001e+01, 2.8440000000000003e+02, 0.,
    -1.3287340000000000e+01, 2.8444999999999999e+02, 0.,
    -1.3229110000000000e+01, 2.8450000000000000e+02, 0.,
    -1.3171270000000000e+01, 2.8455000000000001e+02, 0.,
    -1.3130350000000000e+01, 2.8460000000000002e+02, 0.,
    -1.3084270000000000e+01, 2.8465000000000003e+02, 0.,
    -1.3040620000000001e+01, 2.8469999999999999e+02, 0.,
    -1.3002739999999999e+01, 2.8475000000000000e+02, 0.,
    -1.2962429999999999e+01, 2.8480000000000001e+02, 0.,
    -1.2923019999999999e+01, 2.8485000000000002e+02, 0.,
    -1.2890459999999999e+01, 2.8490000000000003e+02, 0.,
    -1.2848220000000000e+01, 2.8494999999999999e+02, 0.,
    -1.2800860000000000e+01, 285., 0., -1.2746840000000001e+01,
    2.8505000000000001e+02, 0., -1.2705240000000000e+01,
    2.8510000000000002e+02, 0., -1.2657629999999999e+01,
    2.8515000000000003e+02, 0., -1.2609280000000000e+01,
    2.8519999999999999e+02, 0., -1.2558840000000000e+01,
    2.8525000000000000e+02, 0., -1.2506340000000000e+01,
    2.8530000000000001e+02, 0., -1.2455640000000001e+01,
    2.8535000000000002e+02, 0., -1.2403370000000001e+01,
    2.8540000000000003e+02, 0., -1.2360970000000000e+01,
    2.8544999999999999e+02, 0., -1.2305640000000000e+01,
    2.8550000000000000e+02, 0., -1.2250780000000001e+01,
    2.8555000000000001e+02, 0., -1.2209339999999999e+01,
    2.8560000000000002e+02, 0., -1.2146760000000000e+01,
    2.8565000000000003e+02, 0., -1.2093940000000000e+01,
    2.8569999999999999e+02, 0., -1.2049440000000001e+01,
    2.8575000000000000e+02, 0., -1.2013920000000001e+01,
    2.8580000000000001e+02, 0., -1.1969340000000001e+01,
    2.8585000000000002e+02, 0., -1.1926800000000000e+01,
    2.8590000000000003e+02, 0., -1.1895360000000000e+01,
    2.8594999999999999e+02, 0., -1.1851110000000000e+01, 286., 0.,
    -1.1801200000000000e+01, 2.8605000000000001e+02, 0.,
    -1.1747970000000000e+01, 2.8610000000000002e+02, 0.,
    -1.1715730000000001e+01, 2.8615000000000003e+02, 0.,
    -1.1676690000000001e+01, 2.8619999999999999e+02, 0.,
    -1.1635330000000000e+01, 2.8625000000000000e+02, 0.,
    -1.1592250000000000e+01, 2.8630000000000001e+02, 0.,
    -1.1544400000000000e+01, 2.8635000000000002e+02, 0.,
    -1.1487900000000000e+01, 2.8640000000000003e+02, 0.,
    -1.1420050000000000e+01, 2.8644999999999999e+02, 0.,
    -1.1378090000000000e+01, 2.8650000000000000e+02, 0.,
    -1.1319690000000000e+01, 2.8655000000000001e+02, 0.,
    -1.1263880000000000e+01, 2.8660000000000002e+02, 0.,
    -1.1227119999999999e+01, 2.8665000000000003e+02, 0.,
    -1.1185829999999999e+01, 2.8669999999999999e+02, 0.,
    -1.1139220000000000e+01, 2.8675000000000000e+02, 0.,
    -1.1083080000000001e+01, 2.8680000000000001e+02, 0.,
    -1.1038880000000001e+01, 2.8685000000000002e+02, 0.,
    -1.0982250000000001e+01, 2.8690000000000003e+02, 0.,
    -1.0929220000000001e+01, 2.8694999999999999e+02, 0.,
    -1.0892260000000000e+01, 287., 0., -1.0841740000000000e+01,
    2.8705000000000001e+02, 0., -1.0793979999999999e+01,
    2.8710000000000002e+02, 0., -1.0744820000000001e+01,
    2.8715000000000003e+02, 0., -1.0693059999999999e+01,
    2.8719999999999999e+02, 0., -1.0645600000000000e+01,
    2.8725000000000000e+02, 0., -1.0604520000000001e+01,
    2.8730000000000001e+02, 0., -1.0574159999999999e+01,
    2.8735000000000002e+02, 0., -1.0521480000000000e+01,
    2.8740000000000003e+02, 0., -1.0470689999999999e+01,
    2.8744999999999999e+02, 0., -1.0421310000000000e+01,
    2.8750000000000000e+02, 0., -1.0374549999999999e+01,
    2.8755000000000001e+02, 0., -1.0327570000000000e+01,
    2.8760000000000002e+02, 0., -1.0287599999999999e+01,
    2.8765000000000003e+02, 0., -1.0260640000000000e+01,
    2.8769999999999999e+02, 0., -1.0216680000000000e+01,
    2.8775000000000000e+02, 0., -1.0168609999999999e+01,
    2.8780000000000001e+02, 0., -1.0118340000000000e+01,
    2.8785000000000002e+02, 0., -1.0074579999999999e+01,
    2.8790000000000003e+02, 0., -1.0024490000000000e+01,
    2.8794999999999999e+02, 0., -9.9674899999999997e+00, 288., 0.,
    -9.9022400000000008e+00, 2.8805000000000001e+02, 0.,
    -9.8623200000000004e+00, 2.8810000000000002e+02, 0.,
    -9.8166200000000003e+00, 2.8815000000000003e+02, 0.,
    -9.7806800000000003e+00, 2.8819999999999999e+02, 0.,
    -9.7603200000000001e+00, 2.8825000000000000e+02, 0.,
    -9.7380700000000004e+00, 2.8830000000000001e+02, 0.,
    -9.6967900000000000e+00, 2.8835000000000002e+02, 0.,
    -9.6274599999999992e+00, 2.8840000000000003e+02, 0.,
    -9.5778599999999994e+00, 2.8844999999999999e+02, 0.,
    -9.5132800000000000e+00, 2.8850000000000000e+02, 0.,
    -9.4503100000000000e+00, 2.8855000000000001e+02, 0.,
    -9.3953799999999994e+00, 2.8860000000000002e+02, 0.,
    -9.3613000000000000e+00, 2.8865000000000003e+02, 0.,
    -9.3204999999999991e+00, 2.8869999999999999e+02, 0.,
    -9.2800899999999995e+00, 2.8875000000000000e+02, 0.,
    -9.2451299999999996e+00, 2.8880000000000001e+02, 0.,
    -9.2103900000000003e+00, 2.8885000000000002e+02, 0.,
