%YAML:1.0
---
profile: [ 2.2785000000000002e+02, 0., -9.1167400000000001e+00,
    2.2790000000000001e+02, 0., -8.9680199999999992e+00,
    2.2795000000000002e+02, 0., -8.8862000000000005e+00, 228., 0.,
    -8.8316300000000005e+00, 2.2805000000000001e+02, 0.,
    -8.7919900000000002e+00, 2.2810000000000002e+02, 0.,
    -8.7418899999999997e+00, 2.2815000000000001e+02, 0.,
    -8.7015300000000000e+00, 2.2820000000000002e+02, 0.,
    -8.6494400000000002e+00, 2.2825000000000000e+02, 0.,
    -8.5988600000000002e+00, 2.2830000000000001e+02, 0.,
    -8.5607399999999991e+00, 2.2835000000000002e+02, 0.,
    -8.5083500000000001e+00, 2.2840000000000001e+02, 0.,
    -8.4547699999999999e+00, 2.2845000000000002e+02, 0.,
    -8.4180899999999994e+00, 2.2850000000000000e+02, 0.,
    -8.3691899999999997e+00, 2.2855000000000001e+02, 0.,
    -8.3264700000000005e+00, 2.2860000000000002e+02, 0.,
    -2.3265650000000001e+01, 2.2865000000000001e+02, 0.,
    -2.3262810000000002e+01, 2.2870000000000002e+02, 0.,
    -2.3140960000000000e+01, 2.2875000000000000e+02, 0.,
    -2.3005030000000001e+01, 2.2880000000000001e+02, 0.,
    -2.2945750000000000e+01, 2.2885000000000002e+02, 0.,
    -2.2659130000000001e+01, 2.2890000000000001e+02, 0.,
    -2.2174849999999999e+01, 2.2895000000000002e+02, 0.,
    -2.1690570000000001e+01, 229., 0., -2.1416260000000001e+01,
    2.2905000000000001e+02, 0., -2.1373500000000000e+01,
    2.2910000000000002e+02, 0., -2.1278099999999998e+01,
    2.2915000000000001e+02, 0., -2.1224080000000001e+01,
    2.2920000000000002e+02, 0., -2.1242999999999999e+01,
    2.2925000000000000e+02, 0., -2.1223839999999999e+01,
    2.2930000000000001e+02, 0., -2.1185680000000001e+01,
    2.2935000000000002e+02, 0., -2.1163820000000001e+01,
    2.2940000000000001e+02, 0., -2.1142399999999999e+01,
    2.2945000000000002e+02, 0., -2.1117999999999999e+01,
    2.2950000000000000e+02, 0., -2.1084700000000002e+01,
    2.2955000000000001e+02, 0., -2.1039719999999999e+01,
    2.2960000000000002e+02, 0., -2.0972000000000001e+01,
    2.2965000000000001e+02, 0., -2.0896780000000000e+01,
    2.2970000000000002e+02, 0., -2.0847980000000000e+01,
    2.2975000000000000e+02, 0., -2.0824179999999998e+01,
    2.3035000000000002e+02, 0., -6.6334999999999997e+00,
    2.3040000000000001e+02, 0., -6.5951800000000000e+00,
    2.3045000000000002e+02, 0., -6.5412299999999997e+00,
    2.3050000000000000e+02, 0., -6.4849300000000003e+00,
    2.3055000000000001e+02, 0., -6.4450900000000004e+00,
    2.3060000000000002e+02, 0., -6.3958100000000000e+00,
    2.3065000000000001e+02, 0., -6.3566900000000004e+00,
    2.3070000000000002e+02, 0., -6.3062800000000001e+00,
    2.3075000000000000e+02, 0., -6.2580099999999996e+00,
    2.3080000000000001e+02, 0., -6.2224899999999996e+00,
    2.3085000000000002e+02, 0., -6.1736100000000000e+00,
    2.3090000000000001e+02, 0., -6.1232199999999999e+00,
    2.3095000000000002e+02, 0., -6.0874600000000001e+00, 231., 0.,
    -6.0424400000000000e+00, 2.3105000000000001e+02, 0.,
    -6.0062800000000003e+00, 2.3110000000000002e+02, 0.,
    -5.9543299999999997e+00, 2.3115000000000001e+02, 0.,
    -5.9031000000000002e+00, 2.3120000000000002e+02, 0.,
    -5.8649399999999998e+00, 2.3125000000000000e+02, 0.,
    -5.8107400000000000e+00, 2.3130000000000001e+02, 0.,
    -5.7541900000000004e+00, 2.3135000000000002e+02, 0.,
    -5.7153900000000002e+00, 2.3140000000000001e+02, 0.,
    -5.6678699999999997e+00, 2.3145000000000002e+02, 0.,
    -5.6304299999999996e+00, 2.3150000000000000e+02, 0.,
    -5.5846600000000004e+00, 2.3155000000000001e+02, 0.,
    -5.5375699999999997e+00, 2.3160000000000002e+02, 0.,
    -5.4980500000000001e+00, 2.3165000000000001e+02, 0.,
    -5.4515200000000004e+00, 2.3170000000000002e+02, 0.,
    -5.4047700000000001e+00, 2.3175000000000000e+02, 0.,
    -5.3645699999999996e+00, 2.3180000000000001e+02, 0.,
    -5.3054100000000002e+00, 2.3185000000000002e+02, 0.,
    -5.2426599999999999e+00, 2.3190000000000001e+02, 0.,
    -5.1999399999999998e+00, 2.3195000000000002e+02, 0.,
    -5.1462500000000002e+00, 232., 0., -5.1029700000000000e+00,
    2.3205000000000001e+02, 0., -5.0611699999999997e+00,
    2.3210000000000002e+02, 0., -5.0225299999999997e+00,
    2.3215000000000001e+02, 0., -4.9918899999999997e+00,
    2.3220000000000002e+02, 0., -4.9405200000000002e+00,
    2.3225000000000000e+02, 0., -4.8842600000000003e+00,
    2.3230000000000001e+02, 0., -4.8512199999999996e+00,
    2.3235000000000002e+02, 0., -4.8044000000000002e+00,
    2.3240000000000001e+02, 0., -4.7603600000000004e+00,
    2.3245000000000002e+02, 0., -4.7045100000000000e+00,
    2.3250000000000000e+02, 0., -4.6468200000000000e+00,
    2.3255000000000001e+02, 0., -4.5987000000000000e+00,
    2.3260000000000002e+02, 0., -4.5368599999999999e+00,
    2.3265000000000001e+02, 0., -4.4745600000000003e+00,
    2.3270000000000002e+02, 0., -4.4266399999999999e+00,
    2.3275000000000000e+02, 0., -4.3769400000000003e+00,
    2.3280000000000001e+02, 0., -4.3426200000000001e+00,
    2.3285000000000002e+02, 0., -4.2978899999999998e+00,
    2.3290000000000001e+02, 0., -4.2464700000000004e+00,
    2.3295000000000002e+02, 0., -4.1978299999999997e+00, 233., 0.,
    -4.1472699999999998e+00, 2.3305000000000001e+02, 0.,
    -4.0975200000000003e+00, 2.3310000000000002e+02, 0.,
    -4.0521200000000004e+00, 2.3315000000000001e+02, 0.,
    -4.0018000000000002e+00, 2.3320000000000002e+02, 0.,
    -3.9548500000000000e+00, 2.3325000000000000e+02, 0.,
    -3.9141699999999999e+00, 2.3330000000000001e+02, 0.,
    -3.8717400000000000e+00, 2.3335000000000002e+02, 0.,
    -3.8423400000000001e+00, 2.3340000000000001e+02, 0.,
    -3.7998099999999999e+00, 2.3345000000000002e+02, 0.,
    -3.7499600000000002e+00, 2.3350000000000000e+02, 0.,
    -3.7030400000000001e+00, 2.3355000000000001e+02, 0.,
    -3.6502500000000002e+00, 2.3360000000000002e+02, 0.,
    -3.5966800000000001e+00, 2.3365000000000001e+02, 0.,
    -3.5466400000000000e+00, 2.3370000000000002e+02, 0.,
    -3.4917400000000001e+00, 2.3375000000000000e+02, 0.,
    -3.4409800000000001e+00, 2.3380000000000001e+02, 0.,
    -3.3972600000000002e+00, 2.3385000000000002e+02, 0.,
    -3.3441200000000002e+00, 2.3390000000000001e+02, 0.,
    -3.3035600000000001e+00, 2.3395000000000002e+02, 0.,
    -3.2583400000000000e+00, 234., 0., -3.2160299999999999e+00,
    2.3405000000000001e+02, 0., -3.1840299999999999e+00,
    2.3410000000000002e+02, 0., -3.1474299999999999e+00,
    2.3415000000000001e+02, 0., -3.1094800000000000e+00,
    2.3420000000000002e+02, 0., -3.0721599999999998e+00,
    2.3425000000000000e+02, 0., -3.0167199999999998e+00,
    2.3430000000000001e+02, 0., -2.9573900000000002e+00,
    2.3435000000000002e+02, 0., -2.9162699999999999e+00,
    2.3440000000000001e+02, 0., -2.8671600000000002e+00,
    2.3445000000000002e+02, 0., -2.8291200000000001e+00,
    2.3450000000000000e+02, 0., -2.7824300000000002e+00,
    2.3455000000000001e+02, 0., -2.7359900000000001e+00,
    2.3460000000000002e+02, 0., -2.6988699999999999e+00,
    2.3465000000000001e+02, 0., -2.6508900000000000e+00,
    2.3470000000000002e+02, 0., -2.6059999999999999e+00,
    2.3475000000000000e+02, 0., -2.5742799999999999e+00,
    2.3480000000000001e+02, 0., -2.5253500000000000e+00,
    2.3485000000000002e+02, 0., -2.4702600000000001e+00,
    2.3490000000000001e+02, 0., -2.4262600000000001e+00,
    2.3495000000000002e+02, 0., -2.3618700000000001e+00, 235., 0.,
    -2.2959200000000002e+00, 2.3505000000000001e+02, 0.,
    -2.2581199999999999e+00, 2.3510000000000002e+02, 0.,
    -2.2061299999999999e+00, 2.3515000000000001e+02, 0.,
    -2.1589700000000001e+00, 2.3520000000000002e+02, 0.,
    -2.1062599999999998e+00, 2.3525000000000000e+02, 0.,
    -2.0570900000000001e+00, 2.3530000000000001e+02, 0.,
    -2.0200900000000002e+00, 2.3535000000000002e+02, 0.,
    -1.9702500000000001e+00, 2.3540000000000001e+02, 0.,
    -1.9206300000000001e+00, 2.3545000000000002e+02, 0.,
