%YAML:1.0
---
profile: [ 2.0665000000000001e+02, 0., -1.9456430000000001e+01,
    2.0670000000000002e+02, 0., -1.9458110000000001e+01,
    2.0675000000000000e+02, 0., -1.9462340000000001e+01,
    2.0680000000000001e+02, 0., -1.9466860000000000e+01,
    2.0685000000000002e+02, 0., -1.9469719999999999e+01,
    2.0690000000000001e+02, 0., -1.9473299999999998e+01,
    2.0695000000000002e+02, 0., -1.9477820000000001e+01, 207., 0.,
    -1.9483339999999998e+01, 2.0705000000000001e+02, 0.,
    -1.9488479999999999e+01, 2.0710000000000002e+02, 0.,
    -1.9491479999999999e+01, 2.0715000000000001e+02, 0.,
    -1.9494630000000001e+01, 2.0720000000000002e+02, 0.,
    -1.9496350000000000e+01, 2.0725000000000000e+02, 0.,
    -1.9496800000000000e+01, 2.0730000000000001e+02, 0.,
    -1.9497219999999999e+01, 2.0735000000000002e+02, 0.,
    -1.9497940000000000e+01, 2.0740000000000001e+02, 0.,
    -1.9498930000000001e+01, 2.0745000000000002e+02, 0.,
    -1.9499389999999998e+01, 2.0750000000000000e+02, 0.,
    -1.9497869999999999e+01, 2.0755000000000001e+02, 0.,
    -1.9496659999999999e+01, 2.0760000000000002e+02, 0.,
    -1.9496620000000000e+01, 2.0765000000000001e+02, 0.,
    -1.9498010000000001e+01, 2.0770000000000002e+02, 0.,
    -1.9500340000000001e+01, 2.0775000000000000e+02, 0.,
    -1.9503660000000000e+01, 2.0780000000000001e+02, 0.,
    -1.9507560000000002e+01, 2.0785000000000002e+02, 0.,
    -1.9510480000000001e+01, 2.0790000000000001e+02, 0.,
    -1.9512020000000000e+01, 2.0795000000000002e+02, 0.,
    -1.9512190000000000e+01, 208., 0., -1.9511389999999999e+01,
    2.0805000000000001e+02, 0., -1.9512879999999999e+01,
    2.0810000000000002e+02, 0., -1.9516929999999999e+01,
    2.0815000000000001e+02, 0., -1.9522890000000000e+01,
    2.0820000000000002e+02, 0., -1.9533799999999999e+01,
    2.0825000000000000e+02, 0., -1.9544280000000001e+01,
    2.0830000000000001e+02, 0., -1.9560730000000000e+01,
    2.0835000000000002e+02, 0., -1.9575859999999999e+01,
    2.0840000000000001e+02, 0., -1.9585300000000000e+01,
    2.0845000000000002e+02, 0., -1.9589179999999999e+01,
    2.0850000000000000e+02, 0., -1.9590730000000001e+01,
    2.0855000000000001e+02, 0., -1.9590730000000001e+01,
    2.0860000000000002e+02, 0., -1.9590779999999999e+01,
    2.0865000000000001e+02, 0., -1.9590779999999999e+01,
    2.0870000000000002e+02, 0., -1.9595140000000001e+01,
    2.0875000000000000e+02, 0., -1.9604460000000000e+01,
    2.0880000000000001e+02, 0., -1.9616540000000001e+01,
    2.0885000000000002e+02, 0., -1.9631679999999999e+01,
    2.0890000000000001e+02, 0., -1.9646190000000001e+01,
    2.0895000000000002e+02, 0., -1.9655670000000001e+01, 209., 0.,
    -1.9661079999999998e+01, 2.0905000000000001e+02, 0.,
    -1.9660840000000000e+01, 2.0910000000000002e+02, 0.,
    -1.9656359999999999e+01, 2.0915000000000001e+02, 0.,
    -1.9650710000000000e+01, 2.0920000000000002e+02, 0.,
    -1.9646229999999999e+01, 2.0925000000000000e+02, 0.,
    -1.9641380000000002e+01, 2.0930000000000001e+02, 0.,
    -1.9638169999999999e+01, 2.0935000000000002e+02, 0.,
    -1.9639050000000001e+01, 2.0940000000000001e+02, 0.,
    -1.9642379999999999e+01, 2.0945000000000002e+02, 0.,
    -1.9646139999999999e+01, 2.0950000000000000e+02, 0.,
    -1.9654019999999999e+01, 2.0955000000000001e+02, 0.,
    -1.9663399999999999e+01, 2.0960000000000002e+02, 0.,
    -1.9671720000000001e+01, 2.0965000000000001e+02, 0.,
    -1.9683019999999999e+01, 2.0970000000000002e+02, 0.,
    -1.9694099999999999e+01, 2.0975000000000000e+02, 0.,
    -1.9700140000000001e+01, 2.0980000000000001e+02, 0.,
    -1.9707719999999998e+01, 2.0985000000000002e+02, 0.,
    -1.9713760000000001e+01, 2.0990000000000001e+02, 0.,
    -1.9719600000000000e+01, 2.0995000000000002e+02, 0.,
    -1.9724390000000000e+01, 210., 0., -1.9727390000000000e+01,
    2.1005000000000001e+02, 0., -1.9728259999999999e+01,
    2.1010000000000002e+02, 0., -1.9726070000000000e+01,
    2.1015000000000001e+02, 0., -1.9720790000000001e+01,
    2.1020000000000002e+02, 0., -1.9712949999999999e+01,
    2.1025000000000000e+02, 0., -1.9705190000000002e+01,
    2.1030000000000001e+02, 0., -1.9700250000000000e+01,
    2.1035000000000002e+02, 0., -1.9698340000000002e+01,
    2.1040000000000001e+02, 0., -1.9702620000000000e+01,
    2.1045000000000002e+02, 0., -1.9709320000000002e+01,
    2.1050000000000000e+02, 0., -1.9715319999999998e+01,
    2.1055000000000001e+02, 0., -1.9725460000000002e+01,
    2.1060000000000002e+02, 0., -1.9732790000000001e+01,
    2.1065000000000001e+02, 0., -1.9734510000000000e+01,
    2.1070000000000002e+02, 0., -1.9737990000000000e+01,
    2.1075000000000000e+02, 0., -1.9742339999999999e+01,
    2.1080000000000001e+02, 0., -1.9747620000000001e+01,
    2.1085000000000002e+02, 0., -1.9758040000000001e+01,
    2.1090000000000001e+02, 0., -1.9770720000000001e+01,
    2.1095000000000002e+02, 0., -1.9779760000000000e+01, 211., 0.,
    -1.9790450000000000e+01, 2.1105000000000001e+02, 0.,
    -1.9798210000000001e+01, 2.1110000000000002e+02, 0.,
    -1.9801670000000001e+01, 2.1115000000000001e+02, 0.,
    -1.9803460000000001e+01, 2.1120000000000002e+02, 0.,
    -1.9804300000000001e+01, 2.1125000000000000e+02, 0.,
    -1.9805869999999999e+01, 2.1130000000000001e+02, 0.,
    -1.9807390000000002e+01, 2.1135000000000002e+02, 0.,
    -1.9812120000000000e+01, 2.1140000000000001e+02, 0.,
    -1.9818840000000002e+01, 2.1145000000000002e+02, 0.,
    -1.9825759999999999e+01, 2.1150000000000000e+02, 0.,
    -1.9833580000000001e+01, 2.1155000000000001e+02, 0.,
    -1.9840920000000001e+01, 2.1160000000000002e+02, 0.,
    -1.9846119999999999e+01, 2.1165000000000001e+02, 0.,
    -1.9851040000000001e+01, 2.1170000000000002e+02, 0.,
    -1.9854040000000001e+01, 2.1175000000000000e+02, 0.,
    -1.9860869999999998e+01, 2.1180000000000001e+02, 0.,
    -1.9868440000000000e+01, 2.1185000000000002e+02, 0.,
    -1.9874479999999998e+01, 2.1190000000000001e+02, 0.,
    -1.9879020000000001e+01, 2.1195000000000002e+02, 0.,
    -1.9882459999999998e+01, 212., 0., -1.9884139999999999e+01,
    2.1205000000000001e+02, 0., -1.9885549999999999e+01,
    2.1210000000000002e+02, 0., -1.9886230000000001e+01,
    2.1215000000000001e+02, 0., -1.9888079999999999e+01,
    2.1220000000000002e+02, 0., -1.9890100000000000e+01,
    2.1225000000000000e+02, 0., -1.9891539999999999e+01,
    2.1230000000000001e+02, 0., -1.9894210000000001e+01,
    2.1235000000000002e+02, 0., -1.9897749999999998e+01,
    2.1240000000000001e+02, 0., -1.9901509999999998e+01,
    2.1245000000000002e+02, 0., -1.9906510000000001e+01,
    2.1250000000000000e+02, 0., -1.9910830000000001e+01,
    2.1255000000000001e+02, 0., -1.9917990000000000e+01,
    2.1260000000000002e+02, 0., -1.9924840000000000e+01,
    2.1265000000000001e+02, 0., -1.9929359999999999e+01,
    2.1270000000000002e+02, 0., -1.9933589999999999e+01,
    2.1275000000000000e+02, 0., -1.9937030000000000e+01,
    2.1280000000000001e+02, 0., -1.9940149999999999e+01,
    2.1285000000000002e+02, 0., -1.9943400000000000e+01,
    2.1290000000000001e+02, 0., -1.9945119999999999e+01,
    2.1295000000000002e+02, 0., -1.9948589999999999e+01, 213., 0.,
    -1.9952549999999999e+01, 2.1305000000000001e+02, 0.,
    -1.9955990000000000e+01, 2.1310000000000002e+02, 0.,
    -1.9961610000000000e+01, 2.1315000000000001e+02, 0.,
    -1.9968180000000000e+01, 2.1320000000000002e+02, 0.,
    -1.9973459999999999e+01, 2.1325000000000000e+02, 0.,
    -1.9981339999999999e+01, 2.1330000000000001e+02, 0.,
    -1.9989100000000001e+01, 2.1335000000000002e+02, 0.,
    -1.9997109999999999e+01, 2.1340000000000001e+02, 0.,
    -2.0004239999999999e+01, 2.1345000000000002e+02, 0.,
    -2.0008559999999999e+01, 2.1350000000000000e+02, 0.,
    -2.0013349999999999e+01, 2.1355000000000001e+02, 0.,
    -2.0016610000000000e+01, 2.1360000000000002e+02, 0.,
    -2.0015889999999999e+01, 2.1365000000000001e+02, 0.,
    -2.0015319999999999e+01, 2.1370000000000002e+02, 0.,
