%YAML:1.0
---
profile: [ 2.4475000000000000e+02, 0., -8.0412099999999995e+00,
    2.4480000000000001e+02, 0., -8.0025300000000001e+00,
    2.4485000000000002e+02, 0., -7.9500700000000002e+00,
    2.4490000000000001e+02, 0., -7.8952499999999999e+00,
    2.4495000000000002e+02, 0., -7.8527300000000002e+00, 245., 0.,
    -7.7976599999999996e+00, 2.4505000000000001e+02, 0.,
    -7.7413999999999996e+00, 2.4510000000000002e+02, 0.,
    -7.6965199999999996e+00, 2.4515000000000001e+02, 0.,
    -7.6397599999999999e+00, 2.4520000000000002e+02, 0.,
    -7.5940799999999999e+00, 2.4525000000000000e+02, 0.,
    -7.5329699999999997e+00, 2.4530000000000001e+02, 0.,
    -7.4748400000000004e+00, 2.4535000000000002e+02, 0.,
    -7.4331199999999997e+00, 2.4540000000000001e+02, 0.,
    -7.3858400000000000e+00, 2.4545000000000002e+02, 0.,
    -7.3377800000000004e+00, 2.4550000000000000e+02, 0.,
    -7.2969799999999996e+00, 2.4555000000000001e+02, 0.,
    -7.2403199999999996e+00, 2.4560000000000002e+02, 0.,
    -7.1835300000000002e+00, 2.4565000000000001e+02, 0.,
    -7.1396100000000002e+00, 2.4570000000000002e+02, 0.,
    -7.0929500000000001e+00, 2.4575000000000000e+02, 0.,
    -7.0484900000000001e+00, 2.4580000000000001e+02, 0.,
    -7.0134100000000004e+00, 2.4585000000000002e+02, 0.,
    -6.9683099999999998e+00, 2.4590000000000001e+02, 0.,
    -6.9210500000000001e+00, 2.4595000000000002e+02, 0.,
    -6.8787700000000003e+00, 246., 0., -6.8247299999999997e+00,
    2.4605000000000001e+02, 0., -6.7691100000000004e+00,
    2.4610000000000002e+02, 0., -6.7220700000000004e+00,
    2.4615000000000001e+02, 0., -6.6668900000000004e+00,
    2.4620000000000002e+02, 0., -6.6145100000000001e+00,
    2.4625000000000000e+02, 0., -6.5738700000000003e+00,
    2.4630000000000001e+02, 0., -6.5294900000000000e+00,
    2.4635000000000002e+02, 0., -6.4974900000000000e+00,
    2.4640000000000001e+02, 0., -6.4472800000000001e+00,
    2.4645000000000002e+02, 0., -6.3945299999999996e+00,
    2.4650000000000000e+02, 0., -6.3522900000000000e+00,
    2.4655000000000001e+02, 0., -6.3091600000000003e+00,
    2.4660000000000002e+02, 0., -6.2675999999999998e+00,
    2.4665000000000001e+02, 0., -6.2334399999999999e+00,
    2.4670000000000002e+02, 0., -6.1787700000000001e+00,
    2.4675000000000000e+02, 0., -6.1223500000000000e+00,
    2.4680000000000001e+02, 0., -6.0787500000000003e+00,
    2.4685000000000002e+02, 0., -6.0217099999999997e+00,
    2.4690000000000001e+02, 0., -5.9673400000000001e+00,
    2.4695000000000002e+02, 0., -5.9277400000000000e+00, 247., 0.,
    -5.8757099999999998e+00, 2.4705000000000001e+02, 0.,
    -5.8254200000000003e+00, 2.4710000000000002e+02, 0.,
    -5.7880200000000004e+00, 2.4715000000000001e+02, 0.,
    -5.7383800000000003e+00, 2.4720000000000002e+02, 0.,
    -5.6872499999999997e+00, 2.4725000000000000e+02, 0.,
    -5.6475700000000000e+00, 2.4730000000000001e+02, 0.,
    -5.5980499999999997e+00, 2.4735000000000002e+02, 0.,
    -5.5469700000000000e+00, 2.4740000000000001e+02, 0.,
    -5.5010500000000002e+00, 2.4745000000000002e+02, 0.,
    -5.4472100000000001e+00, 2.4750000000000000e+02, 0.,
    -5.3971999999999998e+00, 2.4755000000000001e+02, 0.,
    -5.3616400000000004e+00, 2.4760000000000002e+02, 0.,
    -5.3184199999999997e+00, 2.4765000000000001e+02, 0.,
    -5.2763600000000004e+00, 2.4770000000000002e+02, 0.,
    -5.2439999999999998e+00, 2.4775000000000000e+02, 0.,
    -5.2000000000000002e+00, 2.4780000000000001e+02, 0.,
    -5.1536299999999997e+00, 2.4785000000000002e+02, 0.,
    -5.1165900000000004e+00, 2.4790000000000001e+02, 0.,
    -5.0768199999999997e+00, 2.4795000000000002e+02, 0.,
    -5.0485400000000000e+00, 248., 0., -4.9965400000000004e+00,
    2.4805000000000001e+02, 0., -4.9364600000000003e+00,
    2.4810000000000002e+02, 0., -4.8837000000000002e+00,
    2.4815000000000001e+02, 0., -4.8083299999999998e+00,
    2.4820000000000002e+02, 0., -4.7439900000000002e+00,
    2.4825000000000000e+02, 0., -4.7085900000000001e+00,
    2.4830000000000001e+02, 0., -4.6635799999999996e+00,
    2.4835000000000002e+02, 0., -4.6191700000000004e+00,
    2.4840000000000001e+02, 0., -4.5846499999999999e+00,
    2.4845000000000002e+02, 0., -4.5390800000000002e+00,
    2.4850000000000000e+02, 0., -4.4874299999999998e+00,
    2.4855000000000001e+02, 0., -4.4395899999999999e+00,
    2.4860000000000002e+02, 0., -4.3836300000000001e+00,
    2.4865000000000001e+02, 0., -4.3322000000000003e+00,
    2.4870000000000002e+02, 0., -4.2953200000000002e+00,
    2.4875000000000000e+02, 0., -4.2469400000000004e+00,
    2.4880000000000001e+02, 0., -4.2007099999999999e+00,
    2.4885000000000002e+02, 0., -4.1670299999999996e+00,
    2.4890000000000001e+02, 0., -4.1225300000000002e+00,
    2.4895000000000002e+02, 0., -4.0790499999999996e+00, 249., 0.,
    -4.0461700000000000e+00, 2.4905000000000001e+02, 0.,
    -4.0027299999999997e+00, 2.4910000000000002e+02, 0.,
    -3.9527700000000001e+00, 2.4915000000000001e+02, 0.,
    -3.9057700000000000e+00, 2.4920000000000002e+02, 0.,
    -3.8494400000000000e+00, 2.4925000000000000e+02, 0.,
    -3.7940200000000002e+00, 2.4930000000000001e+02, 0.,
    -3.7501400000000000e+00, 2.4935000000000002e+02, 0.,
    -3.6938499999999999e+00, 2.4940000000000001e+02, 0.,
    -3.6348400000000001e+00, 2.4945000000000002e+02, 0.,
    -3.5848399999999998e+00, 2.4950000000000000e+02, 0.,
    -3.5269300000000001e+00, 2.4955000000000001e+02, 0.,
    -3.4768500000000002e+00, 2.4960000000000002e+02, 0.,
    -3.4448500000000002e+00, 2.4965000000000001e+02, 0.,
    -3.4070600000000000e+00, 2.4970000000000002e+02, 0.,
    -3.3683100000000001e+00, 2.4975000000000000e+02, 0.,
    -3.3355500000000000e+00, 2.4980000000000001e+02, 0.,
    -3.2813200000000000e+00, 2.4985000000000002e+02, 0.,
    -3.2155800000000001e+00, 2.4990000000000001e+02, 0.,
    -3.1531799999999999e+00, 2.4995000000000002e+02, 0.,
    -3.0916299999999999e+00, 250., 0., -3.0381100000000001e+00,
    2.5005000000000001e+02, 0., -2.9999500000000001e+00,
    2.5010000000000002e+02, 0., -2.9578099999999998e+00,
    2.5015000000000001e+02, 0., -2.9134699999999998e+00,
    2.5020000000000002e+02, 0., -2.8737900000000001e+00,
    2.5025000000000000e+02, 0., -2.8296999999999999e+00,
    2.5030000000000001e+02, 0., -2.7881200000000002e+00,
    2.5035000000000002e+02, 0., -2.7562799999999998e+00,
    2.5040000000000001e+02, 0., -2.7101999999999999e+00,
    2.5045000000000002e+02, 0., -2.6602700000000001e+00,
    2.5050000000000000e+02, 0., -2.6175899999999999e+00,
    2.5055000000000001e+02, 0., -2.5657399999999999e+00,
    2.5060000000000002e+02, 0., -2.5235900000000000e+00,
    2.5065000000000001e+02, 0., -2.5010699999999999e+00,
    2.5070000000000002e+02, 0., -2.4233099999999999e+00,
    2.5075000000000000e+02, 0., -2.3575400000000002e+00,
    2.5080000000000001e+02, 0., -2.3342999999999998e+00,
    2.5085000000000002e+02, 0., -2.2890100000000002e+00,
    2.5090000000000001e+02, 0., -2.2438699999999998e+00,
    2.5095000000000002e+02, 0., -2.2129099999999999e+00, 251., 0.,
    -2.1610900000000002e+00, 2.5105000000000001e+02, 0.,
    -2.1048200000000001e+00, 2.5110000000000002e+02, 0.,
    -2.0584199999999999e+00, 2.5115000000000001e+02, 0.,
    -2.0050599999999998e+00, 2.5120000000000002e+02, 0.,
    -1.9503299999999999e+00, 2.5125000000000000e+02, 0.,
    -1.8935700000000000e+00, 2.5130000000000001e+02, 0.,
    -1.8541700000000001e+00, 2.5135000000000002e+02, 0.,
    -1.8043800000000001e+00, 2.5140000000000001e+02, 0.,
    -1.7557700000000001e+00, 2.5145000000000002e+02, 0.,
    -1.7218100000000001e+00, 2.5150000000000000e+02, 0.,
    -1.6741999999999999e+00, 2.5155000000000001e+02, 0.,
    -1.6238999999999999e+00, 2.5160000000000002e+02, 0.,
    -1.5861400000000001e+00, 2.5165000000000001e+02, 0.,
    -1.5394699999999999e+00, 2.5170000000000002e+02, 0.,
    -1.4907300000000001e+00, 2.5175000000000000e+02, 0.,
    -1.4437700000000000e+00, 2.5180000000000001e+02, 0.,
