%YAML:1.0
---
profile: [ 4.1350000000000001e+01, 0., -1.9662510000000001e+01,
    4.1400000000000006e+01, 0., -1.9525390000000002e+01,
    4.1450000000000003e+01, 0., -1.9388269999999999e+01,
    4.1500000000000000e+01, 0., -1.9163730000000001e+01,
    4.1550000000000004e+01, 0., -1.8973569999999999e+01,
    4.1600000000000001e+01, 0., -1.8783410000000000e+01,
    4.1650000000000006e+01, 0., -1.8576270000000001e+01,
    4.1700000000000003e+01, 0., -1.8426990000000000e+01,
    4.1750000000000000e+01, 0., -1.8240500000000001e+01,
    4.1800000000000004e+01, 0., -1.8092060000000000e+01,
    4.1850000000000001e+01, 0., -1.7943619999999999e+01,
    4.1900000000000006e+01, 0., -1.7752839999999999e+01,
    4.1950000000000003e+01, 0., -1.7597560000000001e+01, 42., 0.,
    -1.7411580000000001e+01, 4.2050000000000004e+01, 0.,
    -1.7289180000000002e+01, 4.2100000000000001e+01, 0.,
    -1.7166779999999999e+01, 4.2150000000000006e+01, 0.,
    -1.7002939999999999e+01, 4.2200000000000003e+01, 0.,
    -1.6866180000000000e+01, 4.2250000000000000e+01, 0.,
    -1.6697980000000001e+01, 4.2300000000000004e+01, 0.,
    -1.6572379999999999e+01, 4.2350000000000001e+01, 0.,
    -1.6446780000000000e+01, 4.2400000000000006e+01, 0.,
    -1.6288270000000001e+01, 4.2450000000000003e+01, 0.,
    -1.6161190000000001e+01, 4.2500000000000000e+01, 0.,
    -1.6009560000000000e+01, 4.2550000000000004e+01, 0.,
    -1.5892160000000001e+01, 4.2600000000000001e+01, 0.,
    -1.5746499999999999e+01, 4.2650000000000006e+01, 0.,
    -1.5633540000000000e+01, 4.2700000000000003e+01, 0.,
    -1.5520580000000001e+01, 4.2750000000000000e+01, 0.,
    -1.5366390000000001e+01, 4.2800000000000004e+01, 0.,
    -1.5240470000000000e+01, 4.2850000000000001e+01, 0.,
    -1.5099930000000001e+01, 4.2900000000000006e+01, 0.,
    -1.4990890000000000e+01, 4.2950000000000003e+01, 0.,
    -1.4849780000000001e+01, 43., 0., -1.4734420000000000e+01,
    4.3050000000000004e+01, 0., -1.4589330000000000e+01,
    4.3100000000000001e+01, 0., -1.4472370000000000e+01,
    4.3150000000000006e+01, 0., -1.4328379999999999e+01,
    4.3200000000000003e+01, 0., -1.4220380000000000e+01,
    4.3250000000000000e+01, 0., -1.4112380000000000e+01,
    4.3300000000000004e+01, 0., -1.3990900000000000e+01,
    4.3350000000000001e+01, 0., -1.3896500000000000e+01,
    4.3400000000000006e+01, 0., -1.3773190000000000e+01,
    4.3450000000000003e+01, 0., -1.3671709999999999e+01,
    4.3500000000000000e+01, 0., -1.3541430000000000e+01,
    4.3550000000000004e+01, 0., -1.3435470000000000e+01,
    4.3600000000000001e+01, 0., -1.3305389999999999e+01,
    4.3650000000000006e+01, 0., -1.3202629999999999e+01,
    4.3700000000000003e+01, 0., -1.3075020000000000e+01,
    4.3750000000000000e+01, 0., -1.2973979999999999e+01,
    4.3800000000000004e+01, 0., -1.2856270000000000e+01,
    4.3850000000000001e+01, 0., -1.2772470000000000e+01,
    4.3900000000000006e+01, 0., -1.2664280000000000e+01,
    4.3950000000000003e+01, 0., -1.2566800000000001e+01, 44., 0.,
    -1.2444200000000000e+01, 4.4050000000000004e+01, 0.,
    -1.2343760000000000e+01, 4.4100000000000001e+01, 0.,
    -1.2217689999999999e+01, 4.4150000000000006e+01, 0.,
    -1.2115449999999999e+01, 4.4200000000000003e+01, 0.,
    -1.1992340000000000e+01, 4.4250000000000000e+01, 0.,
    -1.1909140000000001e+01, 4.4300000000000004e+01, 0.,
    -1.1825939999999999e+01, 4.4350000000000001e+01, 0.,
    -1.1730779999999999e+01, 4.4400000000000006e+01, 0.,
    -1.1632700000000000e+01, 4.4450000000000003e+01, 0.,
    -1.1537540000000000e+01, 4.4500000000000000e+01, 0.,
    -1.1442380000000000e+01, 4.4550000000000004e+01, 0.,
    -1.1330890000000000e+01, 4.4600000000000001e+01, 0.,
    -1.1243209999999999e+01, 4.4650000000000006e+01, 0.,
    -1.1142880000000000e+01, 4.4700000000000003e+01, 0.,
    -1.1043180000000000e+01, 4.4750000000000000e+01, 0.,
    -1.0958180000000000e+01, 4.4800000000000004e+01, 0.,
    -1.0852040000000001e+01, 4.4850000000000001e+01, 0.,
    -1.0767720000000001e+01, 4.4900000000000006e+01, 0.,
    -1.0663080000000001e+01, 4.4950000000000003e+01, 0.,
    -1.0582000000000001e+01, 45., 0., -1.0480470000000000e+01,
    4.5050000000000004e+01, 0., -1.0398790000000000e+01,
    4.5100000000000001e+01, 0., -1.0299239999999999e+01,
    4.5150000000000006e+01, 0., -1.0227800000000000e+01,
    4.5200000000000003e+01, 0., -1.0135890000000000e+01,
    4.5250000000000000e+01, 0., -1.0054130000000001e+01,
    4.5300000000000004e+01, 0., -9.9513900000000000e+00,
    4.5350000000000001e+01, 0., -9.8686299999999996e+00,
    4.5400000000000006e+01, 0., -9.7709100000000007e+00,
    4.5450000000000003e+01, 0., -9.6997099999999996e+00,
    4.5500000000000000e+01, 0., -9.6066400000000005e+00,
    4.5550000000000004e+01, 0., -9.5274400000000004e+00,
    4.5600000000000001e+01, 0., -9.4307999999999996e+00,
    4.5650000000000006e+01, 0., -9.3548399999999994e+00,
    4.5700000000000003e+01, 0., -9.2665799999999994e+00,
    4.5750000000000000e+01, 0., -9.1995400000000007e+00,
    4.5800000000000004e+01, 0., -9.1031499999999994e+00,
    4.5850000000000001e+01, 0., -9.0194299999999998e+00,
    4.5900000000000006e+01, 0., -8.9241299999999999e+00,
    4.5950000000000003e+01, 0., -8.8498099999999997e+00, 46., 0.,
    -8.7644900000000003e+00, 4.6050000000000004e+01, 0.,
    -8.6978100000000005e+00, 4.6100000000000001e+01, 0.,
    -8.6103500000000004e+00, 4.6150000000000006e+01, 0.,
    -8.5222899999999999e+00, 4.6200000000000003e+01, 0.,
    -8.4531299999999998e+00, 4.6250000000000000e+01, 0.,
    -8.3666400000000003e+00, 4.6300000000000004e+01, 0.,
    -8.2973199999999991e+00, 4.6350000000000001e+01, 0.,
    -8.2101400000000009e+00, 4.6400000000000006e+01, 0.,
    -8.1398200000000003e+00, 4.6450000000000003e+01, 0.,
    -8.0492200000000000e+00, 4.6500000000000000e+01, 0.,
    -7.9736200000000004e+00, 4.6550000000000004e+01, 0.,
    -7.8854600000000001e+00, 4.6600000000000001e+01, 0.,
    -7.8183400000000001e+00, 4.6650000000000006e+01, 0.,
    -7.7475500000000004e+00, 4.6700000000000003e+01, 0.,
    -7.6935500000000001e+00, 4.6750000000000000e+01, 0.,
    -7.6103399999999999e+00, 4.6800000000000004e+01, 0.,
    -7.5251299999999999e+00, 4.6850000000000001e+01, 0.,
    -7.4630900000000002e+00, 4.6900000000000006e+01, 0.,
    -7.3834299999999997e+00, 4.6950000000000003e+01, 0.,
    -7.3130300000000004e+00, 47., 0., -7.2260799999999996e+00,
    4.7050000000000004e+01, 0., -7.1578799999999996e+00,
    4.7100000000000001e+01, 0., -7.0807099999999998e+00,
    4.7150000000000006e+01, 0., -7.0233499999999998e+00,
    4.7200000000000003e+01, 0., -6.9415399999999998e+00,
    4.7250000000000000e+01, 0., -6.8707000000000003e+00,
    4.7300000000000004e+01, 0., -6.7892900000000003e+00,
    4.7350000000000001e+01, 0., -6.7096900000000002e+00,
    4.7400000000000006e+01, 0., -6.6461300000000003e+00,
    4.7450000000000003e+01, 0., -6.5732600000000003e+00,
    4.7500000000000000e+01, 0., -6.5229400000000002e+00,
    4.7550000000000004e+01, 0., -6.4503300000000001e+00,
    4.7600000000000001e+01, 0., -6.3806099999999999e+00,
    4.7650000000000006e+01, 0., -6.2976500000000000e+00,
    4.7700000000000003e+01, 0., -6.2335700000000003e+00,
    4.7750000000000000e+01, 0., -6.1568500000000004e+00,
    4.7800000000000004e+01, 0., -6.0830200000000003e+00,
    4.7850000000000001e+01, 0., -6.0304599999999997e+00,
    4.7900000000000006e+01, 0., -5.9629300000000001e+00,
    4.7950000000000003e+01, 0., -5.9031300000000000e+00, 48., 0.,
    -5.8307599999999997e+00, 4.8050000000000004e+01, 0.,
    -5.7757600000000000e+00, 4.8100000000000001e+01, 0.,
    -5.6987600000000000e+00, 4.8150000000000006e+01, 0.,
    -5.6327600000000002e+00, 4.8200000000000003e+01, 0.,
    -5.5585800000000001e+00, 4.8250000000000000e+01, 0.,
    -5.4868300000000003e+00, 4.8300000000000004e+01, 0.,
    -5.4305500000000002e+00, 4.8350000000000001e+01, 0.,
    -5.3595100000000002e+00, 4.8400000000000006e+01, 0.,
    -5.3019100000000003e+00, 4.8450000000000003e+01, 0.,
