%YAML:1.0
---
profile: [ 2.2250000000000000e+01, 0., -1.1885170000000000e+01,
    2.2300000000000001e+01, 0., -1.1836290000000000e+01,
    2.2350000000000001e+01, 0., -1.1683190000000000e+01,
    2.2400000000000002e+01, 0., -1.1542310000000001e+01,
    2.2450000000000003e+01, 0., -1.1401430000000000e+01,
    2.2500000000000000e+01, 0., -1.1233350000000000e+01,
    2.2550000000000001e+01, 0., -1.1100590000000000e+01,
    2.2600000000000001e+01, 0., -1.0967829999999999e+01,
    2.2650000000000002e+01, 0., -1.0834910000000001e+01,
    2.2700000000000003e+01, 0., -1.0746350000000000e+01,
    2.2750000000000000e+01, 0., -1.0629060000000001e+01,
    2.2800000000000001e+01, 0., -1.0514379999999999e+01,
    2.2850000000000001e+01, 0., -1.0399699999999999e+01,
    2.2900000000000002e+01, 0., -1.0255979999999999e+01,
    2.2950000000000003e+01, 0., -1.0140700000000001e+01, 23., 0.,
    -1.0025420000000000e+01, 2.3050000000000001e+01, 0.,
    -9.8819700000000008e+00, 2.3100000000000001e+01, 0.,
    -9.7681699999999996e+00, 2.3150000000000002e+01, 0.,
    -9.6543700000000001e+00, 2.3200000000000003e+01, 0.,
    -9.5167000000000002e+00, 2.3250000000000000e+01, 0.,
    -9.4075799999999994e+00, 2.3300000000000001e+01, 0.,
    -9.2711299999999994e+00, 2.3350000000000001e+01, 0.,
    -9.1620500000000007e+00, 2.3400000000000002e+01, 0.,
    -9.0529700000000002e+00, 2.3450000000000003e+01, 0.,
    -8.9173399999999994e+00, 2.3500000000000000e+01, 0.,
    -8.8098600000000005e+00, 2.3550000000000001e+01, 0.,
    -8.7023799999999998e+00, 2.3600000000000001e+01, 0.,
    -8.5806299999999993e+00, 2.3650000000000002e+01, 0.,
    -8.4858300000000000e+00, 2.3700000000000003e+01, 0.,
    -8.3666300000000007e+00, 2.3750000000000000e+01, 0.,
    -8.2704699999999995e+00, 2.3800000000000001e+01, 0.,
    -8.1743100000000002e+00, 2.3850000000000001e+01, 0.,
    -8.0539100000000001e+00, 2.3900000000000002e+01, 0.,
    -7.9575500000000003e+00, 2.3950000000000003e+01, 0.,
    -7.8361599999999996e+00, 24., 0., -7.7380800000000001e+00,
    2.4050000000000001e+01, 0., -7.6399999999999997e+00,
    2.4100000000000001e+01, 0., -7.5301499999999999e+00,
    2.4150000000000002e+01, 0., -7.4449100000000001e+00,
    2.4200000000000003e+01, 0., -7.3349399999999996e+00,
    2.4250000000000000e+01, 0., -7.2429800000000002e+00,
    2.4300000000000001e+01, 0., -7.1310799999999999e+00,
    2.4350000000000001e+01, 0., -7.0515600000000003e+00,
    2.4400000000000002e+01, 0., -6.9720399999999998e+00,
    2.4450000000000003e+01, 0., -6.8563700000000001e+00,
    2.4500000000000000e+01, 0., -6.7606500000000000e+00,
    2.4550000000000001e+01, 0., -6.6514600000000002e+00,
    2.4600000000000001e+01, 0., -6.5768199999999997e+00,
    2.4650000000000002e+01, 0., -6.4760400000000002e+00,
    2.4700000000000003e+01, 0., -6.3865600000000002e+00,
    2.4750000000000000e+01, 0., -6.2970800000000002e+00,
    2.4800000000000001e+01, 0., -6.1815800000000003e+00,
    2.4850000000000001e+01, 0., -6.0885400000000001e+00,
    2.4900000000000002e+01, 0., -5.9806100000000004e+00,
    2.4950000000000003e+01, 0., -5.9044900000000000e+00, 25., 0.,
    -5.8094299999999999e+00, 2.5050000000000001e+01, 0.,
    -5.7335099999999999e+00, 2.5100000000000001e+01, 0.,
    -5.6357699999999999e+00, 2.5150000000000002e+01, 0.,
    -5.5484900000000001e+00, 2.5200000000000003e+01, 0.,
    -5.4612100000000003e+00, 2.5250000000000000e+01, 0.,
    -5.3660600000000001e+00, 2.5300000000000001e+01, 0.,
    -5.2928199999999999e+00, 2.5350000000000001e+01, 0.,
    -5.2009200000000000e+00, 2.5400000000000002e+01, 0.,
    -5.1272799999999998e+00, 2.5450000000000003e+01, 0.,
    -5.0323799999999999e+00, 2.5500000000000000e+01, 0.,
    -4.9531400000000003e+00, 2.5550000000000001e+01, 0.,
    -4.8613900000000001e+00, 2.5600000000000001e+01, 0.,
    -4.7967899999999997e+00, 2.5650000000000002e+01, 0.,
    -4.7125800000000000e+00, 2.5700000000000003e+01, 0.,
    -4.6341400000000004e+00, 2.5750000000000000e+01, 0.,
    -4.5404799999999996e+00, 2.5800000000000001e+01, 0.,
    -4.4798799999999996e+00, 2.5850000000000001e+01, 0.,
    -4.4192799999999997e+00, 2.5900000000000002e+01, 0.,
    -4.3202400000000001e+00, 2.5950000000000003e+01, 0.,
    -4.2363999999999997e+00, 26., 0., -4.1499400000000000e+00,
    2.6050000000000001e+01, 0., -4.0845000000000002e+00,
    2.6100000000000001e+01, 0., -3.9926200000000001e+00,
    2.6150000000000002e+01, 0., -3.9138600000000001e+00,
    2.6200000000000003e+01, 0., -3.8300299999999998e+00,
    2.6250000000000000e+01, 0., -3.7708300000000001e+00,
    2.6300000000000001e+01, 0., -3.6914500000000001e+00,
    2.6350000000000001e+01, 0., -3.6251300000000000e+00,
    2.6400000000000002e+01, 0., -3.5360800000000001e+00,
    2.6450000000000003e+01, 0., -3.4575999999999998e+00,
    2.6500000000000000e+01, 0., -3.3695300000000001e+00,
    2.6550000000000001e+01, 0., -3.3112499999999998e+00,
    2.6600000000000001e+01, 0., -3.2350099999999999e+00,
    2.6650000000000002e+01, 0., -3.1700900000000001e+00,
    2.6700000000000003e+01, 0., -3.0888900000000001e+00,
    2.6750000000000000e+01, 0., -3.0240100000000001e+00,
    2.6800000000000001e+01, 0., -2.9428500000000000e+00,
    2.6850000000000001e+01, 0., -2.8779300000000001e+00,
    2.6900000000000002e+01, 0., -2.7969599999999999e+00,
    2.6950000000000003e+01, 0., -2.7328800000000002e+00, 27., 0.,
    -2.6534599999999999e+00, 2.7050000000000001e+01, 0.,
    -2.5908199999999999e+00, 2.7100000000000001e+01, 0.,
    -2.5135200000000002e+00, 2.7150000000000002e+01, 0.,
    -2.4548800000000002e+00, 2.7200000000000003e+01, 0.,
    -2.3809399999999998e+00, 2.7250000000000000e+01, 0.,
    -2.3199000000000001e+00, 2.7300000000000001e+01, 0.,
    -2.2418499999999999e+00, 2.7350000000000001e+01, 0.,
    -2.1739299999999999e+00, 2.7400000000000002e+01, 0.,
    -2.0930599999999999e+00, 2.7450000000000003e+01, 0.,
    -2.0333399999999999e+00, 2.7500000000000000e+01, 0.,
    -1.9562400000000000e+00, 2.7550000000000001e+01, 0.,
    -1.8917200000000001e+00, 2.7600000000000001e+01, 0.,
    -1.8137700000000001e+00, 2.7650000000000002e+01, 0.,
    -1.7547299999999999e+00, 2.7700000000000003e+01, 0.,
    -1.6845600000000001e+00, 2.7750000000000000e+01, 0.,
    -1.6328000000000000e+00, 2.7800000000000001e+01, 0.,
    -1.5663199999999999e+00, 2.7850000000000001e+01, 0.,
    -1.5109999999999999e+00, 2.7900000000000002e+01, 0.,
    -1.4394100000000001e+00, 2.7950000000000003e+01, 0.,
    -1.3792500000000001e+00, 28., 0., -1.3059200000000000e+00,
    2.8050000000000001e+01, 0., -1.2482800000000001e+00,
    2.8100000000000001e+01, 0., -1.1803200000000000e+00,
    2.8150000000000002e+01, 0., -1.1281600000000001e+00,
    2.8200000000000003e+01, 0., -1.0606400000000000e+00,
    2.8250000000000000e+01, 0., -1.0054799999999999e+00,
    2.8300000000000001e+01, 0., -9.3850999999999996e-01,
    2.8350000000000001e+01, 0., -8.8599000000000006e-01,
    2.8400000000000002e+01, 0., -8.1777000000000000e-01,
    2.8450000000000003e+01, 0., -7.6273000000000002e-01,
    2.8500000000000000e+01, 0., -6.9625999999999999e-01,
    2.8550000000000001e+01, 0., -6.4361999999999997e-01,
    2.8600000000000001e+01, 0., -5.8006000000000002e-01,
    2.8650000000000002e+01, 0., -5.1698000000000000e-01,
    2.8700000000000003e+01, 0., -4.6626000000000001e-01,
    2.8750000000000000e+01, 0., -4.0239999999999998e-01,
    2.8800000000000001e+01, 0., -3.5011999999999999e-01,
    2.8850000000000001e+01, 0., -2.8464000000000000e-01,
    2.8900000000000002e+01, 0., -2.3224000000000000e-01,
    2.8950000000000003e+01, 0., -1.6577000000000000e-01, 29., 0.,
    -1.1157000000000000e-01, 2.9050000000000001e+01, 0.,
    -4.7419999999999997e-02, 2.9100000000000001e+01, 0.,
    1.9000000000000000e-03, 2.9150000000000002e+01, 0.,
    6.8760000000000002e-02, 2.9200000000000003e+01, 0.,
    1.2492000000000000e-01, 2.9250000000000000e+01, 0.,
    1.8412000000000001e-01, 2.9300000000000001e+01, 0.,
    2.2924000000000000e-01, 2.9350000000000001e+01, 0.,
