%YAML:1.0
---
profile: [ 1.3200000000000001e+01, 0., -2.3313730000000000e+01,
    1.3250000000000000e+01, 0., -2.3302109999999999e+01,
    1.3300000000000001e+01, 0., -2.3294630000000002e+01,
    1.3350000000000001e+01, 0., -2.3282489999999999e+01,
    1.3400000000000000e+01, 0., -2.3269530000000000e+01,
    1.3450000000000001e+01, 0., -2.3246569999999998e+01,
    1.3500000000000000e+01, 0., -2.3226890000000001e+01,
    1.3550000000000001e+01, 0., -2.3150449999999999e+01,
    1.3600000000000001e+01, 0., -2.3079010000000000e+01,
    1.3650000000000000e+01, 0., -2.2989110000000000e+01,
    1.3700000000000001e+01, 0., -2.2916950000000000e+01,
    1.3750000000000000e+01, 0., -2.2823360000000001e+01,
    1.3800000000000001e+01, 0., -2.2737839999999998e+01,
    1.3850000000000001e+01, 0., -2.2652320000000000e+01,
    1.3900000000000000e+01, 0., -2.2540009999999999e+01,
    1.3950000000000001e+01, 0., -2.2447330000000001e+01, 14., 0.,
    -2.2333290000000002e+01, 1.4050000000000001e+01, 0.,
    -2.2248049999999999e+01, 1.4100000000000001e+01, 0.,
    -2.2162810000000000e+01, 1.4150000000000000e+01, 0.,
    -2.2055109999999999e+01, 1.4200000000000001e+01, 0.,
    -2.1967630000000000e+01, 1.4250000000000000e+01, 0.,
    -2.1880150000000000e+01, 1.4300000000000001e+01, 0.,
    -2.1777159999999999e+01, 1.4350000000000001e+01, 0.,
    -2.1696040000000000e+01, 1.4400000000000000e+01, 0.,
    -2.1599200000000000e+01, 1.4450000000000001e+01, 0.,
    -2.1536719999999999e+01, 1.4500000000000000e+01, 0.,
    -2.1451640000000001e+01, 1.4550000000000001e+01, 0.,
    -2.1361440000000002e+01, 1.4600000000000001e+01, 0.,
    -2.1271239999999999e+01, 1.4650000000000000e+01, 0.,
    -2.1159939999999999e+01, 1.4700000000000001e+01, 0.,
    -2.1072780000000002e+01, 1.4750000000000000e+01, 0.,
    -2.0985620000000001e+01, 1.4800000000000001e+01, 0.,
    -2.0881730000000001e+01, 1.4850000000000001e+01, 0.,
    -2.0799650000000000e+01, 1.4900000000000000e+01, 0.,
    -2.0711610000000000e+01, 1.4950000000000001e+01, 0.,
    -2.0658729999999998e+01, 15., 0., -2.0585670000000000e+01,
    1.5050000000000001e+01, 0., -2.0504989999999999e+01,
    1.5100000000000001e+01, 0., -2.0424309999999998e+01,
    1.5150000000000000e+01, 0., -2.0324780000000001e+01,
    1.5200000000000001e+01, 0., -2.0245940000000001e+01,
    1.5250000000000000e+01, 0., -2.0150720000000000e+01,
    1.5300000000000001e+01, 0., -2.0078679999999999e+01,
    1.5350000000000001e+01, 0., -1.9989300000000000e+01,
    1.5400000000000000e+01, 0., -1.9920059999999999e+01,
    1.5450000000000001e+01, 0., -1.9850819999999999e+01,
    1.5500000000000000e+01, 0., -1.9764019999999999e+01,
    1.5550000000000001e+01, 0., -1.9694579999999998e+01,
    1.5600000000000001e+01, 0., -1.9608689999999999e+01,
    1.5650000000000000e+01, 0., -1.9541129999999999e+01,
    1.5700000000000001e+01, 0., -1.9455269999999999e+01,
    1.5750000000000000e+01, 0., -1.9382310000000000e+01,
    1.5800000000000001e+01, 0., -1.9309349999999998e+01,
    1.5850000000000001e+01, 0., -1.9226920000000000e+01,
    1.5900000000000000e+01, 0., -1.9162800000000001e+01,
    1.5950000000000001e+01, 0., -1.9081280000000000e+01, 16., 0.,
    -1.9014440000000000e+01, 1.6050000000000001e+01, 0.,
    -1.8930969999999999e+01, 1.6100000000000001e+01, 0.,
    -1.8864770000000000e+01, 1.6150000000000002e+01, 0.,
    -1.8798570000000002e+01, 1.6199999999999999e+01, 0.,
    -1.8716480000000001e+01, 1.6250000000000000e+01, 0.,
    -1.8651000000000000e+01, 1.6300000000000001e+01, 0.,
    -1.8576940000000000e+01, 1.6350000000000001e+01, 0.,
    -1.8519300000000001e+01, 1.6400000000000002e+01, 0.,
    -1.8439540000000001e+01, 1.6449999999999999e+01, 0.,
    -1.8371700000000001e+01, 1.6500000000000000e+01, 0.,
    -1.8292030000000000e+01, 1.6550000000000001e+01, 0.,
    -1.8234470000000002e+01, 1.6600000000000001e+01, 0.,
    -1.8159730000000000e+01, 1.6650000000000002e+01, 0.,
    -1.8091130000000000e+01, 1.6699999999999999e+01, 0.,
    -1.8009209999999999e+01, 1.6750000000000000e+01, 0.,
    -1.7955929999999999e+01, 1.6800000000000001e+01, 0.,
    -1.7902650000000001e+01, 1.6850000000000001e+01, 0.,
    -1.7827480000000001e+01, 1.6900000000000002e+01, 0.,
    -1.7765640000000001e+01, 1.6949999999999999e+01, 0.,
    -1.7687930000000001e+01, 17., 0., -1.7625730000000001e+01,
    1.7050000000000001e+01, 0., -1.7551040000000000e+01,
    1.7100000000000001e+01, 0., -1.7493040000000001e+01,
    1.7150000000000002e+01, 0., -1.7418040000000001e+01,
    1.7199999999999999e+01, 0., -1.7355080000000001e+01,
    1.7250000000000000e+01, 0., -1.7280960000000000e+01,
    1.7300000000000001e+01, 0., -1.7227239999999998e+01,
    1.7350000000000001e+01, 0., -1.7158760000000001e+01,
    1.7400000000000002e+01, 0., -1.7099720000000001e+01,
    1.7449999999999999e+01, 0., -1.7040679999999998e+01,
    1.7500000000000000e+01, 0., -1.6962330000000001e+01,
    1.7550000000000001e+01, 0., -1.6898769999999999e+01,
    1.7600000000000001e+01, 0., -1.6827369999999998e+01,
    1.7650000000000002e+01, 0., -1.6771889999999999e+01,
    1.7699999999999999e+01, 0., -1.6710419999999999e+01,
    1.7750000000000000e+01, 0., -1.6662820000000000e+01,
    1.7800000000000001e+01, 0., -1.6598350000000000e+01,
    1.7850000000000001e+01, 0., -1.6544149999999998e+01,
    1.7900000000000002e+01, 0., -1.6471570000000000e+01,
    1.7949999999999999e+01, 0., -1.6410930000000000e+01, 18., 0.,
    -1.6344030000000000e+01, 1.8050000000000001e+01, 0.,
    -1.6295310000000001e+01, 1.8100000000000001e+01, 0.,
    -1.6232030000000002e+01, 1.8150000000000002e+01, 0.,
    -1.6178590000000000e+01, 1.8199999999999999e+01, 0.,
    -1.6112819999999999e+01, 1.8250000000000000e+01, 0.,
    -1.6061540000000001e+01, 1.8300000000000001e+01, 0.,
    -1.5996969999999999e+01, 1.8350000000000001e+01, 0.,
    -1.5944889999999999e+01, 1.8400000000000002e+01, 0.,
    -1.5881209999999999e+01, 1.8449999999999999e+01, 0.,
    -1.5831970000000000e+01, 1.8500000000000000e+01, 0.,
    -1.5766690000000001e+01, 1.8550000000000001e+01, 0.,
    -1.5710129999999999e+01, 1.8600000000000001e+01, 0.,
    -1.5641670000000000e+01, 1.8650000000000002e+01, 0.,
    -1.5589750000000000e+01, 1.8699999999999999e+01, 0.,
    -1.5526890000000000e+01, 1.8750000000000000e+01, 0.,
    -1.5479130000000000e+01, 1.8800000000000001e+01, 0.,
    -1.5419990000000000e+01, 1.8850000000000001e+01, 0.,
    -1.5374710000000000e+01, 1.8900000000000002e+01, 0.,
    -1.5315989999999999e+01, 1.8949999999999999e+01, 0.,
    -1.5262269999999999e+01, 19., 0., -1.5198370000000001e+01,
    1.9050000000000001e+01, 0., -1.5151210000000001e+01,
    1.9100000000000001e+01, 0., -1.5092440000000000e+01,
    1.9150000000000002e+01, 0., -1.5046040000000000e+01,
    1.9200000000000003e+01, 0., -1.4987320000000000e+01,
    1.9250000000000000e+01, 0., -1.4938359999999999e+01,
    1.9300000000000001e+01, 0., -1.4876360000000000e+01,
    1.9350000000000001e+01, 0., -1.4824280000000000e+01,
    1.9400000000000002e+01, 0., -1.4761030000000000e+01,
    1.9450000000000003e+01, 0., -1.4712790000000000e+01,
    1.9500000000000000e+01, 0., -1.4653779999999999e+01,
    1.9550000000000001e+01, 0., -1.4608219999999999e+01,
    1.9600000000000001e+01, 0., -1.4551190000000000e+01,
    1.9650000000000002e+01, 0., -1.4505590000000000e+01,
    1.9700000000000003e+01, 0., -1.4447630000000000e+01,
    1.9750000000000000e+01, 0., -1.4400190000000000e+01,
    1.9800000000000001e+01, 0., -1.4342409999999999e+01,
    1.9850000000000001e+01, 0., -1.4298170000000001e+01,
    1.9900000000000002e+01, 0., -1.4243520000000000e+01,
    1.9950000000000003e+01, 0., -1.4200720000000000e+01, 20., 0.,
    -1.4147440000000000e+01, 2.0050000000000001e+01, 0.,
    -1.4105200000000000e+01, 2.0100000000000001e+01, 0.,
    -1.4049480000000001e+01, 2.0150000000000002e+01, 0.,
    -1.4001440000000001e+01, 2.0200000000000003e+01, 0.,
    -1.3944410000000000e+01, 2.0250000000000000e+01, 0.,
    -1.3900449999999999e+01, 2.0300000000000001e+01, 0.,
