%YAML:1.0
---
profile: [ 4.4900000000000006e+01, 0., -2.2960239999999999e+01,
    4.4950000000000003e+01, 0., -2.2888839999999998e+01, 45., 0.,
    -2.2724740000000001e+01, 4.5050000000000004e+01, 0.,
    -2.2503699999999998e+01, 4.5100000000000001e+01, 0.,
    -2.2282660000000000e+01, 4.5150000000000006e+01, 0.,
    -2.2061620000000001e+01, 4.5200000000000003e+01, 0.,
    -2.1879100000000001e+01, 4.5250000000000000e+01, 0.,
    -2.1751940000000001e+01, 4.5300000000000004e+01, 0.,
    -2.1575040000000001e+01, 4.5350000000000001e+01, 0.,
    -2.1423999999999999e+01, 4.5400000000000006e+01, 0.,
    -2.1231240000000000e+01, 4.5450000000000003e+01, 0.,
    -2.1064440000000001e+01, 4.5500000000000000e+01, 0.,
    -2.0897639999999999e+01, 4.5550000000000004e+01, 0.,
    -2.0703410000000002e+01, 4.5600000000000001e+01, 0.,
    -2.0555730000000001e+01, 4.5650000000000006e+01, 0.,
    -2.0371030000000001e+01, 4.5700000000000003e+01, 0.,
    -2.0223230000000001e+01, 4.5750000000000000e+01, 0.,
    -2.0075430000000001e+01, 4.5800000000000004e+01, 0.,
    -1.9899770000000000e+01, 4.5850000000000001e+01, 0.,
    -1.9761130000000001e+01, 4.5900000000000006e+01, 0.,
    -1.9596180000000000e+01, 4.5950000000000003e+01, 0.,
    -1.9474340000000002e+01, 46., 0., -1.9324030000000000e+01,
    4.6050000000000004e+01, 0., -1.9210229999999999e+01,
    4.6100000000000001e+01, 0., -1.9096430000000002e+01,
    4.6150000000000006e+01, 0., -1.8944109999999998e+01,
    4.6200000000000003e+01, 0., -1.8820309999999999e+01,
    4.6250000000000000e+01, 0., -1.8657070000000001e+01,
    4.6300000000000004e+01, 0., -1.8522030000000001e+01,
    4.6350000000000001e+01, 0., -1.8360880000000002e+01,
    4.6400000000000006e+01, 0., -1.8241240000000001e+01,
    4.6450000000000003e+01, 0., -1.8099209999999999e+01,
    4.6500000000000000e+01, 0., -1.7994689999999999e+01,
    4.6550000000000004e+01, 0., -1.7867640000000002e+01,
    4.6600000000000001e+01, 0., -1.7777719999999999e+01,
    4.6650000000000006e+01, 0., -1.7660820000000001e+01,
    4.6700000000000003e+01, 0., -1.7553059999999999e+01,
    4.6750000000000000e+01, 0., -1.7445300000000000e+01,
    4.6800000000000004e+01, 0., -1.7314109999999999e+01,
    4.6850000000000001e+01, 0., -1.7209869999999999e+01,
    4.6900000000000006e+01, 0., -1.7060510000000001e+01,
    4.6950000000000003e+01, 0., -1.6937230000000000e+01, 47., 0.,
    -1.6793220000000002e+01, 4.7050000000000004e+01, 0.,
    -1.6680099999999999e+01, 4.7100000000000001e+01, 0.,
    -1.6547200000000000e+01, 4.7150000000000006e+01, 0.,
    -1.6445519999999998e+01, 4.7200000000000003e+01, 0.,
    -1.6331820000000000e+01, 4.7250000000000000e+01, 0.,
    -1.6256940000000000e+01, 4.7300000000000004e+01, 0.,
    -1.6138860000000001e+01, 4.7350000000000001e+01, 0.,
    -1.6031420000000001e+01, 4.7400000000000006e+01, 0.,
    -1.5909599999999999e+01, 4.7450000000000003e+01, 0.,
    -1.5818800000000000e+01, 4.7500000000000000e+01, 0.,
    -1.5715249999999999e+01, 4.7550000000000004e+01, 0.,
    -1.5637729999999999e+01, 4.7600000000000001e+01, 0.,
    -1.5530490000000000e+01, 4.7650000000000006e+01, 0.,
    -1.5439249999999999e+01, 4.7700000000000003e+01, 0.,
    -1.5320349999999999e+01, 4.7750000000000000e+01, 0.,
    -1.5222670000000001e+01, 4.7800000000000004e+01, 0.,
    -1.5114870000000000e+01, 4.7850000000000001e+01, 0.,
    -1.5036310000000000e+01, 4.7900000000000006e+01, 0.,
    -1.4924390000000001e+01, 4.7950000000000003e+01, 0.,
    -1.4827590000000001e+01, 48., 0., -1.4717440000000000e+01,
    4.8050000000000004e+01, 0., -1.4635160000000001e+01,
    4.8100000000000001e+01, 0., -1.4530820000000000e+01,
    4.8150000000000006e+01, 0., -1.4446660000000000e+01,
    4.8200000000000003e+01, 0., -1.4343940000000000e+01,
    4.8250000000000000e+01, 0., -1.4263140000000000e+01,
    4.8300000000000004e+01, 0., -1.4155720000000001e+01,
    4.8350000000000001e+01, 0., -1.4066400000000000e+01,
    4.8400000000000006e+01, 0., -1.3963500000000000e+01,
    4.8450000000000003e+01, 0., -1.3882940000000000e+01,
    4.8500000000000000e+01, 0., -1.3787440000000000e+01,
    4.8550000000000004e+01, 0., -1.3712160000000001e+01,
    4.8600000000000001e+01, 0., -1.3611549999999999e+01,
    4.8650000000000006e+01, 0., -1.3529830000000000e+01,
    4.8700000000000003e+01, 0., -1.3435750000000001e+01,
    4.8750000000000000e+01, 0., -1.3340730000000001e+01,
    4.8800000000000004e+01, 0., -1.3255250000000000e+01,
    4.8850000000000001e+01, 0., -1.3151389999999999e+01,
    4.8900000000000006e+01, 0., -1.3077909999999999e+01,
    4.8950000000000003e+01, 0., -1.2988239999999999e+01, 49., 0.,
    -1.2919119999999999e+01, 4.9050000000000004e+01, 0.,
    -1.2830270000000001e+01, 4.9100000000000001e+01, 0.,
    -1.2756270000000001e+01, 4.9150000000000006e+01, 0.,
    -1.2666520000000000e+01, 4.9200000000000003e+01, 0.,
    -1.2596280000000000e+01, 4.9250000000000000e+01, 0.,
    -1.2503560000000000e+01, 4.9300000000000004e+01, 0.,
    -1.2426800000000000e+01, 4.9350000000000001e+01, 0.,
    -1.2343299999999999e+01, 4.9400000000000006e+01, 0.,
    -1.2279019999999999e+01, 4.9450000000000003e+01, 0.,
    -1.2195639999999999e+01, 4.9500000000000000e+01, 0.,
    -1.2112299999999999e+01, 4.9550000000000004e+01, 0.,
    -1.2048060000000000e+01, 4.9600000000000001e+01, 0.,
    -1.1967730000000000e+01, 4.9650000000000006e+01, 0.,
    -1.1903570000000000e+01, 4.9700000000000003e+01, 0.,
    -1.1817580000000000e+01, 4.9750000000000000e+01, 0.,
    -1.1741860000000001e+01, 4.9800000000000004e+01, 0.,
    -1.1658300000000001e+01, 4.9850000000000001e+01, 0.,
    -1.1597460000000000e+01, 4.9900000000000006e+01, 0.,
    -1.1507040000000000e+01, 4.9950000000000003e+01, 0.,
    -1.1427120000000000e+01, 50., 0., -1.1338030000000000e+01,
    5.0050000000000004e+01, 0., -1.1254400000000000e+01,
    5.0100000000000001e+01, 0., -1.1196280000000000e+01,
    5.0150000000000006e+01, 0., -1.1122310000000001e+01,
    5.0200000000000003e+01, 0., -1.1059150000000001e+01,
    5.0250000000000000e+01, 0., -1.0982300000000000e+01,
    5.0300000000000004e+01, 0., -1.0923460000000000e+01,
    5.0350000000000001e+01, 0., -1.0851010000000000e+01,
    5.0400000000000006e+01, 0., -1.0793650000000000e+01,
    5.0450000000000003e+01, 0., -1.0722000000000000e+01,
    5.0500000000000000e+01, 0., -1.0664720000000001e+01,
    5.0550000000000004e+01, 0., -1.0585170000000000e+01,
    5.0600000000000001e+01, 0., -1.0501690000000000e+01,
    5.0650000000000006e+01, 0., -1.0428690000000000e+01,
    5.0700000000000003e+01, 0., -1.0343890000000000e+01,
    5.0750000000000000e+01, 0., -1.0283890000000000e+01,
    5.0800000000000004e+01, 0., -1.0208310000000001e+01,
    5.0850000000000001e+01, 0., -1.0147589999999999e+01,
    5.0900000000000006e+01, 0., -1.0082319999999999e+01,
    5.0950000000000003e+01, 0., -1.0032240000000000e+01, 51., 0.,
    -9.9548299999999994e+00, 5.1050000000000004e+01, 0.,
    -9.8739500000000007e+00, 5.1100000000000001e+01, 0.,
    -9.8098700000000001e+00, 5.1150000000000006e+01, 0.,
    -9.7361299999999993e+00, 5.1200000000000003e+01, 0.,
    -9.6848899999999993e+00, 5.1250000000000000e+01, 0.,
    -9.6219800000000006e+00, 5.1300000000000004e+01, 0.,
    -9.5722600000000000e+00, 5.1350000000000001e+01, 0.,
    -9.5056799999999999e+00, 5.1400000000000006e+01, 0.,
    -9.4375300000000006e+00, 5.1450000000000003e+01, 0.,
    -9.3814100000000007e+00, 5.1500000000000000e+01, 0.,
    -9.3083500000000008e+00, 5.1550000000000004e+01, 0.,
    -9.2464300000000001e+00, 5.1600000000000001e+01, 0.,
    -9.1716999999999995e+00, 5.1650000000000006e+01, 0.,
    -9.1133400000000009e+00, 5.1700000000000003e+01, 0.,
    -9.0477000000000007e+00, 5.1750000000000000e+01, 0.,
    -8.9836600000000004e+00, 5.1800000000000004e+01, 0.,
    -8.9317799999999998e+00, 5.1850000000000001e+01, 0.,
    -8.8683899999999998e+00, 5.1900000000000006e+01, 0.,
    -8.8195499999999996e+00, 5.1950000000000003e+01, 0.,
