%YAML:1.0
---
profile: [ 5.6300000000000004e+01, 0., -2.2711990000000000e+01,
    5.6350000000000001e+01, 0., -2.2562989999999999e+01,
    5.6400000000000006e+01, 0., -2.2343969999999999e+01,
    5.6450000000000003e+01, 0., -2.2063970000000001e+01,
    5.6500000000000000e+01, 0., -2.1783970000000000e+01,
    5.6550000000000004e+01, 0., -2.1512020000000000e+01,
    5.6600000000000001e+01, 0., -2.1388220000000000e+01,
    5.6650000000000006e+01, 0., -2.1219239999999999e+01,
    5.6700000000000003e+01, 0., -2.1067119999999999e+01,
    5.6750000000000000e+01, 0., -2.0874009999999998e+01,
    5.6800000000000004e+01, 0., -2.0716010000000001e+01,
    5.6850000000000001e+01, 0., -2.0512170000000001e+01,
    5.6900000000000006e+01, 0., -2.0328970000000002e+01,
    5.6950000000000003e+01, 0., -2.0145769999999999e+01, 57., 0.,
    -1.9942599999999999e+01, 5.7050000000000004e+01, 0.,
    -1.9785319999999999e+01, 5.7100000000000001e+01, 0.,
    -1.9586900000000000e+01, 5.7150000000000006e+01, 0.,
    -1.9427299999999999e+01, 5.7200000000000003e+01, 0.,
    -1.9240430000000000e+01, 5.7250000000000000e+01, 0.,
    -1.9097709999999999e+01, 5.7300000000000004e+01, 0.,
    -1.8919969999999999e+01, 5.7350000000000001e+01, 0.,
    -1.8778569999999998e+01, 5.7400000000000006e+01, 0.,
    -1.8613280000000000e+01, 5.7450000000000003e+01, 0.,
    -1.8494920000000000e+01, 5.7500000000000000e+01, 0.,
    -1.8340000000000000e+01, 5.7550000000000004e+01, 0.,
    -1.8207840000000001e+01, 5.7600000000000001e+01, 0.,
    -1.8036680000000000e+01, 5.7650000000000006e+01, 0.,
    -1.7892720000000001e+01, 5.7700000000000003e+01, 0.,
    -1.7722490000000001e+01, 5.7750000000000000e+01, 0.,
    -1.7598050000000001e+01, 5.7800000000000004e+01, 0.,
    -1.7435240000000000e+01, 5.7850000000000001e+01, 0.,
    -1.7296399999999998e+01, 5.7900000000000006e+01, 0.,
    -1.7139939999999999e+01, 5.7950000000000003e+01, 0.,
    -1.7035419999999998e+01, 58., 0., -1.6902159999999999e+01,
    5.8050000000000004e+01, 0., -1.6794200000000000e+01,
    5.8100000000000001e+01, 0., -1.6633600000000001e+01,
    5.8150000000000006e+01, 0., -1.6491440000000001e+01,
    5.8200000000000003e+01, 0., -1.6350020000000001e+01,
    5.8250000000000000e+01, 0., -1.6256340000000002e+01,
    5.8300000000000004e+01, 0., -1.6126040000000000e+01,
    5.8350000000000001e+01, 0., -1.6014840000000000e+01,
    5.8400000000000006e+01, 0., -1.5895510000000000e+01,
    5.8450000000000003e+01, 0., -1.5804029999999999e+01,
    5.8500000000000000e+01, 0., -1.5664120000000000e+01,
    5.8550000000000004e+01, 0., -1.5547120000000000e+01,
    5.8600000000000001e+01, 0., -1.5410810000000000e+01,
    5.8650000000000006e+01, 0., -1.5278810000000000e+01,
    5.8700000000000003e+01, 0., -1.5179169999999999e+01,
    5.8750000000000000e+01, 0., -1.5053950000000000e+01,
    5.8800000000000004e+01, 0., -1.4951670000000000e+01,
    5.8850000000000001e+01, 0., -1.4824260000000001e+01,
    5.8900000000000006e+01, 0., -1.4722899999999999e+01,
    5.8950000000000003e+01, 0., -1.4608200000000000e+01, 59., 0.,
    -1.4522840000000000e+01, 5.9050000000000004e+01, 0.,
    -1.4407090000000000e+01, 5.9100000000000001e+01, 0.,
    -1.4309730000000000e+01, 5.9150000000000006e+01, 0.,
    -1.4187860000000001e+01, 5.9200000000000003e+01, 0.,
    -1.4090339999999999e+01, 5.9250000000000000e+01, 0.,
    -1.3964380000000000e+01, 5.9300000000000004e+01, 0.,
    -1.3839270000000001e+01, 5.9350000000000001e+01, 0.,
    -1.3745070000000000e+01, 5.9400000000000006e+01, 0.,
    -1.3635479999999999e+01, 5.9450000000000003e+01, 0.,
    -1.3557639999999999e+01, 5.9500000000000000e+01, 0.,
    -1.3457280000000001e+01, 5.9550000000000004e+01, 0.,
    -1.3373400000000000e+01, 5.9600000000000001e+01, 0.,
    -1.3269110000000000e+01, 5.9650000000000006e+01, 0.,
    -1.3186030000000001e+01, 5.9700000000000003e+01, 0.,
    -1.3078640000000000e+01, 5.9750000000000000e+01, 0.,
    -1.2971840000000000e+01, 5.9800000000000004e+01, 0.,
    -1.2891200000000000e+01, 5.9850000000000001e+01, 0.,
    -1.2792280000000000e+01, 5.9900000000000006e+01, 0.,
    -1.2715520000000000e+01, 5.9950000000000003e+01, 0.,
    -1.2613360000000000e+01, 60., 0., -1.2524240000000001e+01,
    6.0050000000000004e+01, 0., -1.2419370000000001e+01,
    6.0100000000000001e+01, 0., -1.2339010000000000e+01,
    6.0150000000000006e+01, 0., -1.2240830000000001e+01,
    6.0200000000000003e+01, 0., -1.2141959999999999e+01,
    6.0250000000000000e+01, 0., -1.2058880000000000e+01,
    6.0300000000000004e+01, 0., -1.1953609999999999e+01,
    6.0350000000000001e+01, 0., -1.1867730000000000e+01,
    6.0400000000000006e+01, 0., -1.1776650000000000e+01,
    6.0450000000000003e+01, 0., -1.1712529999999999e+01,
    6.0500000000000000e+01, 0., -1.1625800000000000e+01,
    6.0550000000000004e+01, 0., -1.1532840000000000e+01,
    6.0600000000000001e+01, 0., -1.1443560000000000e+01,
    6.0650000000000006e+01, 0., -1.1336660000000000e+01,
    6.0700000000000003e+01, 0., -1.1256819999999999e+01,
    6.0750000000000000e+01, 0., -1.1164640000000000e+01,
    6.0800000000000004e+01, 0., -1.1095000000000001e+01,
    6.0850000000000001e+01, 0., -1.1007199999999999e+01,
    6.0900000000000006e+01, 0., -1.0919700000000001e+01,
    6.0950000000000003e+01, 0., -1.0852220000000001e+01, 61., 0.,
    -1.0766810000000000e+01, 6.1050000000000004e+01, 0.,
    -1.0697290000000001e+01, 6.1100000000000001e+01, 0.,
    -1.0609260000000001e+01, 6.1150000000000006e+01, 0.,
    -1.0538300000000000e+01, 6.1200000000000003e+01, 0.,
    -1.0446070000000001e+01, 6.1250000000000000e+01, 0.,
    -1.0353510000000000e+01, 6.1300000000000004e+01, 0.,
    -1.0281269999999999e+01, 6.1350000000000001e+01, 0.,
    -1.0195240000000000e+01, 6.1400000000000006e+01, 0.,
    -1.0131679999999999e+01, 6.1450000000000003e+01, 0.,
    -1.0052730000000000e+01, 6.1500000000000000e+01, 0.,
    -9.9898900000000008e+00, 6.1550000000000004e+01, 0.,
    -9.9099199999999996e+00, 6.1600000000000001e+01, 0.,
    -9.8301599999999993e+00, 6.1650000000000006e+01, 0.,
    -9.7681600000000000e+00, 6.1700000000000003e+01, 0.,
    -9.6888699999999996e+00, 6.1750000000000000e+01, 0.,
    -9.6233500000000003e+00, 6.1800000000000004e+01, 0.,
    -9.5344999999999995e+00, 6.1850000000000001e+01, 0.,
    -9.4430200000000006e+00, 6.1900000000000006e+01, 0.,
    -9.3763000000000005e+00, 6.1950000000000003e+01, 0.,
    -9.2952899999999996e+00, 62., 0., -9.2334899999999998e+00,
    6.2050000000000004e+01, 0., -9.1579700000000006e+00,
    6.2100000000000001e+01, 0., -9.0984900000000000e+00,
    6.2150000000000006e+01, 0., -9.0241299999999995e+00,
    6.2200000000000003e+01, 0., -8.9501399999999993e+00,
    6.2250000000000000e+01, 0., -8.8920600000000007e+00,
    6.2300000000000004e+01, 0., -8.8124699999999994e+00,
    6.2350000000000001e+01, 0., -8.7405500000000007e+00,
    6.2400000000000006e+01, 0., -8.6617800000000003e+00,
    6.2450000000000003e+01, 0., -8.5866399999999992e+00,
    6.2500000000000000e+01, 0., -8.5293600000000005e+00,
    6.2550000000000004e+01, 0., -8.4567700000000006e+00,
    6.2600000000000001e+01, 0., -8.3975299999999997e+00,
    6.2650000000000006e+01, 0., -8.3207100000000001e+00,
    6.2700000000000003e+01, 0., -8.2446099999999998e+00,
    6.2750000000000000e+01, 0., -8.1918100000000003e+00,
    6.2800000000000004e+01, 0., -8.1222200000000004e+00,
    6.2850000000000001e+01, 0., -8.0623000000000005e+00,
    6.2900000000000006e+01, 0., -7.9906699999999997e+00,
    6.2950000000000003e+01, 0., -7.9351099999999999e+00, 63., 0.,
    -7.8526800000000003e+00, 6.3050000000000004e+01, 0.,
    -7.7720000000000002e+00, 6.3100000000000001e+01, 0.,
    -7.7134400000000003e+00, 6.3150000000000006e+01, 0.,
    -7.6440599999999996e+00, 6.3200000000000003e+01, 0.,
    -7.5906599999999997e+00, 6.3250000000000000e+01, 0.,
    -7.5257899999999998e+00, 6.3300000000000004e+01, 0.,
    -7.4602199999999996e+00, 6.3350000000000001e+01, 0.,
    -7.4040600000000003e+00, 6.3400000000000006e+01, 0.,
