%YAML:1.0
---
profile: [ 5.7750000000000000e+01, 0., -2.3222690000000000e+01,
    5.7800000000000004e+01, 0., -2.3157730000000001e+01,
    5.7850000000000001e+01, 0., -2.2911740000000002e+01,
    5.7900000000000006e+01, 0., -2.2627099999999999e+01,
    5.7950000000000003e+01, 0., -2.2293189999999999e+01, 58., 0.,
    -2.2096109999999999e+01, 5.8050000000000004e+01, 0.,
    -2.1899030000000000e+01, 5.8100000000000001e+01, 0.,
    -2.1695200000000000e+01, 5.8150000000000006e+01, 0.,
    -2.1554880000000001e+01, 5.8200000000000003e+01, 0.,
    -2.1343810000000001e+01, 5.8250000000000000e+01, 0.,
    -2.1156009999999998e+01, 5.8300000000000004e+01, 0.,
    -2.0920500000000001e+01, 5.8350000000000001e+01, 0.,
    -2.0731339999999999e+01, 5.8400000000000006e+01, 0.,
    -2.0503579999999999e+01, 5.8450000000000003e+01, 0.,
    -2.0331939999999999e+01, 5.8500000000000000e+01, 0.,
    -2.0120500000000000e+01, 5.8550000000000004e+01, 0.,
    -1.9961379999999998e+01, 5.8600000000000001e+01, 0.,
    -1.9770140000000001e+01, 5.8650000000000006e+01, 0.,
    -1.9641819999999999e+01, 5.8700000000000003e+01, 0.,
    -1.9513500000000001e+01, 5.8750000000000000e+01, 0.,
    -1.9337700000000002e+01, 5.8800000000000004e+01, 0.,
    -1.9194019999999998e+01, 5.8850000000000001e+01, 0.,
    -1.9025189999999998e+01, 5.8900000000000006e+01, 0.,
    -1.8892350000000000e+01, 5.8950000000000003e+01, 0.,
    -1.8730969999999999e+01, 59., 0., -1.8567190000000000e+01,
    5.9050000000000004e+01, 0., -1.8424589999999998e+01,
    5.9100000000000001e+01, 0., -1.8243300000000001e+01,
    5.9150000000000006e+01, 0., -1.8088860000000000e+01,
    5.9200000000000003e+01, 0., -1.7934419999999999e+01,
    5.9250000000000000e+01, 0., -1.7783239999999999e+01,
    5.9300000000000004e+01, 0., -1.7670760000000001e+01,
    5.9350000000000001e+01, 0., -1.7537980000000001e+01,
    5.9400000000000006e+01, 0., -1.7403890000000001e+01,
    5.9450000000000003e+01, 0., -1.7285969999999999e+01,
    5.9500000000000000e+01, 0., -1.7136410000000001e+01,
    5.9550000000000004e+01, 0., -1.7010050000000000e+01,
    5.9600000000000001e+01, 0., -1.6851690000000001e+01,
    5.9650000000000006e+01, 0., -1.6723890000000001e+01,
    5.9700000000000003e+01, 0., -1.6564330000000002e+01,
    5.9750000000000000e+01, 0., -1.6436930000000000e+01,
    5.9800000000000004e+01, 0., -1.6301279999999998e+01,
    5.9850000000000001e+01, 0., -1.6221160000000001e+01,
    5.9900000000000006e+01, 0., -1.6102979999999999e+01,
    5.9950000000000003e+01, 0., -1.5998860000000001e+01, 60., 0.,
    -1.5875100000000000e+01, 6.0050000000000004e+01, 0.,
    -1.5779579999999999e+01, 6.0100000000000001e+01, 0.,
    -1.5649889999999999e+01, 6.0150000000000006e+01, 0.,
    -1.5544090000000001e+01, 6.0200000000000003e+01, 0.,
    -1.5416520000000000e+01, 6.0250000000000000e+01, 0.,
    -1.5288670000000000e+01, 6.0300000000000004e+01, 0.,
    -1.5181749999999999e+01, 6.0350000000000001e+01, 0.,
    -1.5055450000000000e+01, 6.0400000000000006e+01, 0.,
    -1.4963250000000000e+01, 6.0450000000000003e+01, 0.,
    -1.4840059999999999e+01, 6.0500000000000000e+01, 0.,
    -1.4732020000000000e+01, 6.0550000000000004e+01, 0.,
    -1.4614820000000000e+01, 6.0600000000000001e+01, 0.,
    -1.4530620000000001e+01, 6.0650000000000006e+01, 0.,
    -1.4413050000000000e+01, 6.0700000000000003e+01, 0.,
    -1.4312490000000000e+01, 6.0750000000000000e+01, 0.,
    -1.4196429999999999e+01, 6.0800000000000004e+01, 0.,
    -1.4083150000000000e+01, 6.0850000000000001e+01, 0.,
    -1.3993790000000001e+01, 6.0900000000000006e+01, 0.,
    -1.3885040000000000e+01, 6.0950000000000003e+01, 0.,
    -1.3801640000000001e+01, 61., 0., -1.3704079999999999e+01,
    6.1050000000000004e+01, 0., -1.3629600000000000e+01,
    6.1100000000000001e+01, 0., -1.3520810000000001e+01,
    6.1150000000000006e+01, 0., -1.3430650000000000e+01,
    6.1200000000000003e+01, 0., -1.3327199999999999e+01,
    6.1250000000000000e+01, 0., -1.3225040000000000e+01,
    6.1300000000000004e+01, 0., -1.3139920000000000e+01,
    6.1350000000000001e+01, 0., -1.3033910000000001e+01,
    6.1400000000000006e+01, 0., -1.2949630000000001e+01,
    6.1450000000000003e+01, 0., -1.2842090000000001e+01,
    6.1500000000000000e+01, 0., -1.2754970000000000e+01,
    6.1550000000000004e+01, 0., -1.2643910000000000e+01,
    6.1600000000000001e+01, 0., -1.2536720000000001e+01,
    6.1650000000000006e+01, 0., -1.2464960000000000e+01,
    6.1700000000000003e+01, 0., -1.2368029999999999e+01,
    6.1750000000000000e+01, 0., -1.2281829999999999e+01,
    6.1800000000000004e+01, 0., -1.2186579999999999e+01,
    6.1850000000000001e+01, 0., -1.2117100000000001e+01,
    6.1900000000000006e+01, 0., -1.2023460000000000e+01,
    6.1950000000000003e+01, 0., -1.1926880000000001e+01, 62., 0.,
    -1.1854640000000000e+01, 6.2050000000000004e+01, 0.,
    -1.1766900000000000e+01, 6.2100000000000001e+01, 0.,
    -1.1699820000000001e+01, 6.2150000000000006e+01, 0.,
    -1.1606790000000000e+01, 6.2200000000000003e+01, 0.,
    -1.1527550000000000e+01, 6.2250000000000000e+01, 0.,
    -1.1440799999999999e+01, 6.2300000000000004e+01, 0.,
    -1.1354320000000000e+01, 6.2350000000000001e+01, 0.,
    -1.1276000000000000e+01, 6.2400000000000006e+01, 0.,
    -1.1180619999999999e+01, 6.2450000000000003e+01, 0.,
    -1.1107419999999999e+01, 6.2500000000000000e+01, 0.,
    -1.1015950000000000e+01, 6.2550000000000004e+01, 0.,
    -1.0942790000000000e+01, 6.2600000000000001e+01, 0.,
    -1.0855639999999999e+01, 6.2650000000000006e+01, 0.,
    -1.0772250000000000e+01, 6.2700000000000003e+01, 0.,
    -1.0714290000000000e+01, 6.2750000000000000e+01, 0.,
    -1.0638840000000000e+01, 6.2800000000000004e+01, 0.,
    -1.0574999999999999e+01, 6.2850000000000001e+01, 0.,
    -1.0491960000000001e+01, 6.2900000000000006e+01, 0.,
    -1.0423800000000000e+01, 6.2950000000000003e+01, 0.,
    -1.0328880000000000e+01, 63., 0., -1.0238670000000001e+01,
    6.3050000000000004e+01, 0., -1.0175070000000000e+01,
    6.3100000000000001e+01, 0., -1.0096489999999999e+01,
    6.3150000000000006e+01, 0., -1.0034210000000000e+01,
    6.3200000000000003e+01, 0., -9.9520999999999997e+00,
    6.3250000000000000e+01, 0., -9.8697400000000002e+00,
    6.3300000000000004e+01, 0., -9.8062600000000000e+00,
    6.3350000000000001e+01, 0., -9.7230100000000004e+00,
    6.3400000000000006e+01, 0., -9.6517300000000006e+00,
    6.3450000000000003e+01, 0., -9.5666799999999999e+00,
    6.3500000000000000e+01, 0., -9.4864300000000004e+00,
    6.3550000000000004e+01, 0., -9.4287899999999993e+00,
    6.3600000000000001e+01, 0., -9.3592499999999994e+00,
    6.3650000000000006e+01, 0., -9.3067299999999999e+00,
    6.3700000000000003e+01, 0., -9.2336200000000002e+00,
    6.3750000000000000e+01, 0., -9.1711799999999997e+00,
    6.3800000000000004e+01, 0., -9.0921199999999995e+00,
    6.3850000000000001e+01, 0., -9.0151000000000003e+00,
    6.3900000000000006e+01, 0., -8.9562200000000001e+00,
    6.3950000000000003e+01, 0., -8.8820899999999998e+00, 64., 0.,
    -8.8225300000000004e+00, 6.4049999999999997e+01, 0.,
    -8.7487499999999994e+00, 6.4100000000000009e+01, 0.,
    -8.6732499999999995e+00, 6.4150000000000006e+01, 0.,
    -8.6069700000000005e+00, 6.4200000000000003e+01, 0.,
    -8.5297099999999997e+00, 6.4250000000000000e+01, 0.,
    -8.4709500000000002e+00, 6.4299999999999997e+01, 0.,
    -8.4025400000000001e+00, 6.4350000000000009e+01, 0.,
    -8.3335000000000008e+00, 6.4400000000000006e+01, 0.,
    -8.2721400000000003e+00, 6.4450000000000003e+01, 0.,
    -8.2043599999999994e+00, 6.4500000000000000e+01, 0.,
    -8.1549200000000006e+00, 6.4549999999999997e+01, 0.,
    -8.0874500000000005e+00, 6.4600000000000009e+01, 0.,
    -8.0166100000000000e+00, 6.4650000000000006e+01, 0.,
    -7.9537300000000002e+00, 6.4700000000000003e+01, 0.,
    -7.8820600000000001e+00, 6.4750000000000000e+01, 0.,
    -7.8284200000000004e+00, 6.4799999999999997e+01, 0.,
    -7.7613099999999999e+00, 6.4850000000000009e+01, 0.,
