%YAML:1.0
---
profile: [ 9.3350000000000009e+01, 0., -2.3431609999999999e+01,
    9.3400000000000006e+01, 0., -2.3425780000000000e+01,
    9.3450000000000003e+01, 0., -2.3421299999999999e+01,
    9.3500000000000000e+01, 0., -2.3452739999999999e+01,
    9.3550000000000011e+01, 0., -2.3497620000000001e+01,
    9.3600000000000009e+01, 0., -2.3457400000000000e+01,
    9.3650000000000006e+01, 0., -2.3409459999999999e+01,
    9.3700000000000003e+01, 0., -2.3390860000000000e+01,
    9.3750000000000000e+01, 0., -2.3328350000000000e+01,
    9.3800000000000011e+01, 0., -2.3226520000000001e+01,
    9.3850000000000009e+01, 0., -2.3102799999999998e+01,
    9.3900000000000006e+01, 0., -2.2928410000000000e+01,
    9.3950000000000003e+01, 0., -2.2750670000000000e+01, 94., 0.,
    -2.2620270000000001e+01, 9.4050000000000011e+01, 0.,
    -2.2422229999999999e+01, 9.4100000000000009e+01, 0.,
    -2.2228280000000002e+01, 9.4150000000000006e+01, 0.,
    -2.2088560000000001e+01, 9.4200000000000003e+01, 0.,
    -2.1907260000000001e+01, 9.4250000000000000e+01, 0.,
    -2.1720929999999999e+01, 9.4300000000000011e+01, 0.,
    -2.1534829999999999e+01, 9.4350000000000009e+01, 0.,
    -2.1393830000000001e+01, 9.4400000000000006e+01, 0.,
    -2.1216159999999999e+01, 9.4450000000000003e+01, 0.,
    -2.1053519999999999e+01, 9.4500000000000000e+01, 0.,
    -2.0942560000000000e+01, 9.4550000000000011e+01, 0.,
    -2.0801300000000001e+01, 9.4600000000000009e+01, 0.,
    -2.0657260000000001e+01, 9.4650000000000006e+01, 0.,
    -2.0539500000000000e+01, 9.4700000000000003e+01, 0.,
    -2.0389820000000000e+01, 9.4750000000000000e+01, 0.,
    -2.0231539999999999e+01, 9.4800000000000011e+01, 0.,
    -2.0068670000000001e+01, 9.4850000000000009e+01, 0.,
    -1.9961670000000002e+01, 9.4900000000000006e+01, 0.,
    -1.9832529999999998e+01, 9.4950000000000003e+01, 0.,
    -1.9705210000000001e+01, 95., 0., -1.9599290000000000e+01,
    9.5050000000000011e+01, 0., -1.9461729999999999e+01,
    9.5100000000000009e+01, 0., -1.9317879999999999e+01,
    9.5150000000000006e+01, 0., -1.9193600000000000e+01,
    9.5200000000000003e+01, 0., -1.9065619999999999e+01,
    9.5250000000000000e+01, 0., -1.8946709999999999e+01,
    9.5300000000000011e+01, 0., -1.8854270000000000e+01,
    9.5350000000000009e+01, 0., -1.8735330000000001e+01,
    9.5400000000000006e+01, 0., -1.8616040000000002e+01,
    9.5450000000000003e+01, 0., -1.8521200000000000e+01,
    9.5500000000000000e+01, 0., -1.8407170000000001e+01,
    9.5550000000000011e+01, 0., -1.8298549999999999e+01,
    9.5600000000000009e+01, 0., -1.8216790000000000e+01,
    9.5650000000000006e+01, 0., -1.8093060000000001e+01,
    9.5700000000000003e+01, 0., -1.7973189999999999e+01,
    9.5750000000000000e+01, 0., -1.7858840000000001e+01,
    9.5800000000000011e+01, 0., -1.7765440000000002e+01,
    9.5850000000000009e+01, 0., -1.7653970000000001e+01,
    9.5900000000000006e+01, 0., -1.7546659999999999e+01,
    9.5950000000000003e+01, 0., -1.7462859999999999e+01, 96., 0.,
    -1.7361329999999999e+01, 9.6050000000000011e+01, 0.,
    -1.7261970000000002e+01, 9.6100000000000009e+01, 0.,
    -1.7182530000000000e+01, 9.6150000000000006e+01, 0.,
    -1.7085880000000000e+01, 9.6200000000000003e+01, 0.,
    -1.6986370000000001e+01, 9.6250000000000000e+01, 0.,
    -1.6891770000000001e+01, 9.6300000000000011e+01, 0.,
    -1.6787160000000000e+01, 9.6350000000000009e+01, 0.,
    -1.6686820000000001e+01, 9.6400000000000006e+01, 0.,
    -1.6607659999999999e+01, 9.6450000000000003e+01, 0.,
    -1.6512300000000000e+01, 9.6500000000000000e+01, 0.,
    -1.6417400000000001e+01, 9.6550000000000011e+01, 0.,
    -1.6340959999999999e+01, 9.6600000000000009e+01, 0.,
    -1.6243739999999999e+01, 9.6650000000000006e+01, 0.,
    -1.6150010000000002e+01, 9.6700000000000003e+01, 0.,
    -1.6079689999999999e+01, 9.6750000000000000e+01, 0.,
    -1.5989179999999999e+01, 9.6800000000000011e+01, 0.,
    -1.5898529999999999e+01, 9.6850000000000009e+01, 0.,
    -1.5826570000000000e+01, 9.6900000000000006e+01, 0.,
    -1.5729640000000000e+01, 9.6950000000000003e+01, 0.,
    -1.5636910000000000e+01, 97., 0., -1.5547140000000001e+01,
    9.7050000000000011e+01, 0., -1.5472060000000001e+01,
    9.7100000000000009e+01, 0., -1.5383250000000000e+01,
    9.7150000000000006e+01, 0., -1.5298320000000000e+01,
    9.7200000000000003e+01, 0., -1.5231840000000000e+01,
    9.7250000000000000e+01, 0., -1.5146280000000001e+01,
    9.7300000000000011e+01, 0., -1.5059049999999999e+01,
    9.7350000000000009e+01, 0., -1.4989210000000000e+01,
    9.7400000000000006e+01, 0., -1.4901430000000000e+01,
    9.7450000000000003e+01, 0., -1.4815360000000000e+01,
    9.7500000000000000e+01, 0., -1.4753159999999999e+01,
    9.7550000000000011e+01, 0., -1.4664899999999999e+01,
    9.7600000000000009e+01, 0., -1.4577600000000000e+01,
    9.7650000000000006e+01, 0., -1.4517400000000000e+01,
    9.7700000000000003e+01, 0., -1.4439480000000000e+01,
    9.7750000000000000e+01, 0., -1.4358490000000000e+01,
    9.7800000000000011e+01, 0., -1.4290889999999999e+01,
    9.7850000000000009e+01, 0., -1.4211169999999999e+01,
    9.7900000000000006e+01, 0., -1.4135320000000000e+01,
    9.7950000000000003e+01, 0., -1.4077800000000000e+01, 98., 0.,
    -1.4007520000000000e+01, 9.8050000000000011e+01, 0.,
    -1.3937180000000000e+01, 9.8100000000000009e+01, 0.,
    -1.3880380000000001e+01, 9.8150000000000006e+01, 0.,
    -1.3802690000000000e+01, 9.8200000000000003e+01, 0.,
    -1.3724589999999999e+01, 9.8250000000000000e+01, 0.,
    -1.3663629999999999e+01, 9.8300000000000011e+01, 0.,
    -1.3578189999999999e+01, 9.8350000000000009e+01, 0.,
    -1.3500540000000001e+01, 9.8400000000000006e+01, 0.,
    -1.3429169999999999e+01, 9.8450000000000003e+01, 0.,
    -1.3370649999999999e+01, 9.8500000000000000e+01, 0.,
    -1.3298909999999999e+01, 9.8550000000000011e+01, 0.,
    -1.3228040000000000e+01, 9.8600000000000009e+01, 0.,
    -1.3171279999999999e+01, 9.8650000000000006e+01, 0.,
    -1.3103540000000001e+01, 9.8700000000000003e+01, 0.,
    -1.3037150000000000e+01, 9.8750000000000000e+01, 0.,
    -1.2981310000000001e+01, 9.8800000000000011e+01, 0.,
    -1.2912830000000000e+01, 9.8850000000000009e+01, 0.,
    -1.2845050000000001e+01, 9.8900000000000006e+01, 0.,
    -1.2790089999999999e+01, 9.8950000000000003e+01, 0.,
    -1.2721500000000001e+01, 99., 0., -1.2653190000000000e+01,
    9.9050000000000011e+01, 0., -1.2599150000000000e+01,
    9.9100000000000009e+01, 0., -1.2524910000000000e+01,
    9.9150000000000006e+01, 0., -1.2451129999999999e+01,
    9.9200000000000003e+01, 0., -1.2397970000000001e+01,
    9.9250000000000000e+01, 0., -1.2329960000000000e+01,
    9.9300000000000011e+01, 0., -1.2261160000000000e+01,
    9.9350000000000009e+01, 0., -1.2205600000000000e+01,
    9.9400000000000006e+01, 0., -1.2140400000000000e+01,
    9.9450000000000003e+01, 0., -1.2076219999999999e+01,
    9.9500000000000000e+01, 0., -1.2024900000000001e+01,
    9.9550000000000011e+01, 0., -1.1963250000000000e+01,
    9.9600000000000009e+01, 0., -1.1901820000000001e+01,
    9.9650000000000006e+01, 0., -1.1852180000000001e+01,
    9.9700000000000003e+01, 0., -1.1790200000000000e+01,
    9.9750000000000000e+01, 0., -1.1729030000000000e+01,
    9.9800000000000011e+01, 0., -1.1681070000000000e+01,
    9.9850000000000009e+01, 0., -1.1625310000000001e+01,
    9.9900000000000006e+01, 0., -1.1569340000000000e+01,
    9.9950000000000003e+01, 0., -1.1523059999999999e+01, 100., 0.,
    -1.1457599999999999e+01, 1.0005000000000001e+02, 0.,
    -1.1392880000000000e+01, 1.0010000000000001e+02, 0.,
    -1.1329960000000000e+01, 1.0015000000000001e+02, 0.,
    -1.1279719999999999e+01, 1.0020000000000000e+02, 0.,
    -1.1219320000000000e+01, 1.0025000000000000e+02, 0.,
    -1.1160410000000001e+01, 1.0030000000000001e+02, 0.,
    -1.1112690000000001e+01, 1.0035000000000001e+02, 0.,
    -1.1057900000000000e+01, 1.0040000000000001e+02, 0.,
    -1.1005440000000000e+01, 1.0045000000000000e+02, 0.,
