%YAML:1.0
---
profile: [ 4.5750000000000000e+01, 0., -2.1768480000000000e+01,
    4.5800000000000004e+01, 0., -2.1767759999999999e+01,
    4.5850000000000001e+01, 0., -2.1629980000000000e+01,
    4.5900000000000006e+01, 0., -2.1355540000000001e+01,
    4.5950000000000003e+01, 0., -2.1081099999999999e+01, 46., 0.,
    -2.0806660000000001e+01, 4.6050000000000004e+01, 0.,
    -2.0545909999999999e+01, 4.6100000000000001e+01, 0.,
    -2.0436190000000000e+01, 4.6150000000000006e+01, 0.,
    -2.0304220000000001e+01, 4.6200000000000003e+01, 0.,
    -2.0204979999999999e+01, 4.6250000000000000e+01, 0.,
    -2.0070160000000001e+01, 4.6300000000000004e+01, 0.,
    -1.9927879999999998e+01, 4.6350000000000001e+01, 0.,
    -1.9785599999999999e+01, 4.6400000000000006e+01, 0.,
    -1.9579540000000001e+01, 4.6450000000000003e+01, 0.,
    -1.9409140000000001e+01, 4.6500000000000000e+01, 0.,
    -1.9213139999999999e+01, 4.6550000000000004e+01, 0.,
    -1.9076899999999998e+01, 4.6600000000000001e+01, 0.,
    -1.8940660000000001e+01, 4.6650000000000006e+01, 0.,
    -1.8768409999999999e+01, 4.6700000000000003e+01, 0.,
    -1.8630289999999999e+01, 4.6750000000000000e+01, 0.,
    -1.8460989999999999e+01, 4.6800000000000004e+01, 0.,
    -1.8327390000000001e+01, 4.6850000000000001e+01, 0.,
    -1.8161059999999999e+01, 4.6900000000000006e+01, 0.,
    -1.8028939999999999e+01, 4.6950000000000003e+01, 0.,
    -1.7863679999999999e+01, 47., 0., -1.7731280000000002e+01,
    4.7050000000000004e+01, 0., -1.7598880000000001e+01,
    4.7100000000000001e+01, 0., -1.7451540000000001e+01,
    4.7150000000000006e+01, 0., -1.7337340000000001e+01,
    4.7200000000000003e+01, 0., -1.7187230000000000e+01,
    4.7250000000000000e+01, 0., -1.7063230000000001e+01,
    4.7300000000000004e+01, 0., -1.6920790000000000e+01,
    4.7350000000000001e+01, 0., -1.6813549999999999e+01,
    4.7400000000000006e+01, 0., -1.6678560000000001e+01,
    4.7450000000000003e+01, 0., -1.6569520000000001e+01,
    4.7500000000000000e+01, 0., -1.6433330000000002e+01,
    4.7550000000000004e+01, 0., -1.6324649999999998e+01,
    4.7600000000000001e+01, 0., -1.6191500000000001e+01,
    4.7650000000000006e+01, 0., -1.6093979999999998e+01,
    4.7700000000000003e+01, 0., -1.5966939999999999e+01,
    4.7750000000000000e+01, 0., -1.5849140000000000e+01,
    4.7800000000000004e+01, 0., -1.5706350000000000e+01,
    4.7850000000000001e+01, 0., -1.5606430000000000e+01,
    4.7900000000000006e+01, 0., -1.5506510000000000e+01,
    4.7950000000000003e+01, 0., -1.5360130000000000e+01, 48., 0.,
    -1.5238770000000001e+01, 4.8050000000000004e+01, 0.,
    -1.5131110000000000e+01, 4.8100000000000001e+01, 0.,
    -1.5053830000000000e+01, 4.8150000000000006e+01, 0.,
    -1.4933730000000001e+01, 4.8200000000000003e+01, 0.,
    -1.4832970000000000e+01, 4.8250000000000000e+01, 0.,
    -1.4709740000000000e+01, 4.8300000000000004e+01, 0.,
    -1.4611739999999999e+01, 4.8350000000000001e+01, 0.,
    -1.4488560000000000e+01, 4.8400000000000006e+01, 0.,
    -1.4389920000000000e+01, 4.8450000000000003e+01, 0.,
    -1.4275740000000001e+01, 4.8500000000000000e+01, 0.,
    -1.4189299999999999e+01, 4.8550000000000004e+01, 0.,
    -1.4085699999999999e+01, 4.8600000000000001e+01, 0.,
    -1.4003740000000001e+01, 4.8650000000000006e+01, 0.,
    -1.3898120000000000e+01, 4.8700000000000003e+01, 0.,
    -1.3813000000000001e+01, 4.8750000000000000e+01, 0.,
    -1.3697570000000001e+01, 4.8800000000000004e+01, 0.,
    -1.3603450000000000e+01, 4.8850000000000001e+01, 0.,
    -1.3493080000000001e+01, 4.8900000000000006e+01, 0.,
    -1.3384890000000000e+01, 4.8950000000000003e+01, 0.,
    -1.3299410000000000e+01, 49., 0., -1.3194500000000000e+01,
    4.9050000000000004e+01, 0., -1.3116899999999999e+01,
    4.9100000000000001e+01, 0., -1.3019560000000000e+01,
    4.9150000000000006e+01, 0., -1.2940759999999999e+01,
    4.9200000000000003e+01, 0., -1.2837080000000000e+01,
    4.9250000000000000e+01, 0., -1.2737640000000001e+01,
    4.9300000000000004e+01, 0., -1.2629540000000000e+01,
    4.9350000000000001e+01, 0., -1.2562580000000001e+01,
    4.9400000000000006e+01, 0., -1.2473990000000001e+01,
    4.9450000000000003e+01, 0., -1.2397390000000000e+01,
    4.9500000000000000e+01, 0., -1.2296900000000001e+01,
    4.9550000000000004e+01, 0., -1.2210820000000000e+01,
    4.9600000000000001e+01, 0., -1.2118130000000001e+01,
    4.9650000000000006e+01, 0., -1.2051970000000001e+01,
    4.9700000000000003e+01, 0., -1.1955530000000000e+01,
    4.9750000000000000e+01, 0., -1.1871050000000000e+01,
    4.9800000000000004e+01, 0., -1.1778750000000000e+01,
    4.9850000000000001e+01, 0., -1.1707590000000000e+01,
    4.9900000000000006e+01, 0., -1.1612610000000000e+01,
    4.9950000000000003e+01, 0., -1.1517379999999999e+01, 50., 0.,
    -1.1445060000000000e+01, 5.0050000000000004e+01, 0.,
    -1.1351850000000001e+01, 5.0100000000000001e+01, 0.,
    -1.1268409999999999e+01, 5.0150000000000006e+01, 0.,
    -1.1177780000000000e+01, 5.0200000000000003e+01, 0.,
    -1.1121779999999999e+01, 5.0250000000000000e+01, 0.,
    -1.1039180000000000e+01, 5.0300000000000004e+01, 0.,
    -1.0966419999999999e+01, 5.0350000000000001e+01, 0.,
    -1.0874029999999999e+01, 5.0400000000000006e+01, 0.,
    -1.0799429999999999e+01, 5.0450000000000003e+01, 0.,
    -1.0722799999999999e+01, 5.0500000000000000e+01, 0.,
    -1.0664880000000000e+01, 5.0550000000000004e+01, 0.,
    -1.0578690000000000e+01, 5.0600000000000001e+01, 0.,
    -1.0488070000000000e+01, 5.0650000000000006e+01, 0.,
    -1.0412190000000001e+01, 5.0700000000000003e+01, 0.,
    -1.0323169999999999e+01, 5.0750000000000000e+01, 0.,
    -1.0258970000000000e+01, 5.0800000000000004e+01, 0.,
    -1.0178340000000000e+01, 5.0850000000000001e+01, 0.,
    -1.0113420000000000e+01, 5.0900000000000006e+01, 0.,
    -1.0026870000000001e+01, 5.0950000000000003e+01, 0.,
    -9.9548299999999994e+00, 51., 0., -9.8719099999999997e+00,
    5.1050000000000004e+01, 0., -9.7937700000000003e+00,
    5.1100000000000001e+01, 0., -9.7406100000000002e+00,
    5.1150000000000006e+01, 0., -9.6714300000000009e+00,
    5.1200000000000003e+01, 0., -9.6074300000000008e+00,
    5.1250000000000000e+01, 0., -9.5277700000000003e+00,
    5.1300000000000004e+01, 0., -9.4644499999999994e+00,
    5.1350000000000001e+01, 0., -9.3852499999999992e+00,
    5.1400000000000006e+01, 0., -9.3219300000000000e+00,
    5.1450000000000003e+01, 0., -9.2478400000000001e+00,
    5.1500000000000000e+01, 0., -9.1725300000000001e+00,
    5.1550000000000004e+01, 0., -9.1042500000000004e+00,
    5.1600000000000001e+01, 0., -9.0235199999999995e+00,
    5.1650000000000006e+01, 0., -8.9645200000000003e+00,
    5.1700000000000003e+01, 0., -8.8972099999999994e+00,
    5.1750000000000000e+01, 0., -8.8468499999999999e+00,
    5.1800000000000004e+01, 0., -8.7789999999999999e+00,
    5.1850000000000001e+01, 0., -8.7222000000000008e+00,
    5.1900000000000006e+01, 0., -8.6498100000000004e+00,
    5.1950000000000003e+01, 0., -8.5767799999999994e+00, 52., 0.,
    -8.5174199999999995e+00, 5.2050000000000004e+01, 0.,
    -8.4427800000000008e+00, 5.2100000000000001e+01, 0.,
    -8.3826599999999996e+00, 5.2150000000000006e+01, 0.,
    -8.3101699999999994e+00, 5.2200000000000003e+01, 0.,
    -8.2536900000000006e+00, 5.2250000000000000e+01, 0.,
    -8.1817899999999995e+00, 5.2300000000000004e+01, 0.,
    -8.1095600000000001e+00, 5.2350000000000001e+01, 0.,
    -8.0518800000000006e+00, 5.2400000000000006e+01, 0.,
    -7.9811899999999998e+00, 5.2450000000000003e+01, 0.,
    -7.9263899999999996e+00, 5.2500000000000000e+01, 0.,
    -7.8621600000000003e+00, 5.2550000000000004e+01, 0.,
    -7.8130800000000002e+00, 5.2600000000000001e+01, 0.,
    -7.7417899999999999e+00, 5.2650000000000006e+01, 0.,
    -7.6702000000000004e+00, 5.2700000000000003e+01, 0.,
    -7.6196799999999998e+00, 5.2750000000000000e+01, 0.,
    -7.5543899999999997e+00, 5.2800000000000004e+01, 0.,
    -7.4996700000000001e+00, 5.2850000000000001e+01, 0.,
