%YAML:1.0
---
profile: [ 5.5750000000000000e+01, 0., -2.3387660000000000e+01,
    5.5800000000000004e+01, 0., -2.3385420000000000e+01,
    5.5850000000000001e+01, 0., -2.3371759999999998e+01,
    5.5900000000000006e+01, 0., -2.3347840000000001e+01,
    5.5950000000000003e+01, 0., -2.3258959999999998e+01, 56., 0.,
    -2.3156479999999998e+01, 5.6050000000000004e+01, 0.,
    -2.3010710000000000e+01, 5.6100000000000001e+01, 0.,
    -2.2884750000000000e+01, 5.6150000000000006e+01, 0.,
    -2.2703330000000001e+01, 5.6200000000000003e+01, 0.,
    -2.2545449999999999e+01, 5.6250000000000000e+01, 0.,
    -2.2376200000000001e+01, 5.6300000000000004e+01, 0.,
    -2.2255800000000001e+01, 5.6350000000000001e+01, 0.,
    -2.2098150000000000e+01, 5.6400000000000006e+01, 0.,
    -2.1963509999999999e+01, 5.6450000000000003e+01, 0.,
    -2.1790530000000000e+01, 5.6500000000000000e+01, 0.,
    -2.1646650000000001e+01, 5.6550000000000004e+01, 0.,
    -2.1470659999999999e+01, 5.6600000000000001e+01, 0.,
    -2.1334660000000000e+01, 5.6650000000000006e+01, 0.,
    -2.1177600000000002e+01, 5.6700000000000003e+01, 0.,
    -2.1067640000000001e+01, 5.6750000000000000e+01, 0.,
    -2.0915260000000000e+01, 5.6800000000000004e+01, 0.,
    -2.0775580000000001e+01, 5.6850000000000001e+01, 0.,
    -2.0630220000000001e+01, 5.6900000000000006e+01, 0.,
    -2.0549019999999999e+01, 5.6950000000000003e+01, 0.,
    -2.0427510000000002e+01, 57., 0., -2.0306429999999999e+01,
    5.7050000000000004e+01, 0., -2.0169640000000001e+01,
    5.7100000000000001e+01, 0., -2.0077760000000001e+01,
    5.7150000000000006e+01, 0., -1.9951910000000002e+01,
    5.7200000000000003e+01, 0., -1.9838030000000000e+01,
    5.7250000000000000e+01, 0., -1.9702760000000001e+01,
    5.7300000000000004e+01, 0., -1.9598320000000001e+01,
    5.7350000000000001e+01, 0., -1.9471869999999999e+01,
    5.7400000000000006e+01, 0., -1.9372949999999999e+01,
    5.7450000000000003e+01, 0., -1.9249810000000000e+01,
    5.7500000000000000e+01, 0., -1.9151570000000000e+01,
    5.7550000000000004e+01, 0., -1.9046479999999999e+01,
    5.7600000000000001e+01, 0., -1.8966000000000001e+01,
    5.7650000000000006e+01, 0., -1.8857659999999999e+01,
    5.7700000000000003e+01, 0., -1.8746030000000001e+01,
    5.7750000000000000e+01, 0., -1.8652349999999998e+01,
    5.7800000000000004e+01, 0., -1.8536090000000002e+01,
    5.7850000000000001e+01, 0., -1.8445889999999999e+01,
    5.7900000000000006e+01, 0., -1.8332030000000000e+01,
    5.7950000000000003e+01, 0., -1.8239670000000000e+01, 58., 0.,
    -1.8134960000000000e+01, 5.8050000000000004e+01, 0.,
    -1.8056960000000000e+01, 5.8100000000000001e+01, 0.,
    -1.7951049999999999e+01, 5.8150000000000006e+01, 0.,
    -1.7861889999999999e+01, 5.8200000000000003e+01, 0.,
    -1.7763750000000002e+01, 5.8250000000000000e+01, 0.,
    -1.7687909999999999e+01, 5.8300000000000004e+01, 0.,
    -1.7587450000000000e+01, 5.8350000000000001e+01, 0.,
    -1.7486339999999998e+01, 5.8400000000000006e+01, 0.,
    -1.7407940000000000e+01, 5.8450000000000003e+01, 0.,
    -1.7314450000000001e+01, 5.8500000000000000e+01, 0.,
    -1.7245130000000000e+01, 5.8550000000000004e+01, 0.,
    -1.7155310000000000e+01, 5.8600000000000001e+01, 0.,
    -1.7081790000000002e+01, 5.8650000000000006e+01, 0.,
    -1.6990330000000000e+01, 5.8700000000000003e+01, 0.,
    -1.6917410000000000e+01, 5.8750000000000000e+01, 0.,
    -1.6815120000000000e+01, 5.8800000000000004e+01, 0.,
    -1.6712689999999998e+01, 5.8850000000000001e+01, 0.,
    -1.6639130000000002e+01, 5.8900000000000006e+01, 0.,
    -1.6549820000000000e+01, 5.8950000000000003e+01, 0.,
    -1.6481539999999999e+01, 59., 0., -1.6400079999999999e+01,
    5.9050000000000004e+01, 0., -1.6337000000000000e+01,
    5.9100000000000001e+01, 0., -1.6252920000000000e+01,
    5.9150000000000006e+01, 0., -1.6167660000000001e+01,
    5.9200000000000003e+01, 0., -1.6099740000000001e+01,
    5.9250000000000000e+01, 0., -1.6014440000000000e+01,
    5.9300000000000004e+01, 0., -1.5944920000000000e+01,
    5.9350000000000001e+01, 0., -1.5860580000000001e+01,
    5.9400000000000006e+01, 0., -1.5796180000000000e+01,
    5.9450000000000003e+01, 0., -1.5716790000000000e+01,
    5.9500000000000000e+01, 0., -1.5653950000000000e+01,
    5.9550000000000004e+01, 0., -1.5580730000000001e+01,
    5.9600000000000001e+01, 0., -1.5508279999999999e+01,
    5.9650000000000006e+01, 0., -1.5448520000000000e+01,
    5.9700000000000003e+01, 0., -1.5370460000000000e+01,
    5.9750000000000000e+01, 0., -1.5304100000000000e+01,
    5.9800000000000004e+01, 0., -1.5222930000000000e+01,
    5.9850000000000001e+01, 0., -1.5158970000000000e+01,
    5.9900000000000006e+01, 0., -1.5084860000000001e+01,
    5.9950000000000003e+01, 0., -1.5013170000000001e+01, 60., 0.,
    -1.4958890000000000e+01, 6.0050000000000004e+01, 0.,
    -1.4889900000000001e+01, 6.0100000000000001e+01, 0.,
    -1.4833420000000000e+01, 6.0150000000000006e+01, 0.,
    -1.4762269999999999e+01, 6.0200000000000003e+01, 0.,
    -1.4705109999999999e+01, 6.0250000000000000e+01, 0.,
    -1.4636620000000001e+01, 6.0300000000000004e+01, 0.,
    -1.4565680000000000e+01, 6.0350000000000001e+01, 0.,
    -1.4498720000000000e+01, 6.0400000000000006e+01, 0.,
    -1.4424090000000000e+01, 6.0450000000000003e+01, 0.,
    -1.4369249999999999e+01, 6.0500000000000000e+01, 0.,
    -1.4302790000000000e+01, 6.0550000000000004e+01, 0.,
    -1.4236520000000001e+01, 6.0600000000000001e+01, 0.,
    -1.4182320000000001e+01, 6.0650000000000006e+01, 0.,
    -1.4116820000000001e+01, 6.0700000000000003e+01, 0.,
    -1.4067140000000000e+01, 6.0750000000000000e+01, 0.,
    -1.4002150000000000e+01, 6.0800000000000004e+01, 0.,
    -1.3948710000000000e+01, 6.0850000000000001e+01, 0.,
    -1.3887840000000001e+01, 6.0900000000000006e+01, 0.,
    -1.3826580000000000e+01, 6.0950000000000003e+01, 0.,
    -1.3771459999999999e+01, 61., 0., -1.3707190000000001e+01,
    6.1050000000000004e+01, 0., -1.3658310000000000e+01,
    6.1100000000000001e+01, 0., -1.3594260000000000e+01,
    6.1150000000000006e+01, 0., -1.3531150000000000e+01,
    6.1200000000000003e+01, 0., -1.3485989999999999e+01,
    6.1250000000000000e+01, 0., -1.3428419999999999e+01,
    6.1300000000000004e+01, 0., -1.3381100000000000e+01,
    6.1350000000000001e+01, 0., -1.3323050000000000e+01,
    6.1400000000000006e+01, 0., -1.3277210000000000e+01,
    6.1450000000000003e+01, 0., -1.3210100000000001e+01,
    6.1500000000000000e+01, 0., -1.3145799999999999e+01,
    6.1550000000000004e+01, 0., -1.3100759999999999e+01,
    6.1600000000000001e+01, 0., -1.3043320000000000e+01,
    6.1650000000000006e+01, 0., -1.2996840000000001e+01,
    6.1700000000000003e+01, 0., -1.2939430000000000e+01,
    6.1750000000000000e+01, 0., -1.2879970000000000e+01,
    6.1800000000000004e+01, 0., -1.2825210000000000e+01,
    6.1850000000000001e+01, 0., -1.2763540000000001e+01,
    6.1900000000000006e+01, 0., -1.2717820000000000e+01,
    6.1950000000000003e+01, 0., -1.2662129999999999e+01, 62., 0.,
    -1.2607749999999999e+01, 6.2050000000000004e+01, 0.,
    -1.2567190000000000e+01, 6.2100000000000001e+01, 0.,
    -1.2512710000000000e+01, 6.2150000000000006e+01, 0.,
    -1.2464710000000000e+01, 6.2200000000000003e+01, 0.,
    -1.2414330000000000e+01, 6.2250000000000000e+01, 0.,
    -1.2365290000000000e+01, 6.2300000000000004e+01, 0.,
    -1.2322609999999999e+01, 6.2350000000000001e+01, 0.,
    -1.2267880000000000e+01, 6.2400000000000006e+01, 0.,
    -1.2222440000000001e+01, 6.2450000000000003e+01, 0.,
    -1.2171329999999999e+01, 6.2500000000000000e+01, 0.,
    -1.2121810000000000e+01, 6.2550000000000004e+01, 0.,
    -1.2082890000000001e+01, 6.2600000000000001e+01, 0.,
    -1.2030989999999999e+01, 6.2650000000000006e+01, 0.,
    -1.1985630000000000e+01, 6.2700000000000003e+01, 0.,
    -1.1933240000000000e+01, 6.2750000000000000e+01, 0.,
    -1.1882680000000001e+01, 6.2800000000000004e+01, 0.,
    -1.1844480000000001e+01, 6.2850000000000001e+01, 0.,
