%YAML:1.0
---
profile: [ 4.6050000000000004e+01, 0., -7.3763199999999998e+00,
    4.6100000000000001e+01, 0., -7.1397199999999996e+00,
    4.6150000000000006e+01, 0., -6.9031200000000004e+00,
    4.6200000000000003e+01, 0., -6.6675899999999997e+00,
    4.6250000000000000e+01, 0., -6.5114299999999998e+00,
    4.6300000000000004e+01, 0., -6.3272899999999996e+00,
    4.6350000000000001e+01, 0., -6.2156099999999999e+00,
    4.6400000000000006e+01, 0., -6.1039300000000001e+00,
    4.6450000000000003e+01, 0., -5.9068899999999998e+00,
    4.6500000000000000e+01, 0., -5.7377700000000003e+00,
    4.6550000000000004e+01, 0., -5.5512100000000002e+00,
    4.6600000000000001e+01, 0., -5.4153300000000000e+00,
    4.6650000000000006e+01, 0., -5.2440600000000002e+00,
    4.6700000000000003e+01, 0., -5.1028599999999997e+00,
    4.6750000000000000e+01, 0., -4.9285399999999999e+00,
    4.6800000000000004e+01, 0., -4.7961400000000003e+00,
    4.6850000000000001e+01, 0., -4.6637399999999998e+00,
    4.6900000000000006e+01, 0., -4.4885999999999999e+00,
    4.6950000000000003e+01, 0., -4.3433599999999997e+00, 47., 0.,
    -4.1649599999999998e+00, 4.7050000000000004e+01, 0.,
    -4.0261600000000000e+00, 4.7100000000000001e+01, 0.,
    -3.8559999999999999e+00, 4.7150000000000006e+01, 0.,
    -3.7307199999999998e+00, 4.7200000000000003e+01, 0.,
    -3.6054400000000002e+00, 4.7250000000000000e+01, 0.,
    -3.4357500000000001e+00, 4.7300000000000004e+01, 0.,
    -3.2973900000000000e+00, 4.7350000000000001e+01, 0.,
    -3.1500800000000000e+00, 4.7400000000000006e+01, 0.,
    -3.0373600000000001e+00, 4.7450000000000003e+01, 0.,
    -2.8984800000000002e+00, 4.7500000000000000e+01, 0.,
    -2.7885599999999999e+00, 4.7550000000000004e+01, 0.,
    -2.6484700000000001e+00, 4.7600000000000001e+01, 0.,
    -2.5350299999999999e+00, 4.7650000000000006e+01, 0.,
    -2.3973000000000000e+00, 4.7700000000000003e+01, 0.,
    -2.2893400000000002e+00, 4.7750000000000000e+01, 0.,
    -2.1526600000000000e+00, 4.7800000000000004e+01, 0.,
    -2.0413000000000001e+00, 4.7850000000000001e+01, 0.,
    -1.9039999999999999e+00, 4.7900000000000006e+01, 0.,
    -1.7964800000000001e+00, 4.7950000000000003e+01, 0.,
    -1.6588200000000000e+00, 48., 0., -1.5448200000000001e+00,
    4.8050000000000004e+01, 0., -1.4008900000000000e+00,
    4.8100000000000001e+01, 0., -1.2841300000000000e+00,
    4.8150000000000006e+01, 0., -1.1490300000000000e+00,
    4.8200000000000003e+01, 0., -1.0540700000000001e+00,
    4.8250000000000000e+01, 0., -9.3874999999999997e-01,
    4.8300000000000004e+01, 0., -8.5055000000000003e-01,
    4.8350000000000001e+01, 0., -7.3416000000000003e-01,
    4.8400000000000006e+01, 0., -6.3371999999999995e-01,
    4.8450000000000003e+01, 0., -5.0848000000000004e-01,
    4.8500000000000000e+01, 0., -4.0851999999999999e-01,
    4.8550000000000004e+01, 0., -2.8591000000000000e-01,
    4.8600000000000001e+01, 0., -1.8906999999999999e-01,
    4.8650000000000006e+01, 0., -7.5280000000000000e-02,
    4.8700000000000003e+01, 0., 1.1880000000000000e-02,
    4.8750000000000000e+01, 0., 1.1141000000000000e-01,
    4.8800000000000004e+01, 0., 1.8593000000000001e-01,
    4.8850000000000001e+01, 0., 3.0292999999999998e-01,
    4.8900000000000006e+01, 0., 4.0128999999999998e-01,
    4.8950000000000003e+01, 0., 5.0739999999999996e-01, 49., 0.,
    5.8892000000000000e-01, 4.9050000000000004e+01, 0.,
    6.9486000000000003e-01, 4.9100000000000001e+01, 0.,
    8.0178000000000005e-01, 4.9150000000000006e+01, 0.,
    8.8722000000000001e-01, 4.9200000000000003e+01, 0.,
    9.9187999999999998e-01, 4.9250000000000000e+01, 0.,
    1.0730400000000000e+00, 4.9300000000000004e+01, 0.,
    1.1785699999999999e+00, 4.9350000000000001e+01, 0.,
    1.2677700000000001e+00, 4.9400000000000006e+01, 0.,
    1.3699900000000000e+00, 4.9450000000000003e+01, 0.,
    1.4467900000000000e+00, 4.9500000000000000e+01, 0.,
    1.5479200000000000e+00, 4.9550000000000004e+01, 0.,
    1.6315200000000001e+00, 4.9600000000000001e+01, 0.,
    1.7306800000000000e+00, 4.9650000000000006e+01, 0.,
    1.8256699999999999e+00, 4.9700000000000003e+01, 0.,
    1.8927499999999999e+00, 4.9750000000000000e+01, 0.,
    1.9821800000000001e+00, 4.9800000000000004e+01, 0.,
    2.0714999999999999e+00, 4.9850000000000001e+01, 0.,
    2.1804899999999998e+00, 4.9900000000000006e+01, 0.,
    2.2644500000000001e+00, 4.9950000000000003e+01, 0.,
    2.3588100000000001e+00, 50., 0., 2.4286500000000002e+00,
    5.0050000000000004e+01, 0., 2.5220199999999999e+00,
    5.0100000000000001e+01, 0., 2.5998600000000001e+00,
    5.0150000000000006e+01, 0., 2.7024100000000000e+00,
    5.0200000000000003e+01, 0., 2.8019400000000001e+00,
    5.0250000000000000e+01, 0., 2.8677400000000000e+00,
    5.0300000000000004e+01, 0., 2.9526699999999999e+00,
    5.0350000000000001e+01, 0., 3.0237099999999999e+00,
    5.0400000000000006e+01, 0., 3.1036400000000000e+00,
    5.0450000000000003e+01, 0., 3.1627999999999998e+00,
    5.0500000000000000e+01, 0., 3.2465500000000000e+00,
    5.0550000000000004e+01, 0., 3.3319100000000001e+00,
    5.0600000000000001e+01, 0., 3.3972699999999998e+00,
    5.0650000000000006e+01, 0., 3.4813399999999999e+00,
    5.0700000000000003e+01, 0., 3.5560999999999998e+00,
    5.0750000000000000e+01, 0., 3.6463000000000001e+00,
    5.0800000000000004e+01, 0., 3.7144200000000001e+00,
    5.0850000000000001e+01, 0., 3.7991199999999998e+00,
    5.0900000000000006e+01, 0., 3.8665600000000002e+00,
    5.0950000000000003e+01, 0., 3.9514800000000001e+00, 51., 0.,
    4.0352199999999998e+00, 5.1050000000000004e+01, 0.,
    4.0979799999999997e+00, 5.1100000000000001e+01, 0.,
    4.1773999999999996e+00, 5.1150000000000006e+01, 0.,
    4.2420400000000003e+00, 5.1200000000000003e+01, 0.,
    4.3262900000000002e+00, 5.1250000000000000e+01, 0.,
    4.3954500000000003e+00, 5.1300000000000004e+01, 0.,
    4.4701700000000004e+00, 5.1350000000000001e+01, 0.,
    4.5438400000000003e+00, 5.1400000000000006e+01, 0.,
    4.6089599999999997e+00, 5.1450000000000003e+01, 0.,
    4.6887400000000001e+00, 5.1500000000000000e+01, 0.,
    4.7505400000000000e+00, 5.1550000000000004e+01, 0.,
    4.8332600000000001e+00, 5.1600000000000001e+01, 0.,
    4.9166400000000001e+00, 5.1650000000000006e+01, 0.,
    4.9737600000000004e+00, 5.1700000000000003e+01, 0.,
    5.0455399999999999e+00, 5.1750000000000000e+01, 0.,
    5.1032999999999999e+00, 5.1800000000000004e+01, 0.,
    5.1739699999999997e+00, 5.1850000000000001e+01, 0.,
    5.2296899999999997e+00, 5.1900000000000006e+01, 0.,
    5.3045999999999998e+00, 5.1950000000000003e+01, 0.,
    5.3796400000000002e+00, 52., 0., 5.4359999999999999e+00,
    5.2050000000000004e+01, 0., 5.5108199999999998e+00,
    5.2100000000000001e+01, 0., 5.5758599999999996e+00,
    5.2150000000000006e+01, 0., 5.6504200000000004e+00,
    5.2200000000000003e+01, 0., 5.7240599999999997e+00,
    5.2250000000000000e+01, 0., 5.7854999999999999e+00,
    5.2300000000000004e+01, 0., 5.8596899999999996e+00,
    5.2350000000000001e+01, 0., 5.9158099999999996e+00,
    5.2400000000000006e+01, 0., 5.9850599999999998e+00,
    5.2450000000000003e+01, 0., 6.0399000000000003e+00,
    5.2500000000000000e+01, 0., 6.1078000000000001e+00,
    5.2550000000000004e+01, 0., 6.1761400000000002e+00,
    5.2600000000000001e+01, 0., 6.2327399999999997e+00,
    5.2650000000000006e+01, 0., 6.3020300000000002e+00,
    5.2700000000000003e+01, 0., 6.3566700000000003e+00,
    5.2750000000000000e+01, 0., 6.4210500000000001e+00,
    5.2800000000000004e+01, 0., 6.4868100000000002e+00,
    5.2850000000000001e+01, 0., 6.5468900000000003e+00,
    5.2900000000000006e+01, 0., 6.6173599999999997e+00,
    5.2950000000000003e+01, 0., 6.6711999999999998e+00, 53., 0.,
    6.7352800000000004e+00, 5.3050000000000004e+01, 0.,
    6.7981900000000000e+00, 5.3100000000000001e+01, 0.,
    6.8471900000000003e+00, 5.3150000000000006e+01, 0.,
    6.9097299999999997e+00, 5.3200000000000003e+01, 0.,
