%YAML:1.0
---
profile: [ 5.0000000000000000e-01, 0., -5.9318499999999998e+00,
    5.5000000000000004e-01, 0., -5.9059699999999999e+00,
    7.0000000000000007e-01, 0., -5.5393299999999996e+00,
    7.5000000000000000e-01, 0., -5.4004500000000002e+00,
    9.0000000000000002e-01, 0., -4.9995900000000004e+00,
    9.5000000000000007e-01, 0., -4.9114300000000002e+00, 1., 0.,
    -4.8232699999999999e+00, 1.0500000000000000e+00, 0.,
    -4.7093499999999997e+00, 1.1000000000000001e+00, 0.,
    -4.6163499999999997e+00, 1.1500000000000001e+00, 0.,
    -4.5233499999999998e+00, 1.2000000000000002e+00, 0.,
    -4.4096900000000003e+00, 1.2500000000000000e+00, 0.,
    -4.3192899999999996e+00, 1.3000000000000000e+00, 0.,
    -4.2288899999999998e+00, 1.3500000000000001e+00, 0.,
    -4.1143500000000000e+00, 1.4000000000000001e+00, 0.,
    -4.0224299999999999e+00, 1.4500000000000002e+00, 0.,
    -3.9305099999999999e+00, 1.5000000000000000e+00, 0.,
    -3.8190499999999998e+00, 1.5500000000000000e+00, 0.,
    -3.7317700000000000e+00, 1.6000000000000001e+00, 0.,
    -3.6444899999999998e+00, 1.6500000000000001e+00, 0.,
    -3.5331500000000000e+00, 1.7000000000000002e+00, 0.,
    -3.4436300000000002e+00, 1.7500000000000000e+00, 0.,
    -3.3541099999999999e+00, 1.8000000000000000e+00, 0.,
    -3.2543000000000002e+00, 1.8500000000000001e+00, 0.,
    -3.1769799999999999e+00, 1.9000000000000001e+00, 0.,
    -3.0768100000000000e+00, 1.9500000000000002e+00, 0.,
    -2.9856099999999999e+00, 2., 0., -2.8944100000000001e+00,
    2.0500000000000003e+00, 0., -2.7844699999999998e+00,
    2.1000000000000001e+00, 0., -2.7014700000000000e+00,
    2.1499999999999999e+00, 0., -2.6184699999999999e+00,
    2.2000000000000002e+00, 0., -2.5158900000000002e+00,
    2.2500000000000000e+00, 0., -2.4345300000000001e+00,
    2.3000000000000003e+00, 0., -2.3531700000000000e+00,
    2.3500000000000001e+00, 0., -2.2549999999999999e+00,
    2.4000000000000004e+00, 0., -2.1772399999999998e+00,
    2.4500000000000002e+00, 0., -2.0803500000000001e+00,
    2.5000000000000000e+00, 0., -2.0040700000000000e+00,
    2.5500000000000003e+00, 0., -1.9277899999999999e+00,
    2.6000000000000001e+00, 0., -1.8289700000000000e+00,
    2.6500000000000004e+00, 0., -1.7459700000000000e+00,
    2.7000000000000002e+00, 0., -1.6629700000000001e+00,
    2.7500000000000000e+00, 0., -1.5688000000000000e+00,
    2.8000000000000003e+00, 0., -1.4954000000000001e+00,
    2.8500000000000001e+00, 0., -1.4031700000000000e+00,
    2.9000000000000004e+00, 0., -1.3280900000000000e+00,
    2.9500000000000002e+00, 0., -1.2530100000000000e+00, 3., 0.,
    -1.1625399999999999e+00, 3.0500000000000003e+00, 0.,
    -1.0919800000000000e+00, 3.1000000000000001e+00, 0.,
    -1.0034700000000001e+00, 3.1500000000000004e+00, 0.,
    -9.3198999999999999e-01, 3.2000000000000002e+00, 0.,
    -8.6051000000000000e-01, 3.2500000000000000e+00, 0.,
    -7.6892000000000005e-01, 3.3000000000000003e+00, 0.,
    -6.9455999999999996e-01, 3.3500000000000001e+00, 0.,
    -6.0194999999999999e-01, 3.4000000000000004e+00, 0.,
    -5.2915000000000001e-01, 3.4500000000000002e+00, 0.,
    -4.5634999999999998e-01, 3.5000000000000000e+00, 0.,
    -3.6354999999999998e-01, 3.5500000000000003e+00, 0.,
    -2.8843000000000002e-01, 3.6000000000000001e+00, 0.,
    -2.0010000000000000e-01, 3.6500000000000004e+00, 0.,
    -1.3630000000000000e-01, 3.7000000000000002e+00, 0.,
    -7.2499999999999995e-02, 3.7500000000000000e+00, 0.,
    9.8300000000000002e-03, 3.8000000000000003e+00, 0.,
    7.6149999999999995e-02, 3.8500000000000001e+00, 0.,
    1.5450000000000000e-01, 3.9000000000000004e+00, 0.,
    2.1470000000000000e-01, 3.9500000000000002e+00, 0.,
    2.9241000000000000e-01, 4., 0., 3.6229000000000000e-01,
    4.0499999999999998e+00, 0., 4.3217000000000000e-01,
    4.1000000000000005e+00, 0., 5.1463000000000003e-01,
    4.1500000000000004e+00, 0., 5.7959000000000005e-01,
    4.2000000000000002e+00, 0., 6.5751000000000004e-01,
    4.2500000000000000e+00, 0., 7.1799000000000002e-01,
    4.2999999999999998e+00, 0., 7.9122000000000003e-01,
    4.3500000000000005e+00, 0., 8.4209999999999996e-01,
    4.4000000000000004e+00, 0., 9.1078000000000003e-01,
    4.4500000000000002e+00, 0., 9.8190000000000000e-01,
    4.5000000000000000e+00, 0., 1.0530200000000001e+00,
    4.5499999999999998e+00, 0., 1.1359999999999999e+00,
    4.6000000000000005e+00, 0., 1.2012000000000000e+00,
    4.6500000000000004e+00, 0., 1.2870100000000000e+00,
    4.7000000000000002e+00, 0., 1.3607700000000000e+00,
    4.7500000000000000e+00, 0., 1.4476100000000001e+00,
    4.8000000000000007e+00, 0., 1.4996100000000001e+00,
    4.8500000000000005e+00, 0., 1.5516099999999999e+00,
    4.9000000000000004e+00, 0., 1.6228100000000001e+00,
    4.9500000000000002e+00, 0., 1.6810099999999999e+00, 5., 0.,
    1.7537300000000000e+00, 5.0500000000000007e+00, 0.,
    1.8118500000000000e+00, 5.1000000000000005e+00, 0.,
    1.8798500000000000e+00, 5.1500000000000004e+00, 0.,
    1.9284900000000000e+00, 5.2000000000000002e+00, 0.,
    1.9982500000000001e+00, 5.2500000000000000e+00, 0.,
    2.0647700000000002e+00, 5.3000000000000007e+00, 0.,
    2.1432400000000000e+00, 5.3500000000000005e+00, 0.,
    2.1907199999999998e+00, 5.4000000000000004e+00, 0.,
    2.2545600000000001e+00, 5.4500000000000002e+00, 0.,
    2.3199200000000002e+00, 5.5000000000000000e+00, 0.,
    2.3852799999999998e+00, 5.5500000000000007e+00, 0.,
    2.4564599999999999e+00, 5.6000000000000005e+00, 0.,
    2.5112199999999998e+00, 5.6500000000000004e+00, 0.,
    2.5804399999999998e+00, 5.7000000000000002e+00, 0.,
    2.6362000000000001e+00, 5.7500000000000000e+00, 0.,
    2.7061299999999999e+00, 5.8000000000000007e+00, 0.,
    2.7622100000000001e+00, 5.8500000000000005e+00, 0.,
    2.8369000000000000e+00, 5.9000000000000004e+00, 0.,
    2.9020999999999999e+00, 5.9500000000000002e+00, 0.,
    2.9790199999999998e+00, 6., 0., 3.0256599999999998e+00,
    6.0500000000000007e+00, 0., 3.0820799999999999e+00,
    6.1000000000000005e+00, 0., 3.1210800000000001e+00,
    6.1500000000000004e+00, 0., 3.1730000000000000e+00,
    6.2000000000000002e+00, 0., 3.2244000000000002e+00,
    6.2500000000000000e+00, 0., 3.2757999999999998e+00,
    6.3000000000000007e+00, 0., 3.3439700000000001e+00,
    6.3500000000000005e+00, 0., 3.3992499999999999e+00,
    6.4000000000000004e+00, 0., 3.4677899999999999e+00,
    6.4500000000000002e+00, 0., 3.5224700000000002e+00,
    6.5000000000000000e+00, 0., 3.5802800000000001e+00,
    6.5500000000000007e+00, 0., 3.6244000000000001e+00,
    6.6000000000000005e+00, 0., 3.6866699999999999e+00,
    6.6500000000000004e+00, 0., 3.7378700000000000e+00,
    6.7000000000000002e+00, 0., 3.8066100000000000e+00,
    6.7500000000000000e+00, 0., 3.8640500000000002e+00,
    6.8000000000000007e+00, 0., 3.9310900000000002e+00,
    6.8500000000000005e+00, 0., 3.9820899999999999e+00,
    6.9000000000000004e+00, 0., 4.0401699999999998e+00,
    6.9500000000000002e+00, 0., 4.0835699999999999e+00, 7., 0.,
    4.1421799999999998e+00, 7.0500000000000007e+00, 0.,
    4.1913400000000003e+00, 7.1000000000000005e+00, 0.,
    4.2553599999999996e+00, 7.1500000000000004e+00, 0.,
    4.3079200000000002e+00, 7.2000000000000002e+00, 0.,
    4.3664100000000001e+00, 7.2500000000000000e+00, 0.,
    4.4093299999999997e+00, 7.3000000000000007e+00, 0.,
    4.4593299999999996e+00, 7.3500000000000005e+00, 0.,
    4.4972899999999996e+00, 7.4000000000000004e+00, 0.,
    4.5572800000000004e+00, 7.4500000000000002e+00, 0.,
    4.6119599999999998e+00, 7.5000000000000000e+00, 0.,
    4.6734799999999996e+00, 7.5500000000000007e+00, 0.,
    4.7189600000000000e+00, 7.6000000000000005e+00, 0.,
    4.7765899999999997e+00, 7.6500000000000004e+00, 0.,
    4.8230700000000004e+00, 7.7000000000000002e+00, 0.,
    4.8734999999999999e+00, 7.7500000000000000e+00, 0.,
    4.9096599999999997e+00, 7.8000000000000007e+00, 0.,
    4.9743199999999996e+00, 7.8500000000000005e+00, 0.,
