%YAML:1.0
---
profile: [ 8.2850000000000009e+01, 0., -1.7904840000000000e+01,
    8.2900000000000006e+01, 0., -1.7941680000000002e+01,
    8.2950000000000003e+01, 0., -1.7627459999999999e+01, 83., 0.,
    -1.7103149999999999e+01, 8.3050000000000011e+01, 0.,
    -1.6779990000000002e+01, 8.3100000000000009e+01, 0.,
    -1.6462219999999999e+01, 8.3150000000000006e+01, 0.,
    -1.6195589999999999e+01, 8.3200000000000003e+01, 0.,
    -1.5961869999999999e+01, 8.3250000000000000e+01, 0.,
    -1.5662470000000001e+01, 8.3300000000000011e+01, 0.,
    -1.5375010000000000e+01, 8.3350000000000009e+01, 0.,
    -1.5198650000000001e+01, 8.3400000000000006e+01, 0.,
    -1.4955200000000000e+01, 8.3450000000000003e+01, 0.,
    -1.4732880000000000e+01, 8.3500000000000000e+01, 0.,
    -1.4469630000000000e+01, 8.3550000000000011e+01, 0.,
    -1.4221240000000000e+01, 8.3600000000000009e+01, 0.,
    -1.4035920000000001e+01, 8.3650000000000006e+01, 0.,
    -1.3800409999999999e+01, 8.3700000000000003e+01, 0.,
    -1.3556200000000000e+01, 8.3750000000000000e+01, 0.,
    -1.3351640000000000e+01, 8.3800000000000011e+01, 0.,
    -1.3119719999999999e+01, 8.3850000000000009e+01, 0.,
    -1.2912200000000000e+01, 8.3900000000000006e+01, 0.,
    -1.2768359999999999e+01, 8.3950000000000003e+01, 0.,
    -1.2564810000000000e+01, 84., 0., -1.2349710000000000e+01,
    8.4050000000000011e+01, 0., -1.2170909999999999e+01,
    8.4100000000000009e+01, 0., -1.2000880000000000e+01,
    8.4150000000000006e+01, 0., -1.1831849999999999e+01,
    8.4200000000000003e+01, 0., -1.1681810000000000e+01,
    8.4250000000000000e+01, 0., -1.1492760000000001e+01,
    8.4300000000000011e+01, 0., -1.1314310000000001e+01,
    8.4350000000000009e+01, 0., -1.1184630000000000e+01,
    8.4400000000000006e+01, 0., -1.1011720000000000e+01,
    8.4450000000000003e+01, 0., -1.0845630000000000e+01,
    8.4500000000000000e+01, 0., -1.0724190000000000e+01,
    8.4550000000000011e+01, 0., -1.0590540000000001e+01,
    8.4600000000000009e+01, 0., -1.0454269999999999e+01,
    8.4650000000000006e+01, 0., -1.0322390000000000e+01,
    8.4700000000000003e+01, 0., -1.0156969999999999e+01,
    8.4750000000000000e+01, 0., -9.9919200000000004e+00,
    8.4800000000000011e+01, 0., -9.8620000000000001e+00,
    8.4850000000000009e+01, 0., -9.7082400000000000e+00,
    8.4900000000000006e+01, 0., -9.5603300000000004e+00,
    8.4950000000000003e+01, 0., -9.4422099999999993e+00, 85., 0.,
    -9.2905499999999996e+00, 8.5050000000000011e+01, 0.,
    -9.1431100000000001e+00, 8.5100000000000009e+01, 0.,
    -9.0471900000000005e+00, 8.5150000000000006e+01, 0.,
    -8.9068000000000005e+00, 8.5200000000000003e+01, 0.,
    -8.7566500000000005e+00, 8.5250000000000000e+01, 0.,
    -8.6488099999999992e+00, 8.5300000000000011e+01, 0.,
    -8.5128100000000000e+00, 8.5350000000000009e+01, 0.,
    -8.3780900000000003e+00, 8.5400000000000006e+01, 0.,
    -8.2768499999999996e+00, 8.5450000000000003e+01, 0.,
    -8.1539599999999997e+00, 8.5500000000000000e+01, 0.,
    -8.0357900000000004e+00, 8.5550000000000011e+01, 0.,
    -7.9485900000000003e+00, 8.5600000000000009e+01, 0.,
    -7.8273599999999997e+00, 8.5650000000000006e+01, 0.,
    -7.7007000000000003e+00, 8.5700000000000003e+01, 0.,
    -7.6078200000000002e+00, 8.5750000000000000e+01, 0.,
    -7.4845800000000002e+00, 8.5800000000000011e+01, 0.,
    -7.3585799999999999e+00, 8.5850000000000009e+01, 0.,
    -7.2643399999999998e+00, 8.5900000000000006e+01, 0.,
    -7.1454500000000003e+00, 8.5950000000000003e+01, 0.,
    -7.0252600000000003e+00, 86., 0., -6.9273400000000001e+00,
    8.6050000000000011e+01, 0., -6.8122900000000000e+00,
    8.6100000000000009e+01, 0., -6.7019799999999998e+00,
    8.6150000000000006e+01, 0., -6.6132200000000001e+00,
    8.6200000000000003e+01, 0., -6.5029199999999996e+00,
    8.6250000000000000e+01, 0., -6.3939000000000004e+00,
    8.6300000000000011e+01, 0., -6.3093399999999997e+00,
    8.6350000000000009e+01, 0., -6.2053500000000001e+00,
    8.6400000000000006e+01, 0., -6.1011300000000004e+00,
    8.6450000000000003e+01, 0., -6.0135699999999996e+00,
    8.6500000000000000e+01, 0., -5.9077400000000004e+00,
    8.6550000000000011e+01, 0., -5.8049499999999998e+00,
    8.6600000000000009e+01, 0., -5.7246699999999997e+00,
    8.6650000000000006e+01, 0., -5.6260500000000002e+00,
    8.6700000000000003e+01, 0., -5.5288399999999998e+00,
    8.6750000000000000e+01, 0., -5.4516799999999996e+00,
    8.6800000000000011e+01, 0., -5.3517000000000001e+00,
    8.6850000000000009e+01, 0., -5.2497999999999996e+00,
    8.6900000000000006e+01, 0., -5.1695599999999997e+00,
    8.6950000000000003e+01, 0., -5.0675100000000004e+00, 87., 0.,
    -4.9654600000000002e+00, 8.7050000000000011e+01, 0.,
    -4.8876999999999997e+00, 8.7100000000000009e+01, 0.,
    -4.7836699999999999e+00, 8.7150000000000006e+01, 0.,
    -4.6813099999999999e+00, 8.7200000000000003e+01, 0.,
    -4.6069100000000001e+00, 8.7250000000000000e+01, 0.,
    -4.5154899999999998e+00, 8.7300000000000011e+01, 0.,
    -4.4265400000000001e+00, 8.7350000000000009e+01, 0.,
    -4.3578599999999996e+00, 8.7400000000000006e+01, 0.,
    -4.2664200000000001e+00, 8.7450000000000003e+01, 0.,
    -4.1732600000000000e+00, 8.7500000000000000e+01, 0.,
    -4.0983000000000001e+00, 8.7550000000000011e+01, 0.,
    -4.0077699999999998e+00, 8.7600000000000009e+01, 0.,
    -3.9208699999999999e+00, 8.7650000000000006e+01, 0.,
    -3.8547899999999999e+00, 8.7700000000000003e+01, 0.,
    -3.7673299999999998e+00, 8.7750000000000000e+01, 0.,
    -3.6783399999999999e+00, 8.7800000000000011e+01, 0.,
    -3.6067399999999998e+00, 8.7850000000000009e+01, 0.,
    -3.5212699999999999e+00, 8.7900000000000006e+01, 0.,
    -3.4364200000000000e+00, 8.7950000000000003e+01, 0.,
    -3.3680599999999998e+00, 88., 0., -3.2834099999999999e+00,
    8.8050000000000011e+01, 0., -3.1974700000000000e+00,
    8.8100000000000009e+01, 0., -3.1269499999999999e+00,
    8.8150000000000006e+01, 0., -3.0411600000000001e+00,
    8.8200000000000003e+01, 0., -2.9594600000000000e+00,
    8.8250000000000000e+01, 0., -2.8984200000000002e+00,
    8.8300000000000011e+01, 0., -2.8229000000000002e+00,
    8.8350000000000009e+01, 0., -2.7403800000000000e+00,
    8.8400000000000006e+01, 0., -2.6500499999999998e+00,
    8.8450000000000003e+01, 0., -2.5876500000000000e+00,
    8.8500000000000000e+01, 0., -2.5078900000000002e+00,
    8.8550000000000011e+01, 0., -2.4269799999999999e+00,
    8.8600000000000009e+01, 0., -2.3623400000000001e+00,
    8.8650000000000006e+01, 0., -2.2832499999999998e+00,
    8.8700000000000003e+01, 0., -2.2053500000000001e+00,
    8.8750000000000000e+01, 0., -2.1431100000000001e+00,
    8.8800000000000011e+01, 0., -2.0664899999999999e+00,
    8.8850000000000009e+01, 0., -1.9906400000000000e+00,
    8.8900000000000006e+01, 0., -1.9299999999999999e+00,
    8.8950000000000003e+01, 0., -1.8559900000000000e+00, 89., 0.,
    -1.7839400000000001e+00, 8.9050000000000011e+01, 0.,
    -1.7288200000000000e+00, 8.9100000000000009e+01, 0.,
    -1.6490000000000000e+00, 8.9150000000000006e+01, 0.,
    -1.5661400000000001e+00, 8.9200000000000003e+01, 0.,
    -1.5049399999999999e+00, 8.9250000000000000e+01, 0.,
    -1.4322600000000001e+00, 8.9300000000000011e+01, 0.,
    -1.3582600000000000e+00, 8.9350000000000009e+01, 0.,
    -1.2963400000000000e+00, 8.9400000000000006e+01, 0.,
    -1.2243400000000000e+00, 8.9450000000000003e+01, 0.,
    -1.1537500000000001e+00, 8.9500000000000000e+01, 0.,
    -1.0973500000000000e+00, 8.9550000000000011e+01, 0.,
    -1.0253200000000000e+00, 8.9600000000000009e+01, 0.,
    -9.5484000000000002e-01, 8.9650000000000006e+01, 0.,
    -9.0080000000000005e-01, 8.9700000000000003e+01, 0.,
    -8.3021000000000000e-01, 8.9750000000000000e+01, 0.,
    -7.5632999999999995e-01, 8.9800000000000011e+01, 0.,
    -6.8052000000000001e-01, 8.9850000000000009e+01, 0.,
    -6.2580000000000002e-01, 8.9900000000000006e+01, 0.,
    -5.5971000000000004e-01, 8.9950000000000003e+01, 0.,
