%YAML:1.0
---
profile: [ 4.6850000000000001e+01, 0., -2.1567240000000002e+01,
    4.6900000000000006e+01, 0., -2.1549880000000002e+01,
    4.6950000000000003e+01, 0., -2.1518799999999999e+01, 47., 0.,
    -2.1481560000000002e+01, 4.7050000000000004e+01, 0.,
    -2.1439520000000002e+01, 4.7100000000000001e+01, 0.,
    -2.1386559999999999e+01, 4.7150000000000006e+01, 0.,
    -2.1343840000000000e+01, 4.7200000000000003e+01, 0.,
    -2.1181239999999999e+01, 4.7250000000000000e+01, 0.,
    -2.0920159999999999e+01, 4.7300000000000004e+01, 0.,
    -2.0659079999999999e+01, 4.7350000000000001e+01, 0.,
    -2.0357070000000000e+01, 4.7400000000000006e+01, 0.,
    -2.0193429999999999e+01, 4.7450000000000003e+01, 0.,
    -2.0029789999999998e+01, 4.7500000000000000e+01, 0.,
    -1.9837150000000001e+01, 4.7550000000000004e+01, 0.,
    -1.9689430000000002e+01, 4.7600000000000001e+01, 0.,
    -1.9503250000000001e+01, 4.7650000000000006e+01, 0.,
    -1.9349609999999998e+01, 4.7700000000000003e+01, 0.,
    -1.9195969999999999e+01, 4.7750000000000000e+01, 0.,
    -1.9029640000000001e+01, 4.7800000000000004e+01, 0.,
    -1.8901720000000001e+01, 4.7850000000000001e+01, 0.,
    -1.8736149999999999e+01, 4.7900000000000006e+01, 0.,
    -1.8600670000000001e+01, 4.7950000000000003e+01, 0.,
    -1.8429040000000001e+01, 48., 0., -1.8289000000000001e+01,
    4.8050000000000004e+01, 0., -1.8120719999999999e+01,
    4.8100000000000001e+01, 0., -1.8007960000000001e+01,
    4.8150000000000006e+01, 0., -1.7895199999999999e+01,
    4.8200000000000003e+01, 0., -1.7760349999999999e+01,
    4.8250000000000000e+01, 0., -1.7653710000000000e+01,
    4.8300000000000004e+01, 0., -1.7503119999999999e+01,
    4.8350000000000001e+01, 0., -1.7373439999999999e+01,
    4.8400000000000006e+01, 0., -1.7219020000000000e+01,
    4.8450000000000003e+01, 0., -1.7099580000000000e+01,
    4.8500000000000000e+01, 0., -1.6945000000000000e+01,
    4.8550000000000004e+01, 0., -1.6815040000000000e+01,
    4.8600000000000001e+01, 0., -1.6663810000000002e+01,
    4.8650000000000006e+01, 0., -1.6579090000000001e+01,
    4.8700000000000003e+01, 0., -1.6464720000000000e+01,
    4.8750000000000000e+01, 0., -1.6363160000000001e+01,
    4.8800000000000004e+01, 0., -1.6231130000000000e+01,
    4.8850000000000001e+01, 0., -1.6109290000000001e+01,
    4.8900000000000006e+01, 0., -1.5964060000000000e+01,
    4.8950000000000003e+01, 0., -1.5870740000000000e+01, 49., 0.,
    -1.5751799999999999e+01, 4.9050000000000004e+01, 0.,
    -1.5649400000000000e+01, 4.9100000000000001e+01, 0.,
    -1.5523899999999999e+01, 4.9150000000000006e+01, 0.,
    -1.5431820000000000e+01, 4.9200000000000003e+01, 0.,
    -1.5339740000000001e+01, 4.9250000000000000e+01, 0.,
    -1.5213480000000001e+01, 4.9300000000000004e+01, 0.,
    -1.5087080000000000e+01, 4.9350000000000001e+01, 0.,
    -1.4994479999999999e+01, 4.9400000000000006e+01, 0.,
    -1.4901880000000000e+01, 4.9450000000000003e+01, 0.,
    -1.4781860000000000e+01, 4.9500000000000000e+01, 0.,
    -1.4685020000000000e+01, 4.9550000000000004e+01, 0.,
    -1.4563760000000000e+01, 4.9600000000000001e+01, 0.,
    -1.4445800000000000e+01, 4.9650000000000006e+01, 0.,
    -1.4362240000000000e+01, 4.9700000000000003e+01, 0.,
    -1.4258789999999999e+01, 4.9750000000000000e+01, 0.,
    -1.4179270000000001e+01, 4.9800000000000004e+01, 0.,
    -1.4076969999999999e+01, 4.9850000000000001e+01, 0.,
    -1.3986170000000000e+01, 4.9900000000000006e+01, 0.,
    -1.3881959999999999e+01, 4.9950000000000003e+01, 0.,
    -1.3809839999999999e+01, 50., 0., -1.3705750000000000e+01,
    5.0050000000000004e+01, 0., -1.3605829999999999e+01,
    5.0100000000000001e+01, 0., -1.3492310000000000e+01,
    5.0150000000000006e+01, 0., -1.3415270000000000e+01,
    5.0200000000000003e+01, 0., -1.3317810000000000e+01,
    5.0250000000000000e+01, 0., -1.3238530000000001e+01,
    5.0300000000000004e+01, 0., -1.3134890000000000e+01,
    5.0350000000000001e+01, 0., -1.3049609999999999e+01,
    5.0400000000000006e+01, 0., -1.2943960000000001e+01,
    5.0450000000000003e+01, 0., -1.2860040000000000e+01,
    5.0500000000000000e+01, 0., -1.2762560000000001e+01,
    5.0550000000000004e+01, 0., -1.2688560000000001e+01,
    5.0600000000000001e+01, 0., -1.2593950000000000e+01,
    5.0650000000000006e+01, 0., -1.2498239999999999e+01,
    5.0700000000000003e+01, 0., -1.2419720000000000e+01,
    5.0750000000000000e+01, 0., -1.2323810000000000e+01,
    5.0800000000000004e+01, 0., -1.2254370000000000e+01,
    5.0850000000000001e+01, 0., -1.2164700000000000e+01,
    5.0900000000000006e+01, 0., -1.2083780000000001e+01,
    5.0950000000000003e+01, 0., -1.1985510000000000e+01, 51., 0.,
    -1.1910430000000000e+01, 5.1050000000000004e+01, 0.,
    -1.1820000000000000e+01, 5.1100000000000001e+01, 0.,
    -1.1749480000000000e+01, 5.1150000000000006e+01, 0.,
    -1.1663970000000001e+01, 5.1200000000000003e+01, 0.,
    -1.1596970000000001e+01, 5.1250000000000000e+01, 0.,
    -1.1506130000000001e+01, 5.1300000000000004e+01, 0.,
    -1.1415900000000001e+01, 5.1350000000000001e+01, 0.,
    -1.1351419999999999e+01, 5.1400000000000006e+01, 0.,
    -1.1269130000000001e+01, 5.1450000000000003e+01, 0.,
    -1.1198090000000001e+01, 5.1500000000000000e+01, 0.,
    -1.1112140000000000e+01, 5.1550000000000004e+01, 0.,
    -1.1046860000000001e+01, 5.1600000000000001e+01, 0.,
    -1.0967380000000000e+01, 5.1650000000000006e+01, 0.,
    -1.0904940000000000e+01, 5.1700000000000003e+01, 0.,
    -1.0819940000000001e+01, 5.1750000000000000e+01, 0.,
    -1.0748260000000000e+01, 5.1800000000000004e+01, 0.,
    -1.0656520000000000e+01, 5.1850000000000001e+01, 0.,
    -1.0568040000000000e+01, 5.1900000000000006e+01, 0.,
    -1.0509520000000000e+01, 5.1950000000000003e+01, 0.,
    -1.0434900000000001e+01, 52., 0., -1.0370500000000000e+01,
    5.2050000000000004e+01, 0., -1.0289610000000000e+01,
    5.2100000000000001e+01, 0., -1.0224530000000000e+01,
    5.2150000000000006e+01, 0., -1.0142080000000000e+01,
    5.2200000000000003e+01, 0., -1.0075600000000000e+01,
    5.2250000000000000e+01, 0., -1.0001849999999999e+01,
    5.2300000000000004e+01, 0., -9.9295700000000000e+00,
    5.2350000000000001e+01, 0., -9.8688900000000004e+00,
    5.2400000000000006e+01, 0., -9.7922799999999999e+00,
    5.2450000000000003e+01, 0., -9.7302000000000000e+00,
    5.2500000000000000e+01, 0., -9.6592699999999994e+00,
    5.2550000000000004e+01, 0., -9.6061099999999993e+00,
    5.2600000000000001e+01, 0., -9.5362100000000005e+00,
    5.2650000000000006e+01, 0., -9.4785299999999992e+00,
    5.2700000000000003e+01, 0., -9.4028799999999997e+00,
    5.2750000000000000e+01, 0., -9.3253400000000006e+00,
    5.2800000000000004e+01, 0., -9.2599400000000003e+00,
    5.2850000000000001e+01, 0., -9.1827699999999997e+00,
    5.2900000000000006e+01, 0., -9.1266499999999997e+00,
    5.2950000000000003e+01, 0., -9.0544200000000004e+00, 53., 0.,
    -8.9955400000000001e+00, 5.3050000000000004e+01, 0.,
    -8.9219100000000005e+00, 5.3100000000000001e+01, 0.,
    -8.8474400000000006e+00, 5.3150000000000006e+01, 0.,
    -8.7850800000000007e+00, 5.3200000000000003e+01, 0.,
    -8.7110299999999992e+00, 5.3250000000000000e+01, 0.,
    -8.6565499999999993e+00, 5.3300000000000004e+01, 0.,
    -8.5889299999999995e+00, 5.3350000000000001e+01, 0.,
    -8.5351700000000008e+00, 5.3400000000000006e+01, 0.,
    -8.4693500000000004e+00, 5.3450000000000003e+01, 0.,
    -8.4042999999999992e+00, 5.3500000000000000e+01, 0.,
    -8.3534600000000001e+00, 5.3550000000000004e+01, 0.,
    -8.2888000000000002e+00, 5.3600000000000001e+01, 0.,
    -8.2358399999999996e+00, 5.3650000000000006e+01, 0.,
    -8.1712399999999992e+00, 5.3700000000000003e+01, 0.,
    -8.1204400000000003e+00, 5.3750000000000000e+01, 0.,
    -8.0548199999999994e+00, 5.3800000000000004e+01, 0.,
    -7.9901200000000001e+00, 5.3850000000000001e+01, 0.,
    -7.9429200000000000e+00, 5.3900000000000006e+01, 0.,
    -7.8814099999999998e+00, 5.3950000000000003e+01, 0.,
