%YAML:1.0
---
profile: [ 4.6250000000000000e+01, 0., -2.3418369999999999e+01,
    4.6300000000000004e+01, 0., -2.3406849999999999e+01,
    4.6350000000000001e+01, 0., -2.3396519999999999e+01,
    4.6400000000000006e+01, 0., -2.3390440000000002e+01,
    4.6450000000000003e+01, 0., -2.3379349999999999e+01,
    4.6500000000000000e+01, 0., -2.3364550000000001e+01,
    4.6550000000000004e+01, 0., -2.3349309999999999e+01,
    4.6600000000000001e+01, 0., -2.3338360000000002e+01,
    4.6650000000000006e+01, 0., -2.3334000000000000e+01,
    4.6700000000000003e+01, 0., -2.3203679999999999e+01,
    4.6750000000000000e+01, 0., -2.3074480000000001e+01,
    4.6800000000000004e+01, 0., -2.2917670000000001e+01,
    4.6850000000000001e+01, 0., -2.2794750000000001e+01,
    4.6900000000000006e+01, 0., -2.2648830000000000e+01,
    4.6950000000000003e+01, 0., -2.2541550000000001e+01, 47., 0.,
    -2.2406820000000000e+01, 4.7050000000000004e+01, 0.,
    -2.2297260000000001e+01, 4.7100000000000001e+01, 0.,
    -2.2156939999999999e+01, 4.7150000000000006e+01, 0.,
    -2.2034060000000000e+01, 4.7200000000000003e+01, 0.,
    -2.1911180000000002e+01, 4.7250000000000000e+01, 0.,
    -2.1772030000000001e+01, 4.7300000000000004e+01, 0.,
    -2.1663670000000000e+01, 4.7350000000000001e+01, 0.,
    -2.1537160000000000e+01, 4.7400000000000006e+01, 0.,
    -2.1437760000000001e+01, 4.7450000000000003e+01, 0.,
    -2.1304860000000001e+01, 4.7500000000000000e+01, 0.,
    -2.1193980000000000e+01, 4.7550000000000004e+01, 0.,
    -2.1063710000000000e+01, 4.7600000000000001e+01, 0.,
    -2.0964030000000001e+01, 4.7650000000000006e+01, 0.,
    -2.0840050000000002e+01, 4.7700000000000003e+01, 0.,
    -2.0741689999999998e+01, 4.7750000000000000e+01, 0.,
    -2.0624530000000000e+01, 4.7800000000000004e+01, 0.,
    -2.0537849999999999e+01, 4.7850000000000001e+01, 0.,
    -2.0416960000000000e+01, 4.7900000000000006e+01, 0.,
    -2.0305319999999998e+01, 4.7950000000000003e+01, 0.,
    -2.0176700000000000e+01, 48., 0., -2.0086939999999998e+01,
    4.8050000000000004e+01, 0., -1.9974720000000001e+01,
    4.8100000000000001e+01, 0., -1.9885040000000000e+01,
    4.8150000000000006e+01, 0., -1.9765850000000000e+01,
    4.8200000000000003e+01, 0., -1.9662089999999999e+01,
    4.8250000000000000e+01, 0., -1.9542510000000000e+01,
    4.8300000000000004e+01, 0., -1.9459070000000001e+01,
    4.8350000000000001e+01, 0., -1.9355779999999999e+01,
    4.8400000000000006e+01, 0., -1.9274460000000001e+01,
    4.8450000000000003e+01, 0., -1.9167819999999999e+01,
    4.8500000000000000e+01, 0., -1.9076580000000000e+01,
    4.8550000000000004e+01, 0., -1.8968579999999999e+01,
    4.8600000000000001e+01, 0., -1.8889579999999999e+01,
    4.8650000000000006e+01, 0., -1.8791820000000001e+01,
    4.8700000000000003e+01, 0., -1.8714939999999999e+01,
    4.8750000000000000e+01, 0., -1.8621500000000001e+01,
    4.8800000000000004e+01, 0., -1.8550100000000000e+01,
    4.8850000000000001e+01, 0., -1.8445799999999998e+01,
    4.8900000000000006e+01, 0., -1.8354399999999998e+01,
    4.8950000000000003e+01, 0., -1.8249620000000000e+01, 49., 0.,
    -1.8170900000000000e+01, 4.9050000000000004e+01, 0.,
    -1.8071600000000000e+01, 4.9100000000000001e+01, 0.,
    -1.7991679999999999e+01, 4.9150000000000006e+01, 0.,
    -1.7897810000000000e+01, 4.9200000000000003e+01, 0.,
    -1.7825970000000002e+01, 4.9250000000000000e+01, 0.,
    -1.7728890000000000e+01, 4.9300000000000004e+01, 0.,
    -1.7647410000000001e+01, 4.9350000000000001e+01, 0.,
    -1.7561330000000002e+01, 4.9400000000000006e+01, 0.,
    -1.7495650000000001e+01, 4.9450000000000003e+01, 0.,
    -1.7396439999999998e+01, 4.9500000000000000e+01, 0.,
    -1.7295800000000000e+01, 4.9550000000000004e+01, 0.,
    -1.7224360000000001e+01, 4.9600000000000001e+01, 0.,
    -1.7134979999999999e+01, 4.9650000000000006e+01, 0.,
    -1.7063540000000000e+01, 4.9700000000000003e+01, 0.,
    -1.6974250000000001e+01, 4.9750000000000000e+01, 0.,
    -1.6902970000000000e+01, 4.9800000000000004e+01, 0.,
    -1.6815799999999999e+01, 4.9850000000000001e+01, 0.,
    -1.6748519999999999e+01, 4.9900000000000006e+01, 0.,
    -1.6656099999999999e+01, 4.9950000000000003e+01, 0.,
    -1.6572220000000002e+01, 50., 0., -1.6478320000000000e+01,
    5.0050000000000004e+01, 0., -1.6409040000000001e+01,
    5.0100000000000001e+01, 0., -1.6321030000000000e+01,
    5.0150000000000006e+01, 0., -1.6249870000000001e+01,
    5.0200000000000003e+01, 0., -1.6170079999999999e+01,
    5.0250000000000000e+01, 0., -1.6108120000000000e+01,
    5.0300000000000004e+01, 0., -1.6022829999999999e+01,
    5.0350000000000001e+01, 0., -1.5935070000000000e+01,
    5.0400000000000006e+01, 0., -1.5863149999999999e+01,
    5.0450000000000003e+01, 0., -1.5778290000000000e+01,
    5.0500000000000000e+01, 0., -1.5716530000000001e+01,
    5.0550000000000004e+01, 0., -1.5633929999999999e+01,
    5.0600000000000001e+01, 0., -1.5561370000000000e+01,
    5.0650000000000006e+01, 0., -1.5482690000000000e+01,
    5.0700000000000003e+01, 0., -1.5426170000000001e+01,
    5.0750000000000000e+01, 0., -1.5348010000000000e+01,
    5.0800000000000004e+01, 0., -1.5281570000000000e+01,
    5.0850000000000001e+01, 0., -1.5202330000000000e+01,
    5.0900000000000006e+01, 0., -1.5124990000000000e+01,
    5.0950000000000003e+01, 0., -1.5066070000000000e+01, 51., 0.,
    -1.4992950000000000e+01, 5.1050000000000004e+01, 0.,
    -1.4936310000000001e+01, 5.1100000000000001e+01, 0.,
    -1.4861910000000000e+01, 5.1150000000000006e+01, 0.,
    -1.4798069999999999e+01, 5.1200000000000003e+01, 0.,
    -1.4724280000000000e+01, 5.1250000000000000e+01, 0.,
    -1.4668519999999999e+01, 5.1300000000000004e+01, 0.,
    -1.4594450000000000e+01, 5.1350000000000001e+01, 0.,
    -1.4518689999999999e+01, 5.1400000000000006e+01, 0.,
    -1.4456130000000000e+01, 5.1450000000000003e+01, 0.,
    -1.4378679999999999e+01, 5.1500000000000000e+01, 0.,
    -1.4319319999999999e+01, 5.1550000000000004e+01, 0.,
    -1.4245540000000000e+01, 5.1600000000000001e+01, 0.,
    -1.4187060000000001e+01, 5.1650000000000006e+01, 0.,
    -1.4109460000000000e+01, 5.1700000000000003e+01, 0.,
    -1.4045059999999999e+01, 5.1750000000000000e+01, 0.,
    -1.3977539999999999e+01, 5.1800000000000004e+01, 0.,
    -1.3926180000000000e+01, 5.1850000000000001e+01, 0.,
    -1.3860139999999999e+01, 5.1900000000000006e+01, 0.,
    -1.3792470000000000e+01, 5.1950000000000003e+01, 0.,
    -1.3734830000000001e+01, 52., 0., -1.3665030000000000e+01,
    5.2050000000000004e+01, 0., -1.3611910000000000e+01,
    5.2100000000000001e+01, 0., -1.3541020000000000e+01,
    5.2150000000000006e+01, 0., -1.3481980000000000e+01,
    5.2200000000000003e+01, 0., -1.3414059999999999e+01,
    5.2250000000000000e+01, 0., -1.3347939999999999e+01,
    5.2300000000000004e+01, 0., -1.3296300000000000e+01,
    5.2350000000000001e+01, 0., -1.3229460000000000e+01,
    5.2400000000000006e+01, 0., -1.3173380000000000e+01,
    5.2450000000000003e+01, 0., -1.3107710000000001e+01,
    5.2500000000000000e+01, 0., -1.3057550000000001e+01,
    5.2550000000000004e+01, 0., -1.2994770000000001e+01,
    5.2600000000000001e+01, 0., -1.2930009999999999e+01,
    5.2650000000000006e+01, 0., -1.2871850000000000e+01,
    5.2700000000000003e+01, 0., -1.2804000000000000e+01,
    5.2750000000000000e+01, 0., -1.2755599999999999e+01,
    5.2800000000000004e+01, 0., -1.2691700000000001e+01,
    5.2850000000000001e+01, 0., -1.2636540000000000e+01,
    5.2900000000000006e+01, 0., -1.2572509999999999e+01,
    5.2950000000000003e+01, 0., -1.2523949999999999e+01, 53., 0.,
    -1.2458159999999999e+01, 5.3050000000000004e+01, 0.,
    -1.2392060000000001e+01, 5.3100000000000001e+01, 0.,
    -1.2342140000000001e+01, 5.3150000000000006e+01, 0.,
    -1.2280080000000000e+01, 5.3200000000000003e+01, 0.,
    -1.2230960000000000e+01, 5.3250000000000000e+01, 0.,
    -1.2172240000000000e+01, 5.3300000000000004e+01, 0.,
    -1.2126720000000001e+01, 5.3350000000000001e+01, 0.,
