%YAML:1.0
---
profile: [ 4.8550000000000004e+01, 0., -2.3465190000000000e+01,
    4.8600000000000001e+01, 0., -2.3448470000000000e+01,
    4.8650000000000006e+01, 0., -2.3431989999999999e+01,
    4.8700000000000003e+01, 0., -2.3419750000000001e+01,
    4.8750000000000000e+01, 0., -2.3419830000000001e+01,
    4.8800000000000004e+01, 0., -2.3419979999999999e+01,
    4.8850000000000001e+01, 0., -2.3420100000000001e+01,
    4.8900000000000006e+01, 0., -2.3419490000000000e+01,
    4.8950000000000003e+01, 0., -2.3422210000000000e+01, 49., 0.,
    -2.3435649999999999e+01, 4.9050000000000004e+01, 0.,
    -2.3432020000000001e+01, 4.9100000000000001e+01, 0.,
    -2.3418220000000002e+01, 4.9150000000000006e+01, 0.,
    -2.3401700000000002e+01, 4.9200000000000003e+01, 0.,
    -2.3384039999999999e+01, 4.9250000000000000e+01, 0.,
    -2.3365600000000001e+01, 4.9300000000000004e+01, 0.,
    -2.3317720000000001e+01, 4.9350000000000001e+01, 0.,
    -2.3249720000000000e+01, 4.9400000000000006e+01, 0.,
    -2.3164169999999999e+01, 4.9450000000000003e+01, 0.,
    -2.3095490000000002e+01, 4.9500000000000000e+01, 0.,
    -2.3001940000000001e+01, 4.9550000000000004e+01, 0.,
    -2.2923020000000001e+01, 4.9600000000000001e+01, 0.,
    -2.2825070000000000e+01, 4.9650000000000006e+01, 0.,
    -2.2747150000000001e+01, 4.9700000000000003e+01, 0.,
    -2.2642029999999998e+01, 4.9750000000000000e+01, 0.,
    -2.2556390000000000e+01, 4.9800000000000004e+01, 0.,
    -2.2454879999999999e+01, 4.9850000000000001e+01, 0.,
    -2.2374800000000000e+01, 4.9900000000000006e+01, 0.,
    -2.2284379999999999e+01, 4.9950000000000003e+01, 0.,
    -2.2213979999999999e+01, 50., 0., -2.2112680000000001e+01,
    5.0050000000000004e+01, 0., -2.2012119999999999e+01,
    5.0100000000000001e+01, 0., -2.1944600000000001e+01,
    5.0150000000000006e+01, 0., -2.1858280000000001e+01,
    5.0200000000000003e+01, 0., -2.1783320000000000e+01,
    5.0250000000000000e+01, 0., -2.1688450000000000e+01,
    5.0300000000000004e+01, 0., -2.1608850000000000e+01,
    5.0350000000000001e+01, 0., -2.1515120000000000e+01,
    5.0400000000000006e+01, 0., -2.1447160000000000e+01,
    5.0450000000000003e+01, 0., -2.1359909999999999e+01,
    5.0500000000000000e+01, 0., -2.1287350000000000e+01,
    5.0550000000000004e+01, 0., -2.1197640000000000e+01,
    5.0600000000000001e+01, 0., -2.1126439999999999e+01,
    5.0650000000000006e+01, 0., -2.1038959999999999e+01,
    5.0700000000000003e+01, 0., -2.0969840000000001e+01,
    5.0750000000000000e+01, 0., -2.0879870000000000e+01,
    5.0800000000000004e+01, 0., -2.0805990000000001e+01,
    5.0850000000000001e+01, 0., -2.0723849999999999e+01,
    5.0900000000000006e+01, 0., -2.0660250000000001e+01,
    5.0950000000000003e+01, 0., -2.0576550000000001e+01, 51., 0.,
    -2.0493079999999999e+01, 5.1050000000000004e+01, 0.,
    -2.0430240000000001e+01, 5.1100000000000001e+01, 0.,
    -2.0350040000000000e+01, 5.1150000000000006e+01, 0.,
    -2.0280919999999998e+01, 5.1200000000000003e+01, 0.,
    -2.0194469999999999e+01, 5.1250000000000000e+01, 0.,
    -2.0125350000000001e+01, 5.1300000000000004e+01, 0.,
    -2.0044789999999999e+01, 5.1350000000000001e+01, 0.,
    -1.9983470000000001e+01, 5.1400000000000006e+01, 0.,
    -1.9907309999999999e+01, 5.1450000000000003e+01, 0.,
    -1.9846710000000002e+01, 5.1500000000000000e+01, 0.,
    -1.9777709999999999e+01, 5.1550000000000004e+01, 0.,
    -1.9723870000000002e+01, 5.1600000000000001e+01, 0.,
    -1.9646840000000001e+01, 5.1650000000000006e+01, 0.,
    -1.9566469999999999e+01, 5.1700000000000003e+01, 0.,
    -1.9499189999999999e+01, 5.1750000000000000e+01, 0.,
    -1.9420190000000002e+01, 5.1800000000000004e+01, 0.,
    -1.9363109999999999e+01, 5.1850000000000001e+01, 0.,
    -1.9288560000000000e+01, 5.1900000000000006e+01, 0.,
    -1.9225159999999999e+01, 5.1950000000000003e+01, 0.,
    -1.9141960000000001e+01, 52., 0., -1.9073319999999999e+01,
    5.2050000000000004e+01, 0., -1.9001840000000001e+01,
    5.2100000000000001e+01, 0., -1.8947559999999999e+01,
    5.2150000000000006e+01, 0., -1.8866160000000001e+01,
    5.2200000000000003e+01, 0., -1.8782720000000001e+01,
    5.2250000000000000e+01, 0., -1.8720240000000000e+01,
    5.2300000000000004e+01, 0., -1.8644390000000001e+01,
    5.2350000000000001e+01, 0., -1.8586469999999998e+01,
    5.2400000000000006e+01, 0., -1.8519890000000000e+01,
    5.2450000000000003e+01, 0., -1.8469770000000000e+01,
    5.2500000000000000e+01, 0., -1.8402460000000001e+01,
    5.2550000000000004e+01, 0., -1.8346139999999998e+01,
    5.2600000000000001e+01, 0., -1.8274970000000000e+01,
    5.2650000000000006e+01, 0., -1.8203090000000000e+01,
    5.2700000000000003e+01, 0., -1.8143850000000000e+01,
    5.2750000000000000e+01, 0., -1.8072030000000002e+01,
    5.2800000000000004e+01, 0., -1.8017350000000000e+01,
    5.2850000000000001e+01, 0., -1.7949510000000000e+01,
    5.2900000000000006e+01, 0., -1.7895589999999999e+01,
    5.2950000000000003e+01, 0., -1.7824780000000001e+01, 53., 0.,
    -1.7766380000000002e+01, 5.3050000000000004e+01, 0.,
    -1.7698680000000000e+01, 5.3100000000000001e+01, 0.,
    -1.7633209999999998e+01, 5.3150000000000006e+01, 0.,
    -1.7583890000000000e+01, 5.3200000000000003e+01, 0.,
    -1.7521429999999999e+01, 5.3250000000000000e+01, 0.,
    -1.7470630000000000e+01, 5.3300000000000004e+01, 0.,
    -1.7405449999999998e+01, 5.3350000000000001e+01, 0.,
    -1.7352409999999999e+01, 5.3400000000000006e+01, 0.,
    -1.7287659999999999e+01, 5.3450000000000003e+01, 0.,
    -1.7223710000000001e+01, 5.3500000000000000e+01, 0.,
    -1.7173950000000001e+01, 5.3550000000000004e+01, 0.,
    -1.7110749999999999e+01, 5.3600000000000001e+01, 0.,
    -1.7057070000000000e+01, 5.3650000000000006e+01, 0.,
    -1.6990330000000000e+01, 5.3700000000000003e+01, 0.,
    -1.6937410000000000e+01, 5.3750000000000000e+01, 0.,
    -1.6874580000000002e+01, 5.3800000000000004e+01, 0.,
    -1.6826180000000001e+01, 5.3850000000000001e+01, 0.,
    -1.6764140000000001e+01, 5.3900000000000006e+01, 0.,
    -1.6702470000000002e+01, 5.3950000000000003e+01, 0.,
    -1.6655590000000000e+01, 54., 0., -1.6595109999999998e+01,
    5.4050000000000004e+01, 0., -1.6544509999999999e+01,
    5.4100000000000001e+01, 0., -1.6483460000000001e+01,
    5.4150000000000006e+01, 0., -1.6435860000000002e+01,
    5.4200000000000003e+01, 0., -1.6374839999999999e+01,
    5.4250000000000000e+01, 0., -1.6313620000000000e+01,
    5.4300000000000004e+01, 0., -1.6265300000000000e+01,
    5.4350000000000001e+01, 0., -1.6204870000000000e+01,
    5.4400000000000006e+01, 0., -1.6156510000000001e+01,
    5.4450000000000003e+01, 0., -1.6099419999999999e+01,
    5.4500000000000000e+01, 0., -1.6055579999999999e+01,
    5.4550000000000004e+01, 0., -1.5994809999999999e+01,
    5.4600000000000001e+01, 0., -1.5933149999999999e+01,
    5.4650000000000006e+01, 0., -1.5885710000000000e+01,
    5.4700000000000003e+01, 0., -1.5825640000000000e+01,
    5.4750000000000000e+01, 0., -1.5776719999999999e+01,
    5.4800000000000004e+01, 0., -1.5718400000000001e+01,
    5.4850000000000001e+01, 0., -1.5673280000000000e+01,
    5.4900000000000006e+01, 0., -1.5616070000000001e+01,
    5.4950000000000003e+01, 0., -1.5559650000000000e+01, 55., 0.,
    -1.5517530000000001e+01, 5.5050000000000004e+01, 0.,
    -1.5463020000000000e+01, 5.5100000000000001e+01, 0.,
    -1.5417220000000000e+01, 5.5150000000000006e+01, 0.,
    -1.5363870000000000e+01, 5.5200000000000003e+01, 0.,
    -1.5323309999999999e+01, 5.5250000000000000e+01, 0.,
    -1.5269579999999999e+01, 5.5300000000000004e+01, 0.,
    -1.5214689999999999e+01, 5.5350000000000001e+01, 0.,
    -1.5169210000000000e+01, 5.5400000000000006e+01, 0.,
    -1.5113890000000000e+01, 5.5450000000000003e+01, 0.,
    -1.5070489999999999e+01, 5.5500000000000000e+01, 0.,
    -1.5017620000000001e+01, 5.5550000000000004e+01, 0.,
    -1.4963540000000000e+01, 5.5600000000000001e+01, 0.,
    -1.4915060000000000e+01, 5.5650000000000006e+01, 0.,
