%YAML:1.0
---
profile: [ 2.1990000000000001e+02, 0., -3.7436000000000003e-01,
    2.1995000000000002e+02, 0., -3.5452000000000000e-01, 220., 0.,
    -3.3316000000000001e-01, 2.2005000000000001e+02, 0.,
    -2.9949999999999999e-01, 2.2010000000000002e+02, 0.,
    -2.5956000000000001e-01, 2.2015000000000001e+02, 0.,
    -2.2212000000000001e-01, 2.2020000000000002e+02, 0.,
    -1.6725000000000001e-01, 2.2025000000000000e+02, 0.,
    -1.1377000000000000e-01, 2.2030000000000001e+02, 0.,
    -5.0939999999999999e-02, 2.2035000000000002e+02, 0.,
    7.7000000000000002e-03, 2.2040000000000001e+02, 0.,
    4.4420000000000001e-02, 2.2045000000000002e+02, 0.,
    8.7959999999999997e-02, 2.2050000000000000e+02, 0.,
    1.1996000000000000e-01, 2.2055000000000001e+02, 0.,
    1.6685000000000000e-01, 2.2060000000000002e+02, 0.,
    2.2001000000000001e-01, 2.2065000000000001e+02, 0.,
    2.6801000000000003e-01, 2.2070000000000002e+02, 0.,
    3.2902999999999999e-01, 2.2075000000000000e+02, 0.,
    3.7830999999999998e-01, 2.2080000000000001e+02, 0.,
    4.3941000000000002e-01, 2.2085000000000002e+02, 0.,
    4.9576999999999999e-01, 2.2090000000000001e+02, 0.,
    5.3529000000000004e-01, 2.2095000000000002e+02, 0.,
    5.8052000000000004e-01, 221., 0., 6.2653000000000003e-01,
    2.2105000000000001e+02, 0., 6.6905000000000003e-01,
    2.2110000000000002e+02, 0., 7.1935000000000004e-01,
    2.2115000000000001e+02, 0., 7.5799000000000005e-01,
    2.2120000000000002e+02, 0., 8.0337000000000003e-01,
    2.2125000000000000e+02, 0., 8.4641999999999995e-01,
    2.2130000000000001e+02, 0., 8.7897999999999998e-01,
    2.2135000000000002e+02, 0., 9.3123000000000000e-01,
    2.2140000000000001e+02, 0., 9.8897999999999997e-01,
    2.2145000000000002e+02, 0., 1.0281400000000001e+00,
    2.2150000000000000e+02, 0., 1.0800000000000001e+00,
    2.2155000000000001e+02, 0., 1.1248800000000001e+00,
    2.2160000000000002e+02, 0., 1.1763399999999999e+00,
    2.2165000000000001e+02, 0., 1.2251099999999999e+00,
    2.2170000000000002e+02, 0., 1.2623500000000001e+00,
    2.2175000000000000e+02, 0., 1.3105700000000000e+00,
    2.2180000000000001e+02, 0., 1.3589700000000000e+00,
    2.2185000000000002e+02, 0., 1.3947700000000001e+00,
    2.2190000000000001e+02, 0., 1.4459299999999999e+00,
    2.2195000000000002e+02, 0., 1.4944900000000001e+00, 222., 0.,
    1.5483899999999999e+00, 2.2205000000000001e+02, 0.,
    1.6007600000000000e+00, 2.2210000000000002e+02, 0.,
    1.6431600000000000e+00, 2.2215000000000001e+02, 0.,
    1.6910600000000000e+00, 2.2220000000000002e+02, 0.,
    1.7352300000000001e+00, 2.2225000000000000e+02, 0.,
    1.7696300000000000e+00, 2.2230000000000001e+02, 0.,
    1.8169599999999999e+00, 2.2235000000000002e+02, 0.,
    1.8600000000000001e+00, 2.2240000000000001e+02, 0.,
    1.9183300000000001e+00, 2.2245000000000002e+02, 0.,
    1.9789099999999999e+00, 2.2250000000000000e+02, 0.,
    2.0309499999999998e+00, 2.2255000000000001e+02, 0.,
    2.0897899999999998e+00, 2.2260000000000002e+02, 0.,
    2.1409600000000002e+00, 2.2265000000000001e+02, 0.,
    2.1706400000000001e+00, 2.2270000000000002e+02, 0.,
    2.2102400000000002e+00, 2.2275000000000000e+02, 0.,
    2.2448800000000002e+00, 2.2280000000000001e+02, 0.,
    2.2905199999999999e+00, 2.2285000000000002e+02, 0.,
    2.3337200000000000e+00, 2.2290000000000001e+02, 0.,
    2.3647200000000002e+00, 2.2295000000000002e+02, 0.,
    2.4141200000000000e+00, 223., 0., 2.4687700000000001e+00,
    2.2305000000000001e+02, 0., 2.5063300000000002e+00,
    2.2310000000000002e+02, 0., 2.5575000000000001e+00,
    2.2315000000000001e+02, 0., 2.6034199999999998e+00,
    2.2320000000000002e+02, 0., 2.6563400000000001e+00,
    2.2325000000000000e+02, 0., 2.7045400000000002e+00,
    2.2330000000000001e+02, 0., 2.7387400000000000e+00,
    2.2335000000000002e+02, 0., 2.7886199999999999e+00,
    2.2340000000000001e+02, 0., 2.8433500000000000e+00,
    2.2345000000000002e+02, 0., 2.8876300000000001e+00,
    2.2350000000000000e+02, 0., 2.9418000000000002e+00,
    2.2355000000000001e+02, 0., 2.9844800000000000e+00,
    2.2360000000000002e+02, 0., 3.0356500000000000e+00,
    2.2365000000000001e+02, 0., 3.0863700000000001e+00,
    2.2370000000000002e+02, 0., 3.1270500000000001e+00,
    2.2375000000000000e+02, 0., 3.1732499999999999e+00,
    2.2380000000000001e+02, 0., 3.2181799999999998e+00,
    2.2385000000000002e+02, 0., 3.2600600000000002e+00,
    2.2390000000000001e+02, 0., 3.3114200000000000e+00,
    2.2395000000000002e+02, 0., 3.3594200000000001e+00, 224., 0.,
    3.3895000000000000e+00, 2.2405000000000001e+02, 0.,
    3.4308299999999998e+00, 2.2410000000000002e+02, 0.,
    3.4682700000000000e+00, 2.2415000000000001e+02, 0.,
    3.5239799999999999e+00, 2.2420000000000002e+02, 0.,
    3.5904300000000000e+00, 2.2425000000000000e+02, 0.,
    3.6538300000000001e+00, 2.2430000000000001e+02, 0.,
    3.7225199999999998e+00, 2.2435000000000002e+02, 0.,
    3.7805800000000001e+00, 2.2440000000000001e+02, 0.,
    3.8158599999999998e+00, 2.2445000000000002e+02, 0.,
    3.8550300000000002e+00, 2.2450000000000000e+02, 0.,
    3.8803500000000000e+00, 2.2455000000000001e+02, 0.,
    3.9150600000000000e+00, 2.2460000000000002e+02, 0.,
    3.9549699999999999e+00, 2.2465000000000001e+02, 0.,
    3.9922900000000001e+00, 2.2470000000000002e+02, 0.,
    4.0433300000000001e+00, 2.2475000000000000e+02, 0.,
    4.0995799999999996e+00, 2.2480000000000001e+02, 0.,
    4.1577000000000002e+00, 2.2485000000000002e+02, 0.,
    4.2228899999999996e+00, 2.2490000000000001e+02, 0.,
    4.2710499999999998e+00, 2.2495000000000002e+02, 0.,
    4.3336899999999998e+00, 225., 0., 4.3895000000000000e+00,
    2.2505000000000001e+02, 0., 4.4251399999999999e+00,
    2.2510000000000002e+02, 0., 4.4690700000000003e+00,
    2.2515000000000001e+02, 0., 4.5105899999999997e+00,
    2.2520000000000002e+02, 0., 4.5411099999999998e+00,
    2.2525000000000000e+02, 0., 4.5920100000000001e+00,
    2.2530000000000001e+02, 0., 4.6501500000000000e+00,
    2.2535000000000002e+02, 0., 4.6923899999999996e+00,
    2.2540000000000001e+02, 0., 4.7373500000000002e+00,
    2.2545000000000002e+02, 0., 4.7691100000000004e+00,
    2.2550000000000000e+02, 0., 4.8134199999999998e+00,
    2.2555000000000001e+02, 0., 4.8614400000000000e+00,
    2.2560000000000002e+02, 0., 4.9028799999999997e+00,
    2.2565000000000001e+02, 0., 4.9599599999999997e+00,
    2.2570000000000002e+02, 0., 5.0121700000000002e+00,
    2.2575000000000000e+02, 0., 5.0464500000000001e+00,
    2.2580000000000001e+02, 0., 5.0936500000000002e+00,
    2.2585000000000002e+02, 0., 5.1438199999999998e+00,
    2.2590000000000001e+02, 0., 5.1844599999999996e+00,
    2.2595000000000002e+02, 0., 5.2369399999999997e+00, 226., 0.,
    5.2901300000000004e+00, 2.2605000000000001e+02, 0.,
    5.3314899999999996e+00, 2.2610000000000002e+02, 0.,
    5.3824500000000004e+00, 2.2615000000000001e+02, 0.,
    5.4222500000000000e+00, 2.2620000000000002e+02, 0.,
    5.4735199999999997e+00, 2.2625000000000000e+02, 0.,
    5.5232099999999997e+00, 2.2630000000000001e+02, 0.,
    5.5605700000000002e+00, 2.2635000000000002e+02, 0.,
    5.6196000000000002e+00, 2.2640000000000001e+02, 0.,
    5.6844099999999997e+00, 2.2645000000000002e+02, 0.,
    5.7285300000000001e+00, 2.2650000000000000e+02, 0.,
    5.7798699999999998e+00, 2.2655000000000001e+02, 0.,
    5.8263100000000003e+00, 2.2660000000000002e+02, 0.,
    5.8559099999999997e+00, 2.2665000000000001e+02, 0.,
    5.8957899999999999e+00, 2.2670000000000002e+02, 0.,
    5.9311100000000003e+00, 2.2675000000000000e+02, 0.,
    5.9745799999999996e+00, 2.2680000000000001e+02, 0.,
    6.0196899999999998e+00, 2.2685000000000002e+02, 0.,
    6.0579299999999998e+00, 2.2690000000000001e+02, 0.,
    6.1145899999999997e+00, 2.2695000000000002e+02, 0.,
    6.1679500000000003e+00, 227., 0., 6.2039499999999999e+00,
    2.2705000000000001e+02, 0., 6.2545000000000002e+00,
    2.2710000000000002e+02, 0., 6.3072600000000003e+00,
