%YAML:1.0
---
profile: [ 2.5440000000000001e+02, 0., -5.5278900000000002e+00,
    2.5445000000000002e+02, 0., -5.5127699999999997e+00,
    2.5450000000000000e+02, 0., -5.4826499999999996e+00,
    2.5455000000000001e+02, 0., -5.4420700000000002e+00,
    2.5460000000000002e+02, 0., -5.4001500000000000e+00,
    2.5465000000000001e+02, 0., -5.3434999999999997e+00,
    2.5470000000000002e+02, 0., -5.2864399999999998e+00,
    2.5475000000000000e+02, 0., -5.2484799999999998e+00,
    2.5480000000000001e+02, 0., -5.2010100000000001e+00,
    2.5485000000000002e+02, 0., -5.1500000000000004e+00,
    2.5490000000000001e+02, 0., -5.0978000000000003e+00,
    2.5495000000000002e+02, 0., -5.0314100000000002e+00, 255., 0.,
    -4.9678199999999997e+00, 2.5505000000000001e+02, 0.,
    -4.9282599999999999e+00, 2.5510000000000002e+02, 0.,
    -4.8800900000000000e+00, 2.5515000000000001e+02, 0.,
    -4.8321699999999996e+00, 2.5520000000000002e+02, 0.,
    -4.7918900000000004e+00, 2.5525000000000000e+02, 0.,
    -4.7393200000000002e+00, 2.5530000000000001e+02, 0.,
    -4.6892199999999997e+00, 2.5535000000000002e+02, 0.,
    -4.6538199999999996e+00, 2.5540000000000001e+02, 0.,
    -4.6022699999999999e+00, 2.5545000000000002e+02, 0.,
    -4.5514000000000001e+00, 2.5550000000000000e+02, 0.,
    -4.5136399999999997e+00, 2.5555000000000001e+02, 0.,
    -4.4552800000000001e+00, 2.5560000000000002e+02, 0.,
    -4.3981399999999997e+00, 2.5565000000000001e+02, 0.,
    -4.3572600000000001e+00, 2.5570000000000002e+02, 0.,
    -4.3046199999999999e+00, 2.5575000000000000e+02, 0.,
    -4.2558199999999999e+00, 2.5580000000000001e+02, 0.,
    -4.2219400000000000e+00, 2.5585000000000002e+02, 0.,
    -4.1859599999999997e+00, 2.5590000000000001e+02, 0.,
    -4.1484399999999999e+00, 2.5595000000000002e+02, 0.,
    -4.1146799999999999e+00, 256., 0., -4.0606299999999997e+00,
    2.5605000000000001e+02, 0., -4.0024899999999999e+00,
    2.5610000000000002e+02, 0., -3.9546500000000000e+00,
    2.5615000000000003e+02, 0., -3.8940800000000002e+00,
    2.5619999999999999e+02, 0., -3.8462900000000002e+00,
    2.5625000000000000e+02, 0., -3.8064900000000002e+00,
    2.5630000000000001e+02, 0., -3.7728100000000002e+00,
    2.5635000000000002e+02, 0., -3.7229999999999999e+00,
    2.5640000000000003e+02, 0., -3.6684800000000002e+00,
    2.5644999999999999e+02, 0., -3.6262400000000001e+00,
    2.5650000000000000e+02, 0., -3.5680700000000001e+00,
    2.5655000000000001e+02, 0., -3.5074900000000002e+00,
    2.5660000000000002e+02, 0., -3.4629699999999999e+00,
    2.5665000000000003e+02, 0., -3.4071500000000001e+00,
    2.5669999999999999e+02, 0., -3.3524200000000000e+00,
    2.5675000000000000e+02, 0., -3.3123399999999998e+00,
    2.5680000000000001e+02, 0., -3.2656299999999998e+00,
    2.5685000000000002e+02, 0., -3.2185500000000000e+00,
    2.5690000000000003e+02, 0., -3.1794300000000000e+00,
    2.5694999999999999e+02, 0., -3.1306400000000001e+00, 257., 0.,
    -3.0822699999999998e+00, 2.5705000000000001e+02, 0.,
    -3.0439900000000000e+00, 2.5710000000000002e+02, 0.,
    -2.9962900000000001e+00, 2.5715000000000003e+02, 0.,
    -2.9482599999999999e+00, 2.5719999999999999e+02, 0.,
    -2.9094199999999999e+00, 2.5725000000000000e+02, 0.,
    -2.8614899999999999e+00, 2.5730000000000001e+02, 0.,
    -2.8172899999999998e+00, 2.5735000000000002e+02, 0.,
    -2.7862499999999999e+00, 2.5740000000000003e+02, 0.,
    -2.7350400000000001e+00, 2.5744999999999999e+02, 0.,
    -2.6823800000000002e+00, 2.5750000000000000e+02, 0.,
    -2.6307100000000001e+00, 2.5755000000000001e+02, 0.,
    -2.5888300000000002e+00, 2.5760000000000002e+02, 0.,
    -2.5428299999999999e+00, 2.5765000000000003e+02, 0.,
    -2.5028400000000000e+00, 2.5769999999999999e+02, 0.,
    -2.4764800000000000e+00, 2.5775000000000000e+02, 0.,
    -2.4405899999999998e+00, 2.5780000000000001e+02, 0.,
    -2.3994700000000000e+00, 2.5785000000000002e+02, 0.,
    -2.3560699999999999e+00, 2.5790000000000003e+02, 0.,
    -2.2923200000000001e+00, 2.5794999999999999e+02, 0.,
    -2.2285599999999999e+00, 258., 0., -2.1852000000000000e+00,
    2.5805000000000001e+02, 0., -2.1279100000000000e+00,
    2.5810000000000002e+02, 0., -2.0706600000000002e+00,
    2.5815000000000003e+02, 0., -2.0257800000000001e+00,
    2.5819999999999999e+02, 0., -1.9721200000000001e+00,
    2.5825000000000000e+02, 0., -1.9226799999999999e+00,
    2.5830000000000001e+02, 0., -1.8797900000000001e+00,
    2.5835000000000002e+02, 0., -1.8489100000000001e+00,
    2.5840000000000003e+02, 0., -1.8039600000000000e+00,
    2.5844999999999999e+02, 0., -1.7543899999999999e+00,
    2.5850000000000000e+02, 0., -1.7135100000000001e+00,
    2.5855000000000001e+02, 0., -1.6629499999999999e+00,
    2.5860000000000002e+02, 0., -1.6139699999999999e+00,
    2.5865000000000003e+02, 0., -1.5784899999999999e+00,
    2.5869999999999999e+02, 0., -1.5256200000000000e+00,
    2.5875000000000000e+02, 0., -1.4674199999999999e+00,
    2.5880000000000001e+02, 0., -1.4212199999999999e+00,
    2.5885000000000002e+02, 0., -1.3680099999999999e+00,
    2.5890000000000003e+02, 0., -1.3164000000000000e+00,
    2.5894999999999999e+02, 0., -1.2756400000000001e+00, 259., 0.,
    -1.2253900000000000e+00, 2.5905000000000001e+02, 0.,
    -1.1697700000000000e+00, 2.5910000000000002e+02, 0.,
    -1.1088100000000001e+00, 2.5915000000000003e+02, 0.,
    -1.0696099999999999e+00, 2.5919999999999999e+02, 0.,
    -1.0234399999999999e+00, 2.5925000000000000e+02, 0.,
    -9.7867000000000004e-01, 2.5930000000000001e+02, 0.,
    -9.4106999999999996e-01, 2.5935000000000002e+02, 0.,
    -8.8392999999999999e-01, 2.5940000000000003e+02, 0.,
    -8.2067999999999997e-01, 2.5944999999999999e+02, 0.,
    -7.7083999999999997e-01, 2.5950000000000000e+02, 0.,
    -7.1767999999999998e-01, 2.5955000000000001e+02, 0.,
    -6.6957999999999995e-01, 2.5960000000000002e+02, 0.,
    -6.3434000000000001e-01, 2.5965000000000003e+02, 0.,
    -5.9108000000000005e-01, 2.5969999999999999e+02, 0.,
    -5.4645999999999995e-01, 2.5975000000000000e+02, 0.,
    -5.0166999999999995e-01, 2.5980000000000001e+02, 0.,
    -4.7259000000000001e-01, 2.5985000000000002e+02, 0.,
    -4.2992000000000002e-01, 2.5990000000000003e+02, 0.,
    -3.8381999999999999e-01, 2.5994999999999999e+02, 0.,
    -3.4942000000000001e-01, 260., 0., -3.0180000000000001e-01,
    2.6005000000000001e+02, 0., -2.4904000000000001e-01,
    2.6010000000000002e+02, 0., -2.0004000000000000e-01,
    2.6015000000000003e+02, 0., -1.4352999999999999e-01,
    2.6019999999999999e+02, 0., -8.8569999999999996e-02,
    2.6025000000000000e+02, 0., -4.5130000000000003e-02,
    2.6030000000000001e+02, 0., 3.8999999999999998e-03,
    2.6035000000000002e+02, 0., 5.4320000000000000e-02,
    2.6040000000000003e+02, 0., 1.0693000000000000e-01,
    2.6044999999999999e+02, 0., 1.4277000000000001e-01,
    2.6050000000000000e+02, 0., 1.8701999999999999e-01,
    2.6055000000000001e+02, 0., 2.3147000000000001e-01,
    2.6060000000000002e+02, 0., 2.6890999999999998e-01,
    2.6065000000000003e+02, 0., 3.1766000000000000e-01,
    2.6069999999999999e+02, 0., 3.6640000000000000e-01,
    2.6075000000000000e+02, 0., 4.0383999999999998e-01,
    2.6080000000000001e+02, 0., 4.5284999999999997e-01,
    2.6085000000000002e+02, 0., 5.0083000000000000e-01,
    2.6090000000000003e+02, 0., 5.3734999999999999e-01,
    2.6094999999999999e+02, 0., 6.0265999999999997e-01, 261., 0.,
    6.6381999999999997e-01, 2.6105000000000001e+02, 0.,
    7.1865999999999997e-01, 2.6110000000000002e+02, 0.,
    7.6137999999999995e-01, 2.6115000000000003e+02, 0.,
    8.0939000000000005e-01, 2.6119999999999999e+02, 0.,
    8.5045000000000004e-01, 2.6125000000000000e+02, 0.,
    8.7932999999999995e-01, 2.6130000000000001e+02, 0.,
    9.1856000000000004e-01, 2.6135000000000002e+02, 0.,
    9.5894000000000001e-01, 2.6140000000000003e+02, 0.,
    9.9158000000000002e-01, 2.6144999999999999e+02, 0.,
    1.0369299999999999e+00, 2.6150000000000000e+02, 0.,
