%YAML:1.0
---
profile: [ 2.3285000000000002e+02, 0., -2.3347740000000002e+01,
    2.3290000000000001e+02, 0., -2.3336340000000000e+01,
    2.3295000000000002e+02, 0., -2.3329660000000001e+01, 233., 0.,
    -2.3324719999999999e+01, 2.3305000000000001e+02, 0.,
    -2.3320360000000001e+01, 2.3310000000000002e+02, 0.,
    -2.3314760000000000e+01, 2.3315000000000001e+02, 0.,
    -2.3310199999999998e+01, 2.3320000000000002e+02, 0.,
    -2.3297660000000000e+01, 2.3325000000000000e+02, 0.,
    -2.3281720000000000e+01, 2.3330000000000001e+02, 0.,
    -2.3266999999999999e+01, 2.3335000000000002e+02, 0.,
    -2.3237710000000000e+01, 2.3340000000000001e+02, 0.,
    -2.3208469999999998e+01, 2.3345000000000002e+02, 0.,
    -2.3150160000000000e+01, 2.3350000000000000e+02, 0.,
    -2.3088000000000001e+01, 2.3355000000000001e+02, 0.,
    -2.3040199999999999e+01, 2.3360000000000002e+02, 0.,
    -2.2982309999999998e+01, 2.3365000000000001e+02, 0.,
    -2.2936990000000002e+01, 2.3370000000000002e+02, 0.,
    -2.2878969999999999e+01, 2.3375000000000000e+02, 0.,
    -2.2828240000000001e+01, 2.3380000000000001e+02, 0.,
    -2.2796800000000001e+01, 2.3385000000000002e+02, 0.,
    -2.2757510000000000e+01, 2.3390000000000001e+02, 0.,
    -2.2726109999999998e+01, 2.3395000000000002e+02, 0.,
    -2.2675229999999999e+01, 234., 0., -2.2625779999999999e+01,
    2.3405000000000001e+02, 0., -2.2591419999999999e+01,
    2.3410000000000002e+02, 0., -2.2544429999999998e+01,
    2.3415000000000001e+02, 0., -2.2504750000000001e+01,
    2.3420000000000002e+02, 0., -2.2446700000000000e+01,
    2.3425000000000000e+02, 0., -2.2392720000000001e+01,
    2.3430000000000001e+02, 0., -2.2356919999999999e+01,
    2.3435000000000002e+02, 0., -2.2316060000000000e+01,
    2.3440000000000001e+02, 0., -2.2285499999999999e+01,
    2.3445000000000002e+02, 0., -2.2244769999999999e+01,
    2.3450000000000000e+02, 0., -2.2202030000000001e+01,
    2.3455000000000001e+02, 0., -2.2166229999999999e+01,
    2.3460000000000002e+02, 0., -2.2105010000000000e+01,
    2.3465000000000001e+02, 0., -2.2036460000000002e+01,
    2.3470000000000002e+02, 0., -2.1993060000000000e+01,
    2.3475000000000000e+02, 0., -2.1940280000000001e+01,
    2.3480000000000001e+02, 0., -2.1899880000000000e+01,
    2.3485000000000002e+02, 0., -2.1856870000000001e+01,
    2.3490000000000001e+02, 0., -2.1818770000000001e+01,
    2.3495000000000002e+02, 0., -2.1787649999999999e+01, 235., 0.,
    -2.1742590000000000e+01, 2.3505000000000001e+02, 0.,
    -2.1699149999999999e+01, 2.3510000000000002e+02, 0.,
    -2.1642199999999999e+01, 2.3515000000000001e+02, 0.,
    -2.1584990000000001e+01, 2.3520000000000002e+02, 0.,
    -2.1543910000000000e+01, 2.3525000000000000e+02, 0.,
    -2.1489979999999999e+01, 2.3530000000000001e+02, 0.,
    -2.1443739999999998e+01, 2.3535000000000002e+02, 0.,
    -2.1396400000000000e+01, 2.3540000000000001e+02, 0.,
    -2.1349930000000001e+01, 2.3545000000000002e+02, 0.,
    -2.1307169999999999e+01, 2.3550000000000000e+02, 0.,
    -2.1252459999999999e+01, 2.3555000000000001e+02, 0.,
    -2.1207260000000002e+01, 2.3560000000000002e+02, 0.,
    -2.1152429999999999e+01, 2.3565000000000001e+02, 0.,
    -2.1097819999999999e+01, 2.3570000000000002e+02, 0.,
    -2.1053500000000000e+01, 2.3575000000000000e+02, 0.,
    -2.1004549999999998e+01, 2.3580000000000001e+02, 0.,
    -2.0968830000000001e+01, 2.3585000000000002e+02, 0.,
    -2.0921820000000000e+01, 2.3590000000000001e+02, 0.,
    -2.0874590000000001e+01, 2.3595000000000002e+02, 0.,
    -2.0838149999999999e+01, 236., 0., -2.0788060000000002e+01,
    2.3605000000000001e+02, 0., -2.0745580000000000e+01,
    2.3610000000000002e+02, 0., -2.0675830000000001e+01,
    2.3615000000000001e+02, 0., -2.0606880000000000e+01,
    2.3620000000000002e+02, 0., -2.0557600000000001e+01,
    2.3625000000000000e+02, 0., -2.0495870000000000e+01,
    2.3630000000000001e+02, 0., -2.0437149999999999e+01,
    2.3635000000000002e+02, 0., -2.0400069999999999e+01,
    2.3640000000000001e+02, 0., -2.0352119999999999e+01,
    2.3645000000000002e+02, 0., -2.0311959999999999e+01,
    2.3650000000000000e+02, 0., -2.0265250000000002e+01,
    2.3655000000000001e+02, 0., -2.0222420000000000e+01,
    2.3660000000000002e+02, 0., -2.0192940000000000e+01,
    2.3665000000000001e+02, 0., -2.0153939999999999e+01,
    2.3670000000000002e+02, 0., -2.0120220000000000e+01,
    2.3675000000000000e+02, 0., -2.0077050000000000e+01,
    2.3680000000000001e+02, 0., -2.0030650000000001e+01,
    2.3685000000000002e+02, 0., -1.9984089999999998e+01,
    2.3690000000000001e+02, 0., -1.9920040000000000e+01,
    2.3695000000000002e+02, 0., -1.9865720000000000e+01, 237., 0.,
    -1.9795269999999999e+01, 2.3705000000000001e+02, 0.,
    -1.9731179999999998e+01, 2.3710000000000002e+02, 0.,
    -1.9688300000000002e+01, 2.3715000000000001e+02, 0.,
    -1.9640920000000001e+01, 2.3720000000000002e+02, 0.,
    -1.9606359999999999e+01, 2.3725000000000000e+02, 0.,
    -1.9562500000000000e+01, 2.3730000000000001e+02, 0.,
    -1.9522230000000000e+01, 2.3735000000000002e+02, 0.,
    -1.9494509999999998e+01, 2.3740000000000001e+02, 0.,
    -1.9454260000000001e+01, 2.3745000000000002e+02, 0.,
    -1.9408420000000000e+01, 2.3750000000000000e+02, 0.,
    -1.9365659999999998e+01, 2.3755000000000001e+02, 0.,
    -1.9310009999999998e+01, 2.3760000000000002e+02, 0.,
    -1.9262889999999999e+01, 2.3765000000000001e+02, 0.,
    -1.9206869999999999e+01, 2.3770000000000002e+02, 0.,
    -1.9152609999999999e+01, 2.3775000000000000e+02, 0.,
    -1.9112410000000001e+01, 2.3780000000000001e+02, 0.,
    -1.9067070000000001e+01, 2.3785000000000002e+02, 0.,
    -1.9033429999999999e+01, 2.3790000000000001e+02, 0.,
    -1.8975349999999999e+01, 2.3795000000000002e+02, 0.,
    -1.8917570000000001e+01, 238., 0., -1.8876410000000000e+01,
    2.3805000000000001e+02, 0., -1.8819230000000001e+01,
    2.3810000000000002e+02, 0., -1.8761640000000000e+01,
    2.3815000000000001e+02, 0., -1.8726479999999999e+01,
    2.3820000000000002e+02, 0., -1.8681290000000001e+01,
    2.3825000000000000e+02, 0., -1.8643689999999999e+01,
    2.3830000000000001e+02, 0., -1.8596060000000001e+01,
    2.3835000000000002e+02, 0., -1.8549720000000001e+01,
    2.3840000000000001e+02, 0., -1.8517280000000000e+01,
    2.3845000000000002e+02, 0., -1.8481459999999998e+01,
    2.3850000000000000e+02, 0., -1.8455340000000000e+01,
    2.3855000000000001e+02, 0., -1.8400030000000001e+01,
    2.3860000000000002e+02, 0., -1.8344360000000002e+01,
    2.3865000000000001e+02, 0., -1.8306280000000001e+01,
    2.3870000000000002e+02, 0., -1.8250640000000001e+01,
    2.3875000000000000e+02, 0., -1.8192699999999999e+01,
    2.3880000000000001e+02, 0., -1.8156140000000001e+01,
    2.3885000000000002e+02, 0., -1.8108210000000000e+01,
    2.3890000000000001e+02, 0., -1.8067290000000000e+01,
    2.3895000000000002e+02, 0., -1.8024110000000000e+01, 239., 0.,
    -1.7982810000000001e+01, 2.3905000000000001e+02, 0.,
    -1.7949570000000001e+01, 2.3910000000000002e+02, 0.,
    -1.7897770000000001e+01, 2.3915000000000001e+02, 0.,
    -1.7838349999999998e+01, 2.3920000000000002e+02, 0.,
    -1.7788309999999999e+01, 2.3925000000000000e+02, 0.,
    -1.7727730000000001e+01, 2.3930000000000001e+02, 0.,
    -1.7681770000000000e+01, 2.3935000000000002e+02, 0.,
    -1.7635149999999999e+01, 2.3940000000000001e+02, 0.,
    -1.7591980000000000e+01, 2.3945000000000002e+02, 0.,
    -1.7559660000000001e+01, 2.3950000000000000e+02, 0.,
    -1.7514489999999999e+01, 2.3955000000000001e+02, 0.,
    -1.7475809999999999e+01, 2.3960000000000002e+02, 0.,
    -1.7408210000000000e+01, 2.3965000000000001e+02, 0.,
    -1.7338370000000001e+01, 2.3970000000000002e+02, 0.,
    -1.7285570000000000e+01, 2.3975000000000000e+02, 0.,
    -1.7232370000000000e+01, 2.3980000000000001e+02, 0.,
    -1.7190220000000000e+01, 2.3985000000000002e+02, 0.,
    -1.7164259999999999e+01, 2.3990000000000001e+02, 0.,
