%YAML:1.0
---
profile: [ 2.3710000000000002e+02, 0., -2.3342700000000001e+01,
    2.3715000000000001e+02, 0., -2.3341300000000000e+01,
    2.3720000000000002e+02, 0., -2.3338740000000001e+01,
    2.3725000000000000e+02, 0., -2.3335310000000000e+01,
    2.3730000000000001e+02, 0., -2.3331589999999998e+01,
    2.3735000000000002e+02, 0., -2.3326239999999999e+01,
    2.3740000000000001e+02, 0., -2.3321120000000001e+01,
    2.3745000000000002e+02, 0., -2.3312300000000000e+01,
    2.3750000000000000e+02, 0., -2.3300770000000000e+01,
    2.3755000000000001e+02, 0., -2.3284929999999999e+01,
    2.3760000000000002e+02, 0., -2.3254639999999998e+01,
    2.3765000000000001e+02, 0., -2.3224840000000000e+01,
    2.3770000000000002e+02, 0., -2.3160409999999999e+01,
    2.3775000000000000e+02, 0., -2.3089960000000001e+01,
    2.3780000000000001e+02, 0., -2.3034559999999999e+01,
    2.3785000000000002e+02, 0., -2.2971740000000000e+01,
    2.3790000000000001e+02, 0., -2.2924980000000001e+01,
    2.3795000000000002e+02, 0., -2.2868359999999999e+01, 238., 0.,
    -2.2817789999999999e+01, 2.3805000000000001e+02, 0.,
    -2.2784070000000000e+01, 2.3810000000000002e+02, 0.,
    -2.2740900000000000e+01, 2.3815000000000001e+02, 0.,
    -2.2697949999999999e+01, 2.3820000000000002e+02, 0.,
    -2.2666309999999999e+01, 2.3825000000000000e+02, 0.,
    -2.2629899999999999e+01, 2.3830000000000001e+02, 0.,
    -2.2604659999999999e+01, 2.3835000000000002e+02, 0.,
    -2.2565120000000000e+01, 2.3840000000000001e+02, 0.,
    -2.2518840000000001e+01, 2.3845000000000002e+02, 0.,
    -2.2477280000000000e+01, 2.3850000000000000e+02, 0.,
    -2.2422960000000000e+01, 2.3855000000000001e+02, 0.,
    -2.2376680000000000e+01, 2.3860000000000002e+02, 0.,
    -2.2322099999999999e+01, 2.3865000000000001e+02, 0.,
    -2.2269100000000002e+01, 2.3870000000000002e+02, 0.,
    -2.2229019999999998e+01, 2.3875000000000000e+02, 0.,
    -2.2185530000000000e+01, 2.3880000000000001e+02, 0.,
    -2.2154290000000000e+01, 2.3885000000000002e+02, 0.,
    -2.2112359999999999e+01, 2.3890000000000001e+02, 0.,
    -2.2070720000000001e+01, 2.3895000000000002e+02, 0.,
    -2.2038679999999999e+01, 239., 0., -2.1995149999999999e+01,
    2.3905000000000001e+02, 0., -2.1958510000000000e+01,
    2.3910000000000002e+02, 0., -2.1898599999999998e+01,
    2.3915000000000001e+02, 0., -2.1841419999999999e+01,
    2.3920000000000002e+02, 0., -2.1803260000000002e+01,
    2.3925000000000000e+02, 0., -2.1757310000000000e+01,
    2.3930000000000001e+02, 0., -2.1711220000000001e+01,
    2.3935000000000002e+02, 0., -2.1669940000000000e+01,
    2.3940000000000001e+02, 0., -2.1616740000000000e+01,
    2.3945000000000002e+02, 0., -2.1572299999999998e+01,
    2.3950000000000000e+02, 0., -2.1514620000000001e+01,
    2.3955000000000001e+02, 0., -2.1457599999999999e+01,
    2.3960000000000002e+02, 0., -2.1415839999999999e+01,
    2.3965000000000001e+02, 0., -2.1372140000000002e+01,
    2.3970000000000002e+02, 0., -2.1341740000000001e+01,
    2.3975000000000000e+02, 0., -2.1287070000000000e+01,
    2.3980000000000001e+02, 0., -2.1233519999999999e+01,
    2.3985000000000002e+02, 0., -2.1196999999999999e+01,
    2.3990000000000001e+02, 0., -2.1140250000000002e+01,
    2.3995000000000002e+02, 0., -2.1078460000000000e+01, 240., 0.,
    -2.1036660000000001e+01, 2.4005000000000001e+02, 0.,
    -2.0977460000000001e+01, 2.4010000000000002e+02, 0.,
    -2.0921859999999999e+01, 2.4015000000000001e+02, 0.,
    -2.0863109999999999e+01, 2.4020000000000002e+02, 0.,
    -2.0806130000000000e+01, 2.4025000000000000e+02, 0.,
    -2.0757570000000001e+01, 2.4030000000000001e+02, 0.,
    -2.0707039999999999e+01, 2.4035000000000002e+02, 0.,
    -2.0672120000000000e+01, 2.4040000000000001e+02, 0.,
    -2.0632169999999999e+01, 2.4045000000000002e+02, 0.,
    -2.0595500000000001e+01, 2.4050000000000000e+02, 0.,
    -2.0568980000000000e+01, 2.4055000000000001e+02, 0.,
    -2.0520579999999999e+01, 2.4060000000000002e+02, 0.,
    -2.0462170000000000e+01, 2.4065000000000001e+02, 0.,
    -2.0415929999999999e+01, 2.4070000000000002e+02, 0.,
    -2.0354360000000000e+01, 2.4075000000000000e+02, 0.,
    -2.0300640000000001e+01, 2.4080000000000001e+02, 0.,
    -2.0245509999999999e+01, 2.4085000000000002e+02, 0.,
    -2.0191920000000000e+01, 2.4090000000000001e+02, 0.,
    -2.0144320000000000e+01, 2.4095000000000002e+02, 0.,
    -2.0094940000000001e+01, 241., 0., -2.0060900000000000e+01,
    2.4105000000000001e+02, 0., -2.0013439999999999e+01,
    2.4110000000000002e+02, 0., -1.9969490000000000e+01,
    2.4115000000000001e+02, 0., -1.9940010000000001e+01,
    2.4120000000000002e+02, 0., -1.9901299999999999e+01,
    2.4125000000000000e+02, 0., -1.9861030000000000e+01,
    2.4130000000000001e+02, 0., -1.9827829999999999e+01,
    2.4135000000000002e+02, 0., -1.9776119999999999e+01,
    2.4140000000000001e+02, 0., -1.9722639999999998e+01,
    2.4145000000000002e+02, 0., -1.9664000000000001e+01,
    2.4150000000000000e+02, 0., -1.9605770000000000e+01,
    2.4155000000000001e+02, 0., -1.9554050000000000e+01,
    2.4160000000000002e+02, 0., -1.9497820000000001e+01,
    2.4165000000000001e+02, 0., -1.9449050000000000e+01,
    2.4170000000000002e+02, 0., -1.9415929999999999e+01,
    2.4175000000000000e+02, 0., -1.9369959999999999e+01,
    2.4180000000000001e+02, 0., -1.9327800000000000e+01,
    2.4185000000000002e+02, 0., -1.9283359999999998e+01,
    2.4190000000000001e+02, 0., -1.9238730000000000e+01,
    2.4195000000000002e+02, 0., -1.9195730000000001e+01, 242., 0.,
    -1.9151100000000000e+01, 2.4205000000000001e+02, 0.,
    -1.9120300000000000e+01, 2.4210000000000002e+02, 0.,
    -1.9068760000000001e+01, 2.4215000000000001e+02, 0.,
    -1.9011830000000000e+01, 2.4220000000000002e+02, 0.,
    -1.8963709999999999e+01, 2.4225000000000000e+02, 0.,
    -1.8900980000000001e+01, 2.4230000000000001e+02, 0.,
    -1.8838270000000001e+01, 2.4235000000000002e+02, 0.,
    -1.8793550000000000e+01, 2.4240000000000001e+02, 0.,
    -1.8748069999999998e+01, 2.4245000000000002e+02, 0.,
    -1.8717310000000001e+01, 2.4250000000000000e+02, 0.,
    -1.8673600000000000e+01, 2.4255000000000001e+02, 0.,
    -1.8629280000000001e+01, 2.4260000000000002e+02, 0.,
    -1.8594680000000000e+01, 2.4265000000000001e+02, 0.,
    -1.8552260000000000e+01, 2.4270000000000002e+02, 0.,
    -1.8511920000000000e+01, 2.4275000000000000e+02, 0.,
    -1.8484200000000001e+01, 2.4280000000000001e+02, 0.,
    -1.8443200000000001e+01, 2.4285000000000002e+02, 0.,
    -1.8402799999999999e+01, 2.4290000000000001e+02, 0.,
    -1.8349090000000000e+01, 2.4295000000000002e+02, 0.,
    -1.8290089999999999e+01, 243., 0., -1.8237610000000000e+01,
    2.4305000000000001e+02, 0., -1.8172870000000000e+01,
    2.4310000000000002e+02, 0., -1.8113750000000000e+01,
    2.4315000000000001e+02, 0., -1.8082390000000000e+01,
    2.4320000000000002e+02, 0., -1.8039990000000000e+01,
    2.4325000000000000e+02, 0., -1.8002310000000001e+01,
    2.4330000000000001e+02, 0., -1.7956189999999999e+01,
    2.4335000000000002e+02, 0., -1.7907730000000001e+01,
    2.4340000000000001e+02, 0., -1.7865929999999999e+01,
    2.4345000000000002e+02, 0., -1.7805900000000001e+01,
    2.4350000000000000e+02, 0., -1.7742889999999999e+01,
    2.4355000000000001e+02, 0., -1.7699410000000000e+01,
    2.4360000000000002e+02, 0., -1.7648019999999999e+01,
    2.4365000000000001e+02, 0., -1.7608499999999999e+01,
    2.4370000000000002e+02, 0., -1.7561969999999999e+01,
    2.4375000000000000e+02, 0., -1.7515870000000000e+01,
    2.4380000000000001e+02, 0., -1.7478629999999999e+01,
    2.4385000000000002e+02, 0., -1.7433170000000000e+01,
    2.4390000000000001e+02, 0., -1.7388439999999999e+01,
    2.4395000000000002e+02, 0., -1.7352679999999999e+01, 244., 0.,
    -1.7305700000000002e+01, 2.4405000000000001e+02, 0.,
    -1.7266940000000002e+01, 2.4410000000000002e+02, 0.,
    -1.7207049999999999e+01, 2.4415000000000001e+02, 0.,
