%YAML:1.0
---
profile: [ 2.2860000000000002e+02, 0., -1.4249840000000001e+01,
    2.2865000000000001e+02, 0., -1.4088400000000000e+01,
    2.2870000000000002e+02, 0., -1.3940890000000000e+01,
    2.2875000000000000e+02, 0., -1.3851889999999999e+01,
    2.2880000000000001e+02, 0., -1.3794560000000001e+01,
    2.2885000000000002e+02, 0., -1.3751460000000000e+01,
    2.2890000000000001e+02, 0., -1.3717900000000000e+01,
    2.2895000000000002e+02, 0., -1.3662970000000000e+01, 229., 0.,
    -1.3603240000000000e+01, 2.2905000000000001e+02, 0.,
    -1.3567520000000000e+01, 2.2910000000000002e+02, 0.,
    -1.3520289999999999e+01, 2.2915000000000001e+02, 0.,
    -1.3479530000000000e+01, 2.2920000000000002e+02, 0.,
    -1.3430999999999999e+01, 2.2925000000000000e+02, 0.,
    -1.3384890000000000e+01, 2.2930000000000001e+02, 0.,
    -1.3350610000000000e+01, 2.2935000000000002e+02, 0.,
    -1.3299120000000000e+01, 2.2940000000000001e+02, 0.,
    -1.3247600000000000e+01, 2.2945000000000002e+02, 0.,
    -1.3193199999999999e+01, 2.2950000000000000e+02, 0.,
    -1.3138809999999999e+01, 2.2955000000000001e+02, 0.,
    -1.3087370000000000e+01, 2.2960000000000002e+02, 0.,
    -1.3032690000000001e+01, 2.2965000000000001e+02, 0.,
    -1.2994130000000000e+01, 2.2970000000000002e+02, 0.,
    -1.2943130000000000e+01, 2.2975000000000000e+02, 0.,
    -1.2893050000000001e+01, 2.2980000000000001e+02, 0.,
    -1.2858169999999999e+01, 2.2985000000000002e+02, 0.,
    -1.2816250000000000e+01, 2.2990000000000001e+02, 0.,
    -1.2783609999999999e+01, 2.2995000000000002e+02, 0.,
    -1.2725800000000000e+01, 230., 0., -1.2667909999999999e+01,
    2.3005000000000001e+02, 0., -1.2626670000000001e+01,
    2.3010000000000002e+02, 0., -1.2568840000000000e+01,
    2.3015000000000001e+02, 0., -1.2510910000000001e+01,
    2.3020000000000002e+02, 0., -1.2477670000000000e+01,
    2.3025000000000000e+02, 0., -1.2430820000000001e+01,
    2.3030000000000001e+02, 0., -1.2387060000000000e+01,
    2.3035000000000002e+02, 0., -1.2334220000000000e+01,
    2.3040000000000001e+02, 0., -1.2282800000000000e+01,
    2.3045000000000002e+02, 0., -1.2244840000000000e+01,
    2.3050000000000000e+02, 0., -1.2199830000000000e+01,
    2.3055000000000001e+02, 0., -1.2165190000000001e+01,
    2.3060000000000002e+02, 0., -1.2117730000000000e+01,
    2.3065000000000001e+02, 0., -1.2070930000000001e+01,
    2.3070000000000002e+02, 0., -1.2035570000000000e+01,
    2.3075000000000000e+02, 0., -1.1979609999999999e+01,
    2.3080000000000001e+02, 0., -1.1918850000000001e+01,
    2.3085000000000002e+02, 0., -1.1879970000000000e+01,
    2.3090000000000001e+02, 0., -1.1826530000000000e+01,
    2.3095000000000002e+02, 0., -1.1778090000000001e+01, 231., 0.,
    -1.1733570000000000e+01, 2.3105000000000001e+02, 0.,
    -1.1690099999999999e+01, 2.3110000000000002e+02, 0.,
    -1.1645820000000001e+01, 2.3115000000000001e+02, 0.,
    -1.1594040000000000e+01, 2.3120000000000002e+02, 0.,
    -1.1554520000000000e+01, 2.3125000000000000e+02, 0.,
    -1.1497800000000000e+01, 2.3130000000000001e+02, 0.,
    -1.1440460000000000e+01, 2.3135000000000002e+02, 0.,
    -1.1396020000000000e+01, 2.3140000000000001e+02, 0.,
    -1.1341770000000000e+01, 2.3145000000000002e+02, 0.,
    -1.1287960000000000e+01, 2.3150000000000000e+02, 0.,
    -1.1243520000000000e+01, 2.3155000000000001e+02, 0.,
    -1.1193759999999999e+01, 2.3160000000000002e+02, 0.,
    -1.1161000000000000e+01, 2.3165000000000001e+02, 0.,
    -1.1130620000000000e+01, 2.3170000000000002e+02, 0.,
    -1.1101240000000001e+01, 2.3175000000000000e+02, 0.,
    -1.1072640000000000e+01, 2.3180000000000001e+02, 0.,
    -1.1033830000000000e+01, 2.3185000000000002e+02, 0.,
    -1.0990629999999999e+01, 2.3190000000000001e+02, 0.,
    -1.0948510000000001e+01, 2.3195000000000002e+02, 0.,
    -1.0887900000000000e+01, 232., 0., -1.0829980000000001e+01,
    2.3205000000000001e+02, 0., -1.0756280000000000e+01,
    2.3210000000000002e+02, 0., -1.0686389999999999e+01,
    2.3215000000000001e+02, 0., -1.0645630000000001e+01,
    2.3220000000000002e+02, 0., -1.0601150000000001e+01,
    2.3225000000000000e+02, 0., -1.0569070000000000e+01,
    2.3230000000000001e+02, 0., -1.0521720000000000e+01,
    2.3235000000000002e+02, 0., -1.0476940000000001e+01,
    2.3240000000000001e+02, 0., -1.0446300000000001e+01,
    2.3245000000000002e+02, 0., -1.0396760000000000e+01,
    2.3250000000000000e+02, 0., -1.0341480000000001e+01,
    2.3255000000000001e+02, 0., -1.0302880000000000e+01,
    2.3260000000000002e+02, 0., -1.0252319999999999e+01,
    2.3265000000000001e+02, 0., -1.0209239999999999e+01,
    2.3270000000000002e+02, 0., -1.0154890000000000e+01,
    2.3275000000000000e+02, 0., -1.0101970000000000e+01,
    2.3280000000000001e+02, 0., -1.0064650000000000e+01,
    2.3285000000000002e+02, 0., -1.0019080000000001e+01,
    2.3290000000000001e+02, 0., -9.9734400000000001e+00,
    2.3295000000000002e+02, 0., -9.9344000000000001e+00, 233., 0.,
    -9.8803699999999992e+00, 2.3305000000000001e+02, 0.,
    -9.8308900000000001e+00, 2.3310000000000002e+02, 0.,
    -9.7750299999999992e+00, 2.3315000000000001e+02, 0.,
    -9.7218499999999999e+00, 2.3320000000000002e+02, 0.,
    -9.6829300000000007e+00, 2.3325000000000000e+02, 0.,
    -9.6329999999999991e+00, 2.3330000000000001e+02, 0.,
    -9.5924399999999999e+00, 2.3335000000000002e+02, 0.,
    -9.5328099999999996e+00, 2.3340000000000001e+02, 0.,
    -9.4701100000000000e+00, 2.3345000000000002e+02, 0.,
    -9.4189500000000006e+00, 2.3350000000000000e+02, 0.,
    -9.3756799999999991e+00, 2.3355000000000001e+02, 0.,
    -9.3358799999999995e+00, 2.3360000000000002e+02, 0.,
    -9.2986799999999992e+00, 2.3365000000000001e+02, 0.,
    -9.2507699999999993e+00, 2.3370000000000002e+02, 0.,
    -9.2117699999999996e+00, 2.3375000000000000e+02, 0.,
    -9.1591199999999997e+00, 2.3380000000000001e+02, 0.,
    -9.1054899999999996e+00, 2.3385000000000002e+02, 0.,
    -9.0625699999999991e+00, 2.3390000000000001e+02, 0.,
    -9.0228699999999993e+00, 2.3395000000000002e+02, 0.,
    -8.9839900000000004e+00, 234., 0., -8.9444300000000005e+00,
    2.3405000000000001e+02, 0., -8.8891299999999998e+00,
    2.3410000000000002e+02, 0., -8.8417700000000004e+00,
    2.3415000000000001e+02, 0., -8.7856000000000005e+00,
    2.3420000000000002e+02, 0., -8.7325999999999997e+00,
    2.3425000000000000e+02, 0., -8.6931200000000004e+00,
    2.3430000000000001e+02, 0., -8.6516099999999998e+00,
    2.3435000000000002e+02, 0., -8.6107200000000006e+00,
    2.3440000000000001e+02, 0., -8.5738000000000003e+00,
    2.3445000000000002e+02, 0., -8.5239300000000000e+00,
    2.3450000000000000e+02, 0., -8.4722500000000007e+00,
    2.3455000000000001e+02, 0., -8.4328900000000004e+00,
    2.3460000000000002e+02, 0., -8.3763699999999996e+00,
    2.3465000000000001e+02, 0., -8.3224499999999999e+00,
    2.3470000000000002e+02, 0., -8.2655700000000003e+00,
    2.3475000000000000e+02, 0., -8.2143300000000004e+00,
    2.3480000000000001e+02, 0., -8.1770099999999992e+00,
    2.3485000000000002e+02, 0., -8.1294000000000004e+00,
    2.3490000000000001e+02, 0., -8.0827500000000008e+00,
    2.3495000000000002e+02, 0., -8.0504700000000007e+00, 235., 0.,
    -8.0052900000000005e+00, 2.3505000000000001e+02, 0.,
    -7.9634900000000002e+00, 2.3510000000000002e+02, 0.,
    -7.9121300000000003e+00, 2.3515000000000001e+02, 0.,
    -7.8617900000000001e+00, 2.3520000000000002e+02, 0.,
    -7.8225100000000003e+00, 2.3525000000000000e+02, 0.,
    -7.7734199999999998e+00, 2.3530000000000001e+02, 0.,
    -7.7249900000000000e+00, 2.3535000000000002e+02, 0.,
    -7.6882299999999999e+00, 2.3540000000000001e+02, 0.,
    -7.6398900000000003e+00, 2.3545000000000002e+02, 0.,
    -7.6000100000000002e+00, 2.3550000000000000e+02, 0.,
    -7.5444500000000003e+00, 2.3555000000000001e+02, 0.,
    -7.4839399999999996e+00, 2.3560000000000002e+02, 0.,
    -7.4312600000000000e+00, 2.3565000000000001e+02, 0.,
