%YAML:1.0
---
profile: [ 2.2910000000000002e+02, 0., -4.6662100000000004e+00,
    2.2915000000000001e+02, 0., -4.4556100000000001e+00,
    2.2920000000000002e+02, 0., -4.3317100000000002e+00,
    2.2925000000000000e+02, 0., -4.3069499999999996e+00,
    2.2930000000000001e+02, 0., -4.2660999999999998e+00,
    2.2935000000000002e+02, 0., -4.2205000000000004e+00,
    2.2940000000000001e+02, 0., -4.1812199999999997e+00,
    2.2945000000000002e+02, 0., -4.1322099999999997e+00,
    2.2950000000000000e+02, 0., -4.0808600000000004e+00,
    2.2955000000000001e+02, 0., -4.0322199999999997e+00,
    2.2960000000000002e+02, 0., -3.9749400000000001e+00,
    2.2965000000000001e+02, 0., -3.9207200000000002e+00,
    2.2970000000000002e+02, 0., -3.8795999999999999e+00,
    2.2975000000000000e+02, 0., -3.8287499999999999e+00,
    2.2980000000000001e+02, 0., -3.7887900000000001e+00,
    2.2985000000000002e+02, 0., -3.7273999999999998e+00,
    2.2990000000000001e+02, 0., -3.6652300000000002e+00,
    2.2995000000000002e+02, 0., -3.6221500000000000e+00, 230., 0.,
    -3.5653400000000000e+00, 2.3005000000000001e+02, 0.,
    -3.5096400000000001e+00, 2.3010000000000002e+02, 0.,
    -3.4746800000000002e+00, 2.3015000000000001e+02, 0.,
    -3.4281400000000000e+00, 2.3020000000000002e+02, 0.,
    -3.3875000000000002e+00, 2.3025000000000000e+02, 0.,
    -3.3366500000000001e+00, 2.3030000000000001e+02, 0.,
    -3.2880400000000001e+00, 2.3035000000000002e+02, 0.,
    -3.2518400000000001e+00, 2.3040000000000001e+02, 0.,
    -3.1974600000000000e+00, 2.3045000000000002e+02, 0.,
    -3.1391600000000000e+00, 2.3050000000000000e+02, 0.,
    -3.0994000000000002e+00, 2.3055000000000001e+02, 0.,
    -3.0529199999999999e+00, 2.3060000000000002e+02, 0.,
    -3.0174799999999999e+00, 2.3065000000000001e+02, 0.,
    -2.9750700000000001e+00, 2.3070000000000002e+02, 0.,
    -2.9303699999999999e+00, 2.3075000000000000e+02, 0.,
    -2.8913700000000002e+00, 2.3080000000000001e+02, 0.,
    -2.8351899999999999e+00, 2.3085000000000002e+02, 0.,
    -9.6156000000000006e+00, 2.3090000000000001e+02, 0.,
    -2.3260670000000001e+01, 2.3095000000000002e+02, 0.,
    -2.3219180000000001e+01, 231., 0., -2.3099340000000002e+01,
    2.3105000000000001e+02, 0., -2.2975739999999998e+01,
    2.3110000000000002e+02, 0., -2.2960860000000000e+01,
    2.3115000000000001e+02, 0., -2.2908980000000000e+01,
    2.3120000000000002e+02, 0., -2.2849779999999999e+01,
    2.3125000000000000e+02, 0., -2.2850809999999999e+01,
    2.3130000000000001e+02, 0., -2.2807780000000001e+01,
    2.3135000000000002e+02, 0., -2.2697900000000001e+01,
    2.3140000000000001e+02, 0., -2.2590540000000001e+01,
    2.3145000000000002e+02, 0., -2.2520740000000000e+01,
    2.3150000000000000e+02, 0., -2.2633240000000001e+01,
    2.3155000000000001e+02, 0., -2.2709620000000001e+01,
    2.3160000000000002e+02, 0., -2.2667380000000001e+01,
    2.3165000000000001e+02, 0., -2.2615189999999998e+01,
    2.3170000000000002e+02, 0., -2.2573789999999999e+01,
    2.3175000000000000e+02, 0., -2.2231619999999999e+01,
    2.3180000000000001e+02, 0., -2.1899860000000000e+01,
    2.3185000000000002e+02, 0., -2.1786370000000002e+01,
    2.3190000000000001e+02, 0., -2.1766549999999999e+01,
    2.3195000000000002e+02, 0., -2.1772710000000000e+01, 232., 0.,
    -2.1739100000000001e+01, 2.3205000000000001e+02, 0.,
    -2.1690180000000002e+01, 2.3210000000000002e+02, 0.,
    -2.1641340000000000e+01, 2.3215000000000001e+02, 0.,
    -2.1612380000000002e+01, 2.3220000000000002e+02, 0.,
    -2.1609380000000002e+01, 2.3285000000000002e+02, 0.,
    -9.1356000000000004e-01, 2.3290000000000001e+02, 0.,
    -8.6417999999999995e-01, 2.3295000000000002e+02, 0.,
    -8.3465999999999996e-01, 233., 0., -7.9164000000000001e-01,
    2.3305000000000001e+02, 0., -7.4502000000000002e-01,
    2.3310000000000002e+02, 0., -7.0901999999999998e-01,
    2.3315000000000001e+02, 0., -6.5939000000000003e-01,
    2.3320000000000002e+02, 0., -6.0665000000000002e-01,
    2.3325000000000000e+02, 0., -5.6440999999999997e-01,
    2.3330000000000001e+02, 0., -5.0934000000000001e-01,
    2.3335000000000002e+02, 0., -4.6261999999999998e-01,
    2.3340000000000001e+02, 0., -4.0345999999999999e-01,
    2.3345000000000002e+02, 0., -3.4716000000000002e-01,
    2.3350000000000000e+02, 0., -3.0584000000000000e-01,
    2.3355000000000001e+02, 0., -2.5464999999999999e-01,
    2.3360000000000002e+02, 0., -2.0422999999999999e-01,
    2.3365000000000001e+02, 0., -1.6603000000000001e-01,
    2.3370000000000002e+02, 0., -1.1366000000000000e-01,
    2.3375000000000000e+02, 0., -5.8999999999999997e-02,
    2.3380000000000001e+02, 0., -1.7800000000000000e-02,
    2.3385000000000002e+02, 0., 3.3709999999999997e-02,
    2.3390000000000001e+02, 0., 8.3769999999999997e-02,
    2.3395000000000002e+02, 0., 1.1913000000000000e-01, 234., 0.,
    1.6359000000000001e-01, 2.3405000000000001e+02, 0.,
    1.9939000000000001e-01, 2.3410000000000002e+02, 0.,
    2.6241999999999999e-01, 2.3415000000000001e+02, 0.,
    3.2812999999999998e-01, 2.3420000000000002e+02, 0.,
    3.7833000000000000e-01, 2.3425000000000000e+02, 0.,
    4.4263999999999998e-01, 2.3430000000000001e+02, 0.,
    4.9442999999999998e-01, 2.3435000000000002e+02, 0.,
    5.2031000000000005e-01, 2.3440000000000001e+02, 0.,
    5.5152999999999996e-01, 2.3445000000000002e+02, 0.,
    5.8342000000000005e-01, 2.3450000000000000e+02, 0.,
    6.1377999999999999e-01, 2.3455000000000001e+02, 0.,
    6.5861999999999998e-01, 2.3460000000000002e+02, 0.,
    7.1333000000000002e-01, 2.3465000000000001e+02, 0.,
    7.7408999999999994e-01, 2.3470000000000002e+02, 0.,
    8.3687000000000000e-01, 2.3475000000000000e+02, 0.,
    8.8002999999999998e-01, 2.3480000000000001e+02, 0.,
    9.4016999999999995e-01, 2.3485000000000002e+02, 0.,
    9.9724000000000002e-01, 2.3490000000000001e+02, 0.,
    1.0374000000000001e+00, 2.3495000000000002e+02, 0.,
    1.0899000000000001e+00, 235., 0., 1.1398999999999999e+00,
    2.3505000000000001e+02, 0., 1.1762200000000000e+00,
    2.3510000000000002e+02, 0., 1.2208600000000001e+00,
    2.3515000000000001e+02, 0., 1.2670600000000001e+00,
    2.3520000000000002e+02, 0., 1.3061000000000000e+00,
    2.3525000000000000e+02, 0., 1.3561900000000000e+00,
    2.3530000000000001e+02, 0., 1.4096000000000000e+00,
    2.3535000000000002e+02, 0., 1.4601999999999999e+00,
    2.3540000000000001e+02, 0., 1.5216600000000000e+00,
    2.3545000000000002e+02, 0., 1.5802900000000000e+00,
    2.3550000000000000e+02, 0., 1.6218100000000000e+00,
    2.3555000000000001e+02, 0., 1.6634199999999999e+00,
    2.3560000000000002e+02, 0., 1.6974800000000001e+00,
    2.3565000000000001e+02, 0., 1.7224400000000000e+00,
    2.3570000000000002e+02, 0., 1.7619700000000000e+00,
    2.3575000000000000e+02, 0., 1.8034900000000000e+00,
    2.3580000000000001e+02, 0., 1.8552700000000000e+00,
    2.3585000000000002e+02, 0., 1.9089799999999999e+00,
    2.3590000000000001e+02, 0., 1.9542999999999999e+00,
    2.3595000000000002e+02, 0., 2.0063200000000001e+00, 236., 0.,
    2.0593900000000001e+00, 2.3605000000000001e+02, 0.,
    2.1045500000000001e+00, 2.3610000000000002e+02, 0.,
    2.1544300000000001e+00, 2.3615000000000001e+02, 0.,
    2.1975500000000001e+00, 2.3620000000000002e+02, 0.,
    2.2258300000000002e+00, 2.3625000000000000e+02, 0.,
    2.2677399999999999e+00, 2.3630000000000001e+02, 0.,
    2.3147099999999998e+00, 2.3635000000000002e+02, 0.,
    2.3544700000000001e+00, 2.3640000000000001e+02, 0.,
    2.4116700000000000e+00, 2.3645000000000002e+02, 0.,
    2.4726599999999999e+00, 2.3650000000000000e+02, 0.,
    2.5176599999999998e+00, 2.3655000000000001e+02, 0.,
    2.5733700000000002e+00, 2.3660000000000002e+02, 0.,
    2.6276199999999998e+00, 2.3665000000000001e+02, 0.,
    2.6675000000000000e+00, 2.3670000000000002e+02, 0.,
    2.7121800000000000e+00, 2.3675000000000000e+02, 0.,
    2.7549399999999999e+00, 2.3680000000000001e+02, 0.,
