%YAML:1.0
---
profile: [ 1.8495000000000002e+02, 0., -1.4683900000000000e+01, 185., 0.,
    -1.4660360000000001e+01, 1.8505000000000001e+02, 0.,
    -1.4633360000000000e+01, 1.8510000000000002e+02, 0.,
    -1.4589370000000001e+01, 1.8515000000000001e+02, 0.,
    -1.4541930000000001e+01, 1.8520000000000002e+02, 0.,
    -1.4486110000000000e+01, 1.8525000000000000e+02, 0.,
    -1.4443310000000000e+01, 1.8530000000000001e+02, 0.,
    -1.4380089999999999e+01, 1.8535000000000002e+02, 0.,
    -1.4324370000000000e+01, 1.8540000000000001e+02, 0.,
    -1.4267849999999999e+01, 1.8545000000000002e+02, 0.,
    -1.4229690000000000e+01, 1.8550000000000000e+02, 0.,
    -1.4180020000000001e+01, 1.8555000000000001e+02, 0.,
    -1.4139300000000000e+01, 1.8560000000000002e+02, 0.,
    -1.4094189999999999e+01, 1.8565000000000001e+02, 0.,
    -1.4059310000000000e+01, 1.8570000000000002e+02, 0.,
    -1.4005520000000001e+01, 1.8575000000000000e+02, 0.,
    -1.3951219999999999e+01, 1.8580000000000001e+02, 0.,
    -1.3914220000000000e+01, 1.8585000000000002e+02, 0.,
    -1.3865810000000000e+01, 1.8590000000000001e+02, 0.,
    -1.3824529999999999e+01, 1.8595000000000002e+02, 0.,
    -1.3773849999999999e+01, 186., 0., -1.3734529999999999e+01,
    1.8605000000000001e+02, 0., -1.3679550000000001e+01,
    1.8610000000000002e+02, 0., -1.3628710000000000e+01,
    1.8615000000000001e+02, 0., -1.3578120000000000e+01,
    1.8620000000000002e+02, 0., -1.3544600000000001e+01,
    1.8625000000000000e+02, 0., -1.3493460000000001e+01,
    1.8630000000000001e+02, 0., -1.3447699999999999e+01,
    1.8635000000000002e+02, 0., -1.3391040000000000e+01,
    1.8640000000000001e+02, 0., -1.3345879999999999e+01,
    1.8645000000000002e+02, 0., -1.3281610000000001e+01,
    1.8650000000000000e+02, 0., -1.3228690000000000e+01,
    1.8655000000000001e+02, 0., -1.3168950000000001e+01,
    1.8660000000000002e+02, 0., -1.3113160000000001e+01,
    1.8665000000000001e+02, 0., -1.3075760000000001e+01,
    1.8670000000000002e+02, 0., -1.3030519999999999e+01,
    1.8675000000000000e+02, 0., -1.2999359999999999e+01,
    1.8680000000000001e+02, 0., -1.2958560000000000e+01,
    1.8685000000000002e+02, 0., -1.2923760000000000e+01,
    1.8690000000000001e+02, 0., -1.2880810000000000e+01,
    1.8695000000000002e+02, 0., -1.2846769999999999e+01, 187., 0.,
    -1.2808640000000000e+01, 1.8705000000000001e+02, 0.,
    -1.2779040000000000e+01, 1.8710000000000002e+02, 0.,
    -1.2731820000000001e+01, 1.8715000000000001e+02, 0.,
    -1.2681480000000001e+01, 1.8720000000000002e+02, 0.,
    -1.2639559999999999e+01, 1.8725000000000000e+02, 0.,
    -1.2580780000000001e+01, 1.8730000000000001e+02, 0.,
    -1.2526180000000000e+01, 1.8735000000000002e+02, 0.,
    -1.2460480000000000e+01, 1.8740000000000001e+02, 0.,
    -1.2411080000000000e+01, 1.8745000000000002e+02, 0.,
    -1.2350920000000000e+01, 1.8750000000000000e+02, 0.,
    -1.2304760000000000e+01, 1.8755000000000001e+02, 0.,
    -1.2253869999999999e+01, 1.8760000000000002e+02, 0.,
    -1.2221470000000000e+01, 1.8765000000000001e+02, 0.,
    -1.2179790000000001e+01, 1.8770000000000002e+02, 0.,
    -1.2145910000000001e+01, 1.8775000000000000e+02, 0.,
    -1.2104320000000000e+01, 1.8780000000000001e+02, 0.,
    -1.2060460000000001e+01, 1.8785000000000002e+02, 0.,
    -1.2017580000000001e+01, 1.8790000000000001e+02, 0.,
    -1.1963010000000001e+01, 1.8795000000000002e+02, 0.,
    -1.1916250000000000e+01, 188., 0., -1.1862310000000001e+01,
    1.8805000000000001e+02, 0., -1.1824630000000001e+01,
    1.8810000000000002e+02, 0., -1.1774730000000000e+01,
    1.8815000000000001e+02, 0., -1.1731610000000000e+01,
    1.8820000000000002e+02, 0., -1.1680840000000000e+01,
    1.8825000000000000e+02, 0., -1.1641920000000001e+01,
    1.8830000000000001e+02, 0., -1.1588480000000001e+01,
    1.8835000000000002e+02, 0., -1.1543279999999999e+01,
    1.8840000000000001e+02, 0., -1.1491750000000000e+01,
    1.8845000000000002e+02, 0., -1.1451589999999999e+01,
    1.8850000000000000e+02, 0., -1.1393430000000000e+01,
    1.8855000000000001e+02, 0., -1.1333050000000000e+01,
    1.8860000000000002e+02, 0., -1.1283970000000000e+01,
    1.8865000000000001e+02, 0., -1.1223420000000001e+01,
    1.8870000000000002e+02, 0., -1.1177580000000001e+01,
    1.8875000000000000e+02, 0., -1.1125640000000001e+01,
    1.8880000000000001e+02, 0., -1.1090640000000000e+01,
    1.8885000000000002e+02, 0., -1.1051430000000000e+01,
    1.8890000000000001e+02, 0., -1.1025670000000000e+01,
    1.8895000000000002e+02, 0., -1.0986459999999999e+01, 189., 0.,
    -1.0951420000000001e+01, 1.8905000000000001e+02, 0.,
    -1.0884750000000000e+01, 1.8910000000000002e+02, 0.,
    -1.0826910000000000e+01, 1.8915000000000001e+02, 0.,
    -1.0748210000000000e+01, 1.8920000000000002e+02, 0.,
    -1.0684049999999999e+01, 1.8925000000000000e+02, 0.,
    -1.0630839999999999e+01, 1.8930000000000001e+02, 0.,
    -1.0585620000000000e+01, 1.8935000000000002e+02, 0.,
    -1.0553500000000000e+01, 1.8940000000000001e+02, 0.,
    -1.0515760000000000e+01, 1.8945000000000002e+02, 0.,
    -1.0488600000000000e+01, 1.8950000000000000e+02, 0.,
    -1.0447900000000001e+01, 1.8955000000000001e+02, 0.,
    -1.0411740000000000e+01, 1.8960000000000002e+02, 0.,
    -1.0351400000000000e+01, 1.8965000000000001e+02, 0.,
    -1.0295080000000000e+01, 1.8970000000000002e+02, 0.,
    -1.0236620000000000e+01, 1.8975000000000000e+02, 0.,
    -1.0192299999999999e+01, 1.8980000000000001e+02, 0.,
    -1.0133440000000000e+01, 1.8985000000000002e+02, 0.,
    -1.0076530000000000e+01, 1.8990000000000001e+02, 0.,
    -1.0039849999999999e+01, 1.8995000000000002e+02, 0.,
    -9.9938500000000001e+00, 190., 0., -9.9568499999999993e+00,
    1.9005000000000001e+02, 0., -9.9126999999999992e+00,
    1.9010000000000002e+02, 0., -9.8799799999999998e+00,
    1.9015000000000001e+02, 0., -9.8358299999999996e+00,
    1.9020000000000002e+02, 0., -9.7988300000000006e+00,
    1.9025000000000000e+02, 0., -9.7448200000000007e+00,
    1.9030000000000001e+02, 0., -9.6899200000000008e+00,
    1.9035000000000002e+02, 0., -9.6495200000000008e+00,
    1.9040000000000001e+02, 0., -9.5982299999999992e+00,
    1.9045000000000002e+02, 0., -9.5549099999999996e+00,
    1.9050000000000000e+02, 0., -9.5021799999999992e+00,
    1.9055000000000001e+02, 0., -9.4617400000000007e+00,
    1.9060000000000002e+02, 0., -9.4074000000000009e+00,
    1.9065000000000001e+02, 0., -9.3620000000000001e+00,
    1.9070000000000002e+02, 0., -9.3026199999999992e+00,
    1.9075000000000000e+02, 0., -9.2537400000000005e+00,
    1.9080000000000001e+02, 0., -9.2099799999999998e+00,
    1.9085000000000002e+02, 0., -9.1784999999999997e+00,
    1.9090000000000001e+02, 0., -9.1437399999999993e+00,
    1.9095000000000002e+02, 0., -9.1081500000000002e+00, 191., 0.,
    -9.0735100000000006e+00, 1.9105000000000001e+02, 0.,
    -9.0276999999999994e+00, 1.9110000000000002e+02, 0.,
    -8.9880999999999993e+00, 1.9115000000000001e+02, 0.,
    -8.9249600000000004e+00, 1.9120000000000002e+02, 0.,
    -8.8672000000000004e+00, 1.9125000000000000e+02, 0.,
    -8.8033099999999997e+00, 1.9130000000000001e+02, 0.,
    -8.7567100000000000e+00, 1.9135000000000002e+02, 0.,
    -8.7010799999999993e+00, 1.9140000000000001e+02, 0.,
    -8.6571599999999993e+00, 1.9145000000000002e+02, 0.,
    -8.6059800000000006e+00, 1.9150000000000000e+02, 0.,
    -8.5553399999999993e+00, 1.9155000000000001e+02, 0.,
    -8.5137800000000006e+00, 1.9160000000000002e+02, 0.,
    -8.4670799999999993e+00, 1.9165000000000001e+02, 0.,
    -8.4360800000000005e+00, 1.9170000000000002e+02, 0.,
    -8.3947000000000003e+00, 1.9175000000000000e+02, 0.,
    -8.3602200000000000e+00, 1.9180000000000001e+02, 0.,
    -8.3079499999999999e+00, 1.9185000000000002e+02, 0.,
    -8.2538400000000003e+00, 1.9190000000000001e+02, 0.,
    -8.2119599999999995e+00, 1.9195000000000002e+02, 0.,
    -8.1588200000000004e+00, 192., 0., -8.1138600000000007e+00,
