%YAML:1.0
---
profile: [ 1.6720000000000002e+02, 0., -9.6355299999999993e+00,
    1.6725000000000000e+02, 0., -9.6071299999999997e+00,
    1.6730000000000001e+02, 0., -9.5745799999999992e+00,
    1.6735000000000002e+02, 0., -9.5423700000000000e+00,
    1.6740000000000001e+02, 0., -9.5152900000000002e+00,
    1.6745000000000002e+02, 0., -9.4787400000000002e+00,
    1.6750000000000000e+02, 0., -9.4411799999999992e+00,
    1.6755000000000001e+02, 0., -9.3903800000000004e+00,
    1.6760000000000002e+02, 0., -9.3451799999999992e+00,
    1.6765000000000001e+02, 0., -9.2843599999999995e+00,
    1.6770000000000002e+02, 0., -9.2222399999999993e+00,
    1.6775000000000000e+02, 0., -9.1496999999999993e+00,
    1.6780000000000001e+02, 0., -9.1082199999999993e+00,
    1.6785000000000002e+02, 0., -9.0590399999999995e+00,
    1.6790000000000001e+02, 0., -9.0284399999999998e+00,
    1.6795000000000002e+02, 0., -8.9895899999999997e+00, 168., 0.,
    -8.9569100000000006e+00, 1.6805000000000001e+02, 0.,
    -8.9135000000000009e+00, 1.6810000000000002e+02, 0.,
    -8.8705800000000004e+00, 1.6815000000000001e+02, 0.,
    -8.8154699999999995e+00, 1.6820000000000002e+02, 0.,
    -8.7696699999999996e+00, 1.6825000000000000e+02, 0.,
    -8.7158800000000003e+00, 1.6830000000000001e+02, 0.,
    -8.6771600000000007e+00, 1.6835000000000002e+02, 0.,
    -8.6286299999999994e+00, 1.6840000000000001e+02, 0.,
    -8.5897900000000007e+00, 1.6845000000000002e+02, 0.,
    -8.5359400000000001e+00, 1.6850000000000000e+02, 0.,
    -8.4866200000000003e+00, 1.6855000000000001e+02, 0.,
    -8.4264399999999995e+00, 1.6860000000000002e+02, 0.,
    -8.3801600000000001e+00, 1.6865000000000001e+02, 0.,
    -8.3230000000000004e+00, 1.6870000000000002e+02, 0.,
    -8.2781199999999995e+00, 1.6875000000000000e+02, 0.,
    -8.2246400000000008e+00, 1.6880000000000001e+02, 0.,
    -8.1902799999999996e+00, 1.6885000000000002e+02, 0.,
    -8.1470699999999994e+00, 1.6890000000000001e+02, 0.,
    -8.1122700000000005e+00, 1.6895000000000002e+02, 0.,
    -8.0672200000000007e+00, 169., 0., -8.0293799999999997e+00,
    1.6905000000000001e+02, 0., -7.9824299999999999e+00,
    1.6910000000000002e+02, 0., -7.9451099999999997e+00,
    1.6915000000000001e+02, 0., -7.8937400000000002e+00,
    1.6920000000000002e+02, 0., -7.8501399999999997e+00,
    1.6925000000000000e+02, 0., -7.7965499999999999e+00,
    1.6930000000000001e+02, 0., -7.7542299999999997e+00,
    1.6935000000000002e+02, 0., -7.7055300000000004e+00,
    1.6940000000000001e+02, 0., -7.6688099999999997e+00,
    1.6945000000000002e+02, 0., -7.6205600000000002e+00,
    1.6950000000000000e+02, 0., -7.5807200000000003e+00,
    1.6955000000000001e+02, 0., -7.5284700000000004e+00,
    1.6960000000000002e+02, 0., -7.4862299999999999e+00,
    1.6965000000000001e+02, 0., -7.4290300000000000e+00,
    1.6970000000000002e+02, 0., -7.3824699999999996e+00,
    1.6975000000000000e+02, 0., -7.3310899999999997e+00,
    1.6980000000000001e+02, 0., -7.2914099999999999e+00,
    1.6985000000000002e+02, 0., -7.2460899999999997e+00,
    1.6990000000000001e+02, 0., -7.2107700000000001e+00,
    1.6995000000000002e+02, 0., -7.1650099999999997e+00, 170., 0.,
    -7.1152499999999996e+00, 1.7005000000000001e+02, 0.,
    -7.0639700000000003e+00, 1.7010000000000002e+02, 0.,
    -7.0126900000000001e+00, 1.7015000000000001e+02, 0.,
    -6.9583800000000000e+00, 1.7020000000000002e+02, 0.,
    -6.9169400000000003e+00, 1.7025000000000000e+02, 0.,
    -6.8632600000000004e+00, 1.7030000000000001e+02, 0.,
    -6.8199800000000002e+00, 1.7035000000000002e+02, 0.,
    -6.7737100000000003e+00, 1.7040000000000001e+02, 0.,
    -6.7280800000000003e+00, 1.7045000000000002e+02, 0.,
    -6.6873199999999997e+00, 1.7050000000000000e+02, 0.,
    -6.6368200000000002e+00, 1.7055000000000001e+02, 0.,
    -6.5979400000000004e+00, 1.7060000000000002e+02, 0.,
    -6.5472099999999998e+00, 1.7065000000000001e+02, 0.,
    -6.5000099999999996e+00, 1.7070000000000002e+02, 0.,
    -6.4476399999999998e+00, 1.7075000000000000e+02, 0.,
    -6.4137599999999999e+00, 1.7080000000000001e+02, 0.,
    -6.3658000000000001e+00, 1.7085000000000002e+02, 0.,
    -6.3208000000000002e+00, 1.7090000000000001e+02, 0.,
    -6.2648200000000003e+00, 1.7095000000000002e+02, 0.,
    -6.2204600000000001e+00, 171., 0., -6.1615599999999997e+00,
    1.7105000000000001e+02, 0., -6.1104000000000003e+00,
    1.7110000000000002e+02, 0., -6.0476700000000001e+00,
    1.7115000000000001e+02, 0., -5.9989900000000000e+00,
    1.7120000000000002e+02, 0., -5.9458799999999998e+00,
    1.7125000000000000e+02, 0., -5.9126799999999999e+00,
    1.7130000000000001e+02, 0., -5.8718000000000004e+00,
    1.7135000000000002e+02, 0., -5.8399999999999999e+00,
    1.7140000000000001e+02, 0., -5.7903399999999996e+00,
    1.7145000000000002e+02, 0., -5.7454200000000002e+00,
    1.7150000000000000e+02, 0., -5.6939099999999998e+00,
    1.7155000000000001e+02, 0., -5.6551900000000002e+00,
    1.7160000000000002e+02, 0., -5.6062700000000003e+00,
    1.7165000000000001e+02, 0., -5.5669100000000000e+00,
    1.7170000000000002e+02, 0., -5.5238800000000001e+00,
    1.7175000000000000e+02, 0., -5.4907599999999999e+00,
    1.7180000000000001e+02, 0., -5.4327199999999998e+00,
    1.7185000000000002e+02, 0., -5.3830400000000003e+00,
    1.7190000000000001e+02, 0., -5.3191400000000000e+00,
    1.7195000000000002e+02, 0., -5.2676999999999996e+00, 172., 0.,
    -5.2131299999999996e+00, 1.7205000000000001e+02, 0.,
    -5.1714900000000004e+00, 1.7210000000000002e+02, 0.,
    -5.1114899999999999e+00, 1.7215000000000001e+02, 0.,
    -5.0619699999999996e+00, 1.7220000000000002e+02, 0.,
    -5.0158800000000001e+00, 1.7225000000000000e+02, 0.,
    -4.9732900000000004e+00, 1.7230000000000001e+02, 0.,
    -4.9379299999999997e+00, 1.7235000000000002e+02, 0.,
    -4.8912599999999999e+00, 1.7240000000000001e+02, 0.,
    -4.8460599999999996e+00, 1.7245000000000002e+02, 0.,
    -4.7885900000000001e+00, 1.7250000000000000e+02, 0.,
    -4.7398300000000004e+00, 1.7255000000000001e+02, 0.,
    -4.6807400000000001e+00, 1.7260000000000002e+02, 0.,
    -4.6395799999999996e+00, 1.7265000000000001e+02, 0.,
    -4.5916399999999999e+00, 1.7270000000000002e+02, 0.,
    -4.5575999999999999e+00, 1.7275000000000000e+02, 0.,
    -4.5121500000000001e+00, 1.7280000000000001e+02, 0.,
    -4.4723899999999999e+00, 1.7285000000000002e+02, 0.,
    -4.4242299999999997e+00, 1.7290000000000001e+02, 0.,
    -4.3865499999999997e+00, 1.7295000000000002e+02, 0.,
    -4.3389499999999996e+00, 173., 0., -4.3006300000000000e+00,
    1.7305000000000001e+02, 0., -4.2460300000000002e+00,
    1.7310000000000002e+02, 0., -4.2010699999999996e+00,
    1.7315000000000001e+02, 0., -4.1515399999999998e+00,
    1.7320000000000002e+02, 0., -4.1132600000000004e+00,
    1.7325000000000000e+02, 0., -4.0508400000000000e+00,
    1.7330000000000001e+02, 0., -3.9980400000000000e+00,
    1.7335000000000002e+02, 0., -3.9465400000000002e+00,
    1.7340000000000001e+02, 0., -3.9083000000000001e+00,
    1.7345000000000002e+02, 0., -3.8551400000000000e+00,
    1.7350000000000000e+02, 0., -3.8026800000000001e+00,
    1.7355000000000001e+02, 0., -3.7675200000000002e+00,
    1.7360000000000002e+02, 0., -3.7224800000000000e+00,
    1.7365000000000001e+02, 0., -3.6829999999999998e+00,
    1.7370000000000002e+02, 0., -3.6345600000000000e+00,
    1.7375000000000000e+02, 0., -3.5970000000000000e+00,
    1.7380000000000001e+02, 0., -3.5479300000000000e+00,
    1.7385000000000002e+02, 0., -3.5061700000000000e+00,
    1.7390000000000001e+02, 0., -3.4520200000000001e+00,
    1.7395000000000002e+02, 0., -3.4063800000000000e+00, 174., 0.,
    -3.3527200000000001e+00, 1.7405000000000001e+02, 0.,
    -3.3115999999999999e+00, 1.7410000000000002e+02, 0.,
    -3.2610800000000002e+00, 1.7415000000000001e+02, 0.,
    -3.2211599999999998e+00, 1.7420000000000002e+02, 0.,
    -3.1664900000000000e+00, 1.7425000000000000e+02, 0.,
