%YAML:1.0
---
profile: [ 1.6010000000000002e+02, 0., -9.7273899999999998e+00,
    1.6015000000000001e+02, 0., -9.6818700000000000e+00,
    1.6020000000000002e+02, 0., -9.6225500000000004e+00,
    1.6025000000000000e+02, 0., -9.5675100000000004e+00,
    1.6030000000000001e+02, 0., -9.5124700000000004e+00,
    1.6035000000000002e+02, 0., -9.4632199999999997e+00,
    1.6040000000000001e+02, 0., -9.4278200000000005e+00,
    1.6045000000000002e+02, 0., -9.3769700000000000e+00,
    1.6050000000000000e+02, 0., -9.3350100000000005e+00,
    1.6055000000000001e+02, 0., -9.2894600000000001e+00,
    1.6060000000000002e+02, 0., -9.2567400000000006e+00,
    1.6065000000000001e+02, 0., -9.2045600000000007e+00,
    1.6070000000000002e+02, 0., -9.1605600000000003e+00,
    1.6075000000000000e+02, 0., -9.1129200000000008e+00,
    1.6080000000000001e+02, 0., -9.0763599999999993e+00,
    1.6085000000000002e+02, 0., -9.0270299999999999e+00,
    1.6090000000000001e+02, 0., -8.9869100000000000e+00,
    1.6095000000000002e+02, 0., -8.9295299999999997e+00, 161., 0.,
    -8.8798100000000009e+00, 1.6105000000000001e+02, 0.,
    -8.8300199999999993e+00, 1.6110000000000002e+02, 0.,
    -8.7968200000000003e+00, 1.6115000000000001e+02, 0.,
    -8.7490000000000006e+00, 1.6120000000000002e+02, 0.,
    -8.7074800000000003e+00, 1.6125000000000000e+02, 0.,
    -8.6547400000000003e+00, 1.6130000000000001e+02, 0.,
    -8.6121400000000001e+00, 1.6135000000000002e+02, 0.,
    -8.5565599999999993e+00, 1.6140000000000001e+02, 0.,
    -8.5108800000000002e+00, 1.6145000000000002e+02, 0.,
    -8.4519599999999997e+00, 1.6150000000000000e+02, 0.,
    -8.4039599999999997e+00, 1.6155000000000001e+02, 0.,
    -8.3463300000000000e+00, 1.6160000000000002e+02, 0.,
    -8.3031699999999997e+00, 1.6165000000000001e+02, 0.,
    -8.2488499999999991e+00, 1.6170000000000002e+02, 0.,
    -8.2049699999999994e+00, 1.6175000000000000e+02, 0.,
    -8.1520100000000006e+00, 1.6180000000000001e+02, 0.,
    -8.1120099999999997e+00, 1.6185000000000002e+02, 0.,
    -8.0669000000000004e+00, 1.6190000000000001e+02, 0.,
    -8.0368200000000005e+00, 1.6195000000000002e+02, 0.,
    -7.9922899999999997e+00, 162., 0., -7.9484899999999996e+00,
    1.6205000000000001e+02, 0., -7.8915600000000001e+00,
    1.6210000000000002e+02, 0., -7.8433999999999999e+00,
    1.6215000000000001e+02, 0., -7.7906899999999997e+00,
    1.6220000000000002e+02, 0., -7.7575300000000000e+00,
    1.6225000000000000e+02, 0., -7.7100999999999997e+00,
    1.6230000000000001e+02, 0., -7.6651400000000001e+00,
    1.6235000000000002e+02, 0., -7.6135500000000000e+00,
    1.6240000000000001e+02, 0., -7.5779100000000001e+00,
    1.6245000000000002e+02, 0., -7.5332699999999999e+00,
    1.6250000000000000e+02, 0., -7.4975100000000001e+00,
    1.6255000000000001e+02, 0., -7.4509400000000001e+00,
    1.6260000000000002e+02, 0., -7.4127799999999997e+00,
    1.6265000000000001e+02, 0., -7.3551900000000003e+00,
    1.6270000000000002e+02, 0., -7.2973499999999998e+00,
    1.6275000000000000e+02, 0., -7.2309700000000001e+00,
    1.6280000000000001e+02, 0., -7.1849699999999999e+00,
    1.6285000000000002e+02, 0., -7.1297600000000001e+00,
    1.6290000000000001e+02, 0., -7.0884400000000003e+00,
    1.6295000000000002e+02, 0., -7.0402399999999998e+00, 163., 0.,
    -7.0130800000000004e+00, 1.6305000000000001e+02, 0.,
    -6.9797799999999999e+00, 1.6310000000000002e+02, 0.,
    -6.9540199999999999e+00, 1.6315000000000001e+02, 0.,
    -6.9201800000000002e+00, 1.6320000000000002e+02, 0.,
    -6.8922999999999996e+00, 1.6325000000000000e+02, 0.,
    -6.8434600000000003e+00, 1.6330000000000001e+02, 0.,
    -6.8016199999999998e+00, 1.6335000000000002e+02, 0.,
    -6.7367800000000004e+00, 1.6340000000000001e+02, 0.,
    -6.6783000000000001e+00, 1.6345000000000002e+02, 0.,
    -6.6083699999999999e+00, 1.6350000000000000e+02, 0.,
    -6.5564099999999996e+00, 1.6355000000000001e+02, 0.,
    -6.4979199999999997e+00, 1.6360000000000002e+02, 0.,
    -6.4590399999999999e+00, 1.6365000000000001e+02, 0.,
    -6.4085900000000002e+00, 1.6370000000000002e+02, 0.,
    -6.3660699999999997e+00, 1.6375000000000000e+02, 0.,
    -6.3196000000000003e+00, 1.6380000000000001e+02, 0.,
    -6.2905600000000002e+00, 1.6385000000000002e+02, 0.,
    -6.2506800000000000e+00, 1.6390000000000001e+02, 0.,
    -6.2145599999999996e+00, 1.6395000000000002e+02, 0.,
    -6.1627500000000000e+00, 164., 0., -6.1178299999999997e+00,
    1.6405000000000001e+02, 0., -6.0640900000000002e+00,
    1.6410000000000002e+02, 0., -6.0224500000000001e+00,
    1.6415000000000001e+02, 0., -5.9619799999999996e+00,
    1.6420000000000002e+02, 0., -5.9035799999999998e+00,
    1.6425000000000000e+02, 0., -5.8403700000000001e+00,
    1.6430000000000001e+02, 0., -5.8016899999999998e+00,
    1.6435000000000002e+02, 0., -5.7491300000000001e+00,
    1.6440000000000001e+02, 0., -5.7020499999999998e+00,
    1.6445000000000002e+02, 0., -5.6482099999999997e+00,
    1.6450000000000000e+02, 0., -5.6213699999999998e+00,
    1.6455000000000001e+02, 0., -5.5818700000000003e+00,
    1.6460000000000002e+02, 0., -5.5431499999999998e+00,
    1.6465000000000001e+02, 0., -5.4901400000000002e+00,
    1.6470000000000002e+02, 0., -5.4423399999999997e+00,
    1.6475000000000000e+02, 0., -5.3846299999999996e+00,
    1.6480000000000001e+02, 0., -5.3410299999999999e+00,
    1.6485000000000002e+02, 0., -5.2862099999999996e+00,
    1.6490000000000001e+02, 0., -5.2421300000000004e+00,
    1.6495000000000002e+02, 0., -5.1914899999999999e+00, 165., 0.,
    -5.1564899999999998e+00, 1.6505000000000001e+02, 0.,
    -5.1060499999999998e+00, 1.6510000000000002e+02, 0.,
    -5.0576900000000000e+00, 1.6515000000000001e+02, 0.,
    -4.9946599999999997e+00, 1.6520000000000002e+02, 0.,
    -4.9412200000000004e+00, 1.6525000000000000e+02, 0.,
    -4.8767100000000001e+00, 1.6530000000000001e+02, 0.,
    -4.8325899999999997e+00, 1.6535000000000002e+02, 0.,
    -4.7765199999999997e+00, 1.6540000000000001e+02, 0.,
    -4.7287999999999997e+00, 1.6545000000000002e+02, 0.,
    -4.6726200000000002e+00, 1.6550000000000000e+02, 0.,
    -4.6388600000000002e+00, 1.6555000000000001e+02, 0.,
    -4.6001099999999999e+00, 1.6560000000000002e+02, 0.,
    -4.5733100000000002e+00, 1.6565000000000001e+02, 0.,
    -4.5438200000000002e+00, 1.6570000000000002e+02, 0.,
    -4.5224599999999997e+00, 1.6575000000000000e+02, 0.,
    -4.4938500000000001e+00, 1.6580000000000001e+02, 0.,
    -4.4706099999999998e+00, 1.6585000000000002e+02, 0.,
    -4.4232100000000001e+00, 1.6590000000000001e+02, 0.,
    -4.3816899999999999e+00, 1.6595000000000002e+02, 0.,
    -4.3157100000000002e+00, 166., 0., -4.2601500000000003e+00,
    1.6605000000000001e+02, 0., -4.1951700000000001e+00,
    1.6610000000000002e+02, 0., -4.1441299999999996e+00,
    1.6615000000000001e+02, 0., -4.0829500000000003e+00,
    1.6620000000000002e+02, 0., -4.0354299999999999e+00,
    1.6625000000000000e+02, 0., -3.9879500000000001e+00,
    1.6630000000000001e+02, 0., -3.9563899999999999e+00,
    1.6635000000000002e+02, 0., -3.9173900000000001e+00,
    1.6640000000000001e+02, 0., -3.8863099999999999e+00,
    1.6645000000000002e+02, 0., -3.8346300000000002e+00,
    1.6650000000000000e+02, 0., -3.7797000000000001e+00,
    1.6655000000000001e+02, 0., -3.7353800000000001e+00,
    1.6660000000000002e+02, 0., -3.6910599999999998e+00,
    1.6665000000000001e+02, 0., -3.6360899999999998e+00,
    1.6670000000000002e+02, 0., -3.5922900000000002e+00,
    1.6675000000000000e+02, 0., -3.5334800000000000e+00,
    1.6680000000000001e+02, 0., -3.4771500000000000e+00,
    1.6685000000000002e+02, 0., -3.4431500000000002e+00,
    1.6690000000000001e+02, 0., -3.3995299999999999e+00,
    1.6695000000000002e+02, 0., -3.3613700000000000e+00, 167., 0.,
    -3.3127499999999999e+00, 1.6705000000000001e+02, 0.,
    -3.2709100000000002e+00, 1.6710000000000002e+02, 0.,
    -3.2178000000000000e+00, 1.6715000000000001e+02, 0.,
