%YAML:1.0
---
profile: [ 1.9615000000000001e+02, 0., -2.1296460000000000e+01,
    1.9620000000000002e+02, 0., -2.1266780000000001e+01,
    1.9625000000000000e+02, 0., -2.1231330000000000e+01,
    1.9630000000000001e+02, 0., -2.1203930000000000e+01,
    1.9635000000000002e+02, 0., -2.1165910000000000e+01,
    1.9640000000000001e+02, 0., -2.1134789999999999e+01,
    1.9645000000000002e+02, 0., -2.1084350000000001e+01,
    1.9650000000000000e+02, 0., -2.1032370000000000e+01,
    1.9655000000000001e+02, 0., -2.0995090000000001e+01,
    1.9660000000000002e+02, 0., -2.0944450000000000e+01,
    1.9665000000000001e+02, 0., -2.0899210000000000e+01,
    1.9670000000000002e+02, 0., -2.0846219999999999e+01,
    1.9675000000000000e+02, 0., -2.0808219999999999e+01,
    1.9680000000000001e+02, 0., -2.0754819999999999e+01,
    1.9685000000000002e+02, 0., -2.0708980000000000e+01,
    1.9690000000000001e+02, 0., -2.0655880000000000e+01,
    1.9695000000000002e+02, 0., -2.0615680000000001e+01, 197., 0.,
    -2.0562390000000001e+01, 1.9705000000000001e+02, 0.,
    -2.0510230000000000e+01, 1.9710000000000002e+02, 0.,
    -2.0474589999999999e+01, 1.9715000000000001e+02, 0.,
    -2.0430380000000000e+01, 1.9720000000000002e+02, 0.,
    -2.0396300000000000e+01, 1.9725000000000000e+02, 0.,
    -2.0348430000000000e+01, 1.9730000000000001e+02, 0.,
    -2.0303830000000001e+01, 1.9735000000000002e+02, 0.,
    -2.0249690000000001e+01, 1.9740000000000001e+02, 0.,
    -2.0207329999999999e+01, 1.9745000000000002e+02, 0.,
    -2.0150430000000000e+01, 1.9750000000000000e+02, 0.,
    -2.0102830000000001e+01, 1.9755000000000001e+02, 0.,
    -2.0059400000000000e+01, 1.9760000000000002e+02, 0.,
    -2.0027880000000000e+01, 1.9765000000000001e+02, 0.,
    -1.9985199999999999e+01, 1.9770000000000002e+02, 0.,
    -1.9936869999999999e+01, 1.9775000000000000e+02, 0.,
    -1.9882510000000000e+01, 1.9780000000000001e+02, 0.,
    -1.9820950000000000e+01, 1.9785000000000002e+02, 0.,
    -1.9779389999999999e+01, 1.9790000000000001e+02, 0.,
    -1.9720260000000000e+01, 1.9795000000000002e+02, 0.,
    -1.9664459999999998e+01, 198., 0., -1.9609890000000000e+01,
    1.9805000000000001e+02, 0., -1.9574410000000000e+01,
    1.9810000000000002e+02, 0., -1.9523270000000000e+01,
    1.9815000000000001e+02, 0., -1.9478829999999999e+01,
    1.9820000000000002e+02, 0., -1.9437550000000002e+01,
    1.9825000000000000e+02, 0., -1.9400099999999998e+01,
    1.9830000000000001e+02, 0., -1.9370780000000000e+01,
    1.9835000000000002e+02, 0., -1.9326139999999999e+01,
    1.9840000000000001e+02, 0., -1.9280980000000000e+01,
    1.9845000000000002e+02, 0., -1.9225310000000000e+01,
    1.9850000000000000e+02, 0., -1.9181190000000001e+01,
    1.9855000000000001e+02, 0., -1.9125309999999999e+01,
    1.9860000000000002e+02, 0., -1.9080230000000000e+01,
    1.9865000000000001e+02, 0., -1.9034870000000002e+01,
    1.9870000000000002e+02, 0., -1.9000830000000001e+01,
    1.9875000000000000e+02, 0., -1.8945720000000001e+01,
    1.9880000000000001e+02, 0., -1.8889410000000002e+01,
    1.9885000000000002e+02, 0., -1.8850410000000000e+01,
    1.9890000000000001e+02, 0., -1.8799740000000000e+01,
    1.9895000000000002e+02, 0., -1.8756979999999999e+01, 199., 0.,
    -1.8708110000000001e+01, 1.9905000000000001e+02, 0.,
    -1.8671469999999999e+01, 1.9910000000000002e+02, 0.,
    -1.8614899999999999e+01, 1.9915000000000001e+02, 0.,
    -1.8563939999999999e+01, 1.9920000000000002e+02, 0.,
    -1.8512280000000001e+01, 1.9925000000000000e+02, 0.,
    -1.8462850000000000e+01, 1.9930000000000001e+02, 0.,
    -1.8420970000000001e+01, 1.9935000000000002e+02, 0.,
    -1.8367429999999999e+01, 1.9940000000000001e+02, 0.,
    -1.8321069999999999e+01, 1.9945000000000002e+02, 0.,
    -1.8264620000000001e+01, 1.9950000000000000e+02, 0.,
    -1.8221299999999999e+01, 1.9955000000000001e+02, 0.,
    -1.8168240000000001e+01, 1.9960000000000002e+02, 0.,
    -1.8126439999999999e+01, 1.9965000000000001e+02, 0.,
    -1.8074159999999999e+01, 1.9970000000000002e+02, 0.,
    -1.8032399999999999e+01, 1.9975000000000000e+02, 0.,
    -1.7975650000000002e+01, 1.9980000000000001e+02, 0.,
    -1.7919609999999999e+01, 1.9985000000000002e+02, 0.,
    -1.7880530000000000e+01, 1.9990000000000001e+02, 0.,
    -1.7828389999999999e+01, 1.9995000000000002e+02, 0.,
    -1.7776270000000000e+01, 200., 0., -1.7715910000000001e+01,
    2.0005000000000001e+02, 0., -1.7673510000000000e+01,
    2.0010000000000002e+02, 0., -1.7628470000000000e+01,
    2.0015000000000001e+02, 0., -1.7596750000000000e+01,
    2.0020000000000002e+02, 0., -1.7559170000000002e+01,
    2.0025000000000000e+02, 0., -1.7530210000000000e+01,
    2.0030000000000001e+02, 0., -1.7490279999999998e+01,
    2.0035000000000002e+02, 0., -1.7446269999999998e+01,
    2.0040000000000001e+02, 0., -1.7400950000000002e+01,
    2.0045000000000002e+02, 0., -1.7344280000000001e+01,
    2.0050000000000000e+02, 0., -1.7298999999999999e+01,
    2.0055000000000001e+02, 0., -1.7240670000000001e+01,
    2.0060000000000002e+02, 0., -1.7193149999999999e+01,
    2.0065000000000001e+02, 0., -1.7135490000000001e+01,
    2.0070000000000002e+02, 0., -1.7090290000000000e+01,
    2.0075000000000000e+02, 0., -1.7041200000000000e+01,
    2.0080000000000001e+02, 0., -1.6995660000000001e+01,
    2.0085000000000002e+02, 0., -1.6964620000000000e+01,
    2.0090000000000001e+02, 0., -1.6922470000000001e+01,
    2.0095000000000002e+02, 0., -1.6884789999999999e+01, 201., 0.,
    -1.6830430000000000e+01, 2.0105000000000001e+02, 0.,
    -1.6783149999999999e+01, 2.0110000000000002e+02, 0.,
    -1.6724570000000000e+01, 2.0115000000000001e+02, 0.,
    -1.6678049999999999e+01, 2.0120000000000002e+02, 0.,
    -1.6620650000000001e+01, 2.0125000000000000e+02, 0.,
    -1.6563520000000000e+01, 2.0130000000000001e+02, 0.,
    -1.6518280000000001e+01, 2.0135000000000002e+02, 0.,
    -1.6462640000000000e+01, 2.0140000000000001e+02, 0.,
    -1.6421360000000000e+01, 2.0145000000000002e+02, 0.,
    -1.6367870000000000e+01, 2.0150000000000000e+02, 0.,
    -1.6322910000000000e+01, 2.0155000000000001e+02, 0.,
    -1.6267730000000000e+01, 2.0160000000000002e+02, 0.,
    -1.6224209999999999e+01, 2.0165000000000001e+02, 0.,
    -1.6178699999999999e+01, 2.0170000000000002e+02, 0.,
    -1.6135719999999999e+01, 2.0175000000000000e+02, 0.,
    -1.6102480000000000e+01, 2.0180000000000001e+02, 0.,
    -1.6061720000000001e+01, 2.0185000000000002e+02, 0.,
    -1.6030080000000002e+01, 2.0190000000000001e+02, 0.,
    -1.5990190000000000e+01, 2.0195000000000002e+02, 0.,
    -1.5958150000000000e+01, 202., 0., -1.5909929999999999e+01,
    2.0205000000000001e+02, 0., -1.5867089999999999e+01,
    2.0210000000000002e+02, 0., -1.5809290000000001e+01,
    2.0215000000000001e+02, 0., -1.5748080000000000e+01,
    2.0220000000000002e+02, 0., -1.5691720000000000e+01,
    2.0225000000000000e+02, 0., -1.5621280000000000e+01,
    2.0230000000000001e+02, 0., -1.5565280000000000e+01,
    2.0235000000000002e+02, 0., -1.5504519999999999e+01,
    2.0240000000000001e+02, 0., -1.5467120000000000e+01,
    2.0245000000000002e+02, 0., -1.5427510000000000e+01,
    2.0250000000000000e+02, 0., -1.5399710000000001e+01,
    2.0255000000000001e+02, 0., -1.5361810000000000e+01,
    2.0260000000000002e+02, 0., -1.5322300000000000e+01,
    2.0265000000000001e+02, 0., -1.5287900000000000e+01,
    2.0270000000000002e+02, 0., -1.5238680000000000e+01,
    2.0275000000000000e+02, 0., -1.5191839999999999e+01,
    2.0280000000000001e+02, 0., -1.5132590000000000e+01,
    2.0285000000000002e+02, 0., -1.5084910000000001e+01,
    2.0290000000000001e+02, 0., -1.5034580000000000e+01,
    2.0295000000000002e+02, 0., -1.4996219999999999e+01, 203., 0.,
    -1.4944789999999999e+01, 2.0305000000000001e+02, 0.,
    -1.4894560000000000e+01, 2.0310000000000002e+02, 0.,
    -1.4860920000000000e+01, 2.0315000000000001e+02, 0.,
    -1.4819190000000001e+01, 2.0320000000000002e+02, 0.,
