%YAML:1.0
---
profile: [ 2.1995000000000002e+02, 0., -2.7472999999999997e-01, 220., 0.,
    -2.6101000000000002e-01, 2.2005000000000001e+02, 0.,
    -2.4060999999999999e-01, 2.2010000000000002e+02, 0.,
    -2.2256999999999999e-01, 2.2015000000000001e+02, 0.,
    -1.8825000000000000e-01, 2.2020000000000002e+02, 0.,
    -1.4551000000000000e-01, 2.2025000000000000e+02, 0.,
    -1.0475000000000000e-01, 2.2030000000000001e+02, 0.,
    -4.9410000000000003e-02, 2.2035000000000002e+02, 0.,
    8.7100000000000007e-03, 2.2040000000000001e+02, 0.,
    5.4789999999999998e-02, 2.2045000000000002e+02, 0.,
    1.0994000000000000e-01, 2.2050000000000000e+02, 0.,
    1.5110000000000001e-01, 2.2055000000000001e+02, 0.,
    1.9672000000000001e-01, 2.2060000000000002e+02, 0.,
    2.4348000000000000e-01, 2.2065000000000001e+02, 0.,
    2.8920000000000001e-01, 2.2070000000000002e+02, 0.,
    3.4004000000000001e-01, 2.2075000000000000e+02, 0.,
    3.7731999999999999e-01, 2.2080000000000001e+02, 0.,
    4.2781000000000002e-01, 2.2085000000000002e+02, 0.,
    4.7806999999999999e-01, 2.2090000000000001e+02, 0.,
    5.1683000000000001e-01, 2.2095000000000002e+02, 0.,
    5.6918999999999997e-01, 221., 0., 6.2195999999999996e-01,
    2.2105000000000001e+02, 0., 6.6220000000000001e-01,
    2.2110000000000002e+02, 0., 7.1684999999999999e-01,
    2.2115000000000001e+02, 0., 7.6280999999999999e-01,
    2.2120000000000002e+02, 0., 8.1533999999999995e-01,
    2.2125000000000000e+02, 0., 8.6436000000000002e-01,
    2.2130000000000001e+02, 0., 9.0088000000000001e-01,
    2.2135000000000002e+02, 0., 9.5059000000000005e-01,
    2.2140000000000001e+02, 0., 1.0027699999999999e+00,
    2.2145000000000002e+02, 0., 1.0439300000000000e+00,
    2.2150000000000000e+02, 0., 1.0995400000000000e+00,
    2.2155000000000001e+02, 0., 1.1489799999999999e+00,
    2.2160000000000002e+02, 0., 1.1947099999999999e+00,
    2.2165000000000001e+02, 0., 1.2337400000000001e+00,
    2.2170000000000002e+02, 0., 1.2617000000000000e+00,
    2.2175000000000000e+02, 0., 1.3013100000000000e+00,
    2.2180000000000001e+02, 0., 1.3458800000000000e+00,
    2.2185000000000002e+02, 0., 1.3876400000000000e+00,
    2.2190000000000001e+02, 0., 1.4463200000000001e+00,
    2.2195000000000002e+02, 0., 1.5009600000000001e+00, 222., 0.,
    1.5556600000000000e+00, 2.2205000000000001e+02, 0.,
    1.6071899999999999e+00, 2.2210000000000002e+02, 0.,
    1.6488700000000001e+00, 2.2215000000000001e+02, 0.,
    1.6986399999999999e+00, 2.2220000000000002e+02, 0.,
    1.7469500000000000e+00, 2.2225000000000000e+02, 0.,
    1.7859499999999999e+00, 2.2230000000000001e+02, 0.,
    1.8379000000000001e+00, 2.2235000000000002e+02, 0.,
    1.8831800000000001e+00, 2.2240000000000001e+02, 0.,
    1.9335100000000001e+00, 2.2245000000000002e+02, 0.,
    1.9826800000000000e+00, 2.2250000000000000e+02, 0.,
    2.0234000000000001e+00, 2.2255000000000001e+02, 0.,
    2.0805600000000002e+00, 2.2260000000000002e+02, 0.,
    2.1406299999999998e+00, 2.2265000000000001e+02, 0.,
    2.1847900000000000e+00, 2.2270000000000002e+02, 0.,
    2.2401800000000001e+00, 2.2275000000000000e+02, 0.,
    2.2846199999999999e+00, 2.2280000000000001e+02, 0.,
    2.3280200000000000e+00, 2.2285000000000002e+02, 0.,
    2.3688400000000001e+00, 2.2290000000000001e+02, 0.,
    2.4027599999999998e+00, 2.2295000000000002e+02, 0.,
    2.4468399999999999e+00, 223., 0., 2.4909699999999999e+00,
    2.2305000000000001e+02, 0., 2.5226099999999998e+00,
    2.2310000000000002e+02, 0., 2.5704699999999998e+00,
    2.2315000000000001e+02, 0., 2.6186699999999998e+00,
    2.2320000000000002e+02, 0., 2.6781700000000002e+00,
    2.2325000000000000e+02, 0., 2.7338000000000000e+00,
    2.2330000000000001e+02, 0., 2.7739600000000002e+00,
    2.2335000000000002e+02, 0., 2.8233700000000002e+00,
    2.2340000000000001e+02, 0., 2.8714700000000000e+00,
    2.2345000000000002e+02, 0., 2.9074700000000000e+00,
    2.2350000000000000e+02, 0., 2.9496799999999999e+00,
    2.2355000000000001e+02, 0., 2.9818799999999999e+00,
    2.2360000000000002e+02, 0., 3.0341600000000000e+00,
    2.2365000000000001e+02, 0., 3.0922600000000000e+00,
    2.2370000000000002e+02, 0., 3.1421000000000001e+00,
    2.2375000000000000e+02, 0., 3.2041200000000001e+00,
    2.2380000000000001e+02, 0., 3.2634699999999999e+00,
    2.2385000000000002e+02, 0., 3.3031899999999998e+00,
    2.2390000000000001e+02, 0., 3.3417300000000001e+00,
    2.2395000000000002e+02, 0., 3.3666100000000001e+00, 224., 0.,
    3.4072300000000002e+00, 2.2405000000000001e+02, 0.,
    3.4581000000000000e+00, 2.2410000000000002e+02, 0.,
    3.5082200000000001e+00, 2.2415000000000001e+02, 0.,
    3.5684800000000001e+00, 2.2420000000000002e+02, 0.,
    3.6307800000000001e+00, 2.2425000000000000e+02, 0.,
    3.6890600000000000e+00, 2.2430000000000001e+02, 0.,
    3.7535099999999999e+00, 2.2435000000000002e+02, 0.,
    3.8081000000000000e+00, 2.2440000000000001e+02, 0.,
    3.8380999999999998e+00, 2.2445000000000002e+02, 0.,
    3.8759100000000002e+00, 2.2450000000000000e+02, 0.,
    3.9064700000000001e+00, 2.2455000000000001e+02, 0.,
    3.9544000000000001e+00, 2.2460000000000002e+02, 0.,
    4.0025899999999996e+00, 2.2465000000000001e+02, 0.,
    4.0384300000000000e+00, 2.2470000000000002e+02, 0.,
    4.0921500000000002e+00, 2.2475000000000000e+02, 0.,
    4.1519599999999999e+00, 2.2480000000000001e+02, 0.,
    4.2003199999999996e+00, 2.2485000000000002e+02, 0.,
    4.2621200000000004e+00, 2.2490000000000001e+02, 0.,
    4.3122800000000003e+00, 2.2495000000000002e+02, 0.,
    4.3612399999999996e+00, 225., 0., 4.4053000000000004e+00,
    2.2505000000000001e+02, 0., 4.4387400000000001e+00,
    2.2510000000000002e+02, 0., 4.4761400000000000e+00,
    2.2515000000000001e+02, 0., 4.5131899999999998e+00,
    2.2520000000000002e+02, 0., 4.5437099999999999e+00,
    2.2525000000000000e+02, 0., 4.5940799999999999e+00,
    2.2530000000000001e+02, 0., 4.6525600000000003e+00,
    2.2535000000000002e+02, 0., 4.6992399999999996e+00,
    2.2540000000000001e+02, 0., 4.7537799999999999e+00,
    2.2545000000000002e+02, 0., 4.7953400000000004e+00,
    2.2550000000000000e+02, 0., 4.8471700000000002e+00,
    2.2555000000000001e+02, 0., 4.9016400000000004e+00,
    2.2560000000000002e+02, 0., 4.9483199999999998e+00,
    2.2565000000000001e+02, 0., 5.0021300000000002e+00,
    2.2570000000000002e+02, 0., 5.0540099999999999e+00,
    2.2575000000000000e+02, 0., 5.0932100000000000e+00,
    2.2580000000000001e+02, 0., 5.1405700000000003e+00,
    2.2585000000000002e+02, 0., 5.1855700000000002e+00,
    2.2590000000000001e+02, 0., 5.2173299999999996e+00,
    2.2595000000000002e+02, 0., 5.2599200000000002e+00, 226., 0.,
    5.2954800000000004e+00, 2.2605000000000001e+02, 0.,
    5.3464700000000001e+00, 2.2610000000000002e+02, 0.,
    5.3997799999999998e+00, 2.2615000000000001e+02, 0.,
    5.4432600000000004e+00, 2.2620000000000002e+02, 0.,
    5.4939900000000002e+00, 2.2625000000000000e+02, 0.,
    5.5419299999999998e+00, 2.2630000000000001e+02, 0.,
    5.5780099999999999e+00, 2.2635000000000002e+02, 0.,
    5.6297400000000000e+00, 2.2640000000000001e+02, 0.,
    5.6860600000000003e+00, 2.2645000000000002e+02, 0.,
    5.7316599999999998e+00, 2.2650000000000000e+02, 0.,
    5.7898199999999997e+00, 2.2655000000000001e+02, 0.,
    5.8462699999999996e+00, 2.2660000000000002e+02, 0.,
    5.8835899999999999e+00, 2.2665000000000001e+02, 0.,
    5.9314799999999996e+00, 2.2670000000000002e+02, 0.,
    5.9712399999999999e+00, 2.2675000000000000e+02, 0.,
    6.0135800000000001e+00, 2.2680000000000001e+02, 0.,
    6.0562399999999998e+00, 2.2685000000000002e+02, 0.,
    6.0930000000000000e+00, 2.2690000000000001e+02, 0.,
    6.1471000000000000e+00, 2.2695000000000002e+02, 0.,
    6.2010199999999998e+00, 227., 0., 6.2415000000000003e+00,
    2.2705000000000001e+02, 0., 6.2942799999999997e+00,
    2.2710000000000002e+02, 0., 6.3474100000000000e+00,
    2.2715000000000001e+02, 0., 6.3862899999999998e+00,
