%YAML:1.0
---
profile: [ 2.2830000000000001e+02, 0., -2.3080629999999999e+01,
    2.2835000000000002e+02, 0., -2.3041480000000000e+01,
    2.2840000000000001e+02, 0., -2.3002680000000002e+01,
    2.2845000000000002e+02, 0., -2.2958440000000000e+01,
    2.2850000000000000e+02, 0., -2.2925319999999999e+01,
    2.2855000000000001e+02, 0., -2.2886140000000001e+01,
    2.2860000000000002e+02, 0., -2.2845620000000000e+01,
    2.2865000000000001e+02, 0., -2.2807140000000000e+01,
    2.2870000000000002e+02, 0., -2.2754510000000000e+01,
    2.2875000000000000e+02, 0., -2.2707030000000000e+01,
    2.2880000000000001e+02, 0., -2.2647520000000000e+01,
    2.2885000000000002e+02, 0., -2.2591360000000002e+01,
    2.2890000000000001e+02, 0., -2.2557559999999999e+01,
    2.2895000000000002e+02, 0., -2.2512219999999999e+01, 229., 0.,
    -2.2472300000000001e+01, 2.2905000000000001e+02, 0.,
    -2.2416760000000000e+01, 2.2910000000000002e+02, 0.,
    -2.2358210000000000e+01, 2.2915000000000001e+02, 0.,
    -2.2313690000000001e+01, 2.2920000000000002e+02, 0.,
    -2.2262250000000002e+01, 2.2925000000000000e+02, 0.,
    -2.2226170000000000e+01, 2.2930000000000001e+02, 0.,
    -2.2181770000000000e+01, 2.2935000000000002e+02, 0.,
    -2.2137450000000001e+01, 2.2940000000000001e+02, 0.,
    -2.2100610000000000e+01, 2.2945000000000002e+02, 0.,
    -2.2051130000000001e+01, 2.2950000000000000e+02, 0.,
    -2.2007490000000001e+01, 2.2955000000000001e+02, 0.,
    -2.1950040000000001e+01, 2.2960000000000002e+02, 0.,
    -2.1902600000000000e+01, 2.2965000000000001e+02, 0.,
    -2.1846959999999999e+01, 2.2970000000000002e+02, 0.,
    -2.1800319999999999e+01, 2.2975000000000000e+02, 0.,
    -2.1772800000000000e+01, 2.2980000000000001e+02, 0.,
    -2.1737240000000000e+01, 2.2985000000000002e+02, 0.,
    -2.1708200000000001e+01, 2.2990000000000001e+02, 0.,
    -2.1650210000000001e+01, 2.2995000000000002e+02, 0.,
    -2.1591110000000000e+01, 230., 0., -2.1549109999999999e+01,
    2.3005000000000001e+02, 0., -2.1491949999999999e+01,
    2.3010000000000002e+02, 0., -2.1443750000000001e+01,
    2.3015000000000001e+02, 0., -2.1395759999999999e+01,
    2.3020000000000002e+02, 0., -2.1348030000000001e+01,
    2.3025000000000000e+02, 0., -2.1300750000000001e+01,
    2.3030000000000001e+02, 0., -2.1251880000000000e+01,
    2.3035000000000002e+02, 0., -2.1218280000000000e+01,
    2.3040000000000001e+02, 0., -2.1173179999999999e+01,
    2.3045000000000002e+02, 0., -2.1124690000000001e+01,
    2.3050000000000000e+02, 0., -2.1077529999999999e+01,
    2.3055000000000001e+02, 0., -2.1028189999999999e+01,
    2.3060000000000002e+02, 0., -2.0993910000000000e+01,
    2.3065000000000001e+02, 0., -2.0954830000000001e+01,
    2.3070000000000002e+02, 0., -2.0913019999999999e+01,
    2.3075000000000000e+02, 0., -2.0867780000000000e+01,
    2.3080000000000001e+02, 0., -2.0818960000000001e+01,
    2.3085000000000002e+02, 0., -2.0784040000000001e+01,
    2.3090000000000001e+02, 0., -2.0725090000000002e+01,
    2.3095000000000002e+02, 0., -2.0661930000000002e+01, 231., 0.,
    -2.0609929999999999e+01, 2.3105000000000001e+02, 0.,
    -2.0545200000000001e+01, 2.3110000000000002e+02, 0.,
    -2.0493600000000001e+01, 2.3115000000000001e+02, 0.,
    -2.0440580000000001e+01, 2.3120000000000002e+02, 0.,
    -2.0390409999999999e+01, 2.3125000000000000e+02, 0.,
    -2.0350290000000001e+01, 2.3130000000000001e+02, 0.,
    -2.0300280000000001e+01, 2.3135000000000002e+02, 0.,
    -2.0260560000000002e+01, 2.3140000000000001e+02, 0.,
    -2.0219609999999999e+01, 2.3145000000000002e+02, 0.,
    -2.0178860000000000e+01, 2.3150000000000000e+02, 0.,
    -2.0139980000000001e+01, 2.3155000000000001e+02, 0.,
    -2.0093900000000001e+01, 2.3160000000000002e+02, 0.,
    -2.0058420000000002e+01, 2.3165000000000001e+02, 0.,
    -2.0012480000000000e+01, 2.3170000000000002e+02, 0.,
    -1.9962319999999998e+01, 2.3175000000000000e+02, 0.,
    -1.9909720000000000e+01, 2.3180000000000001e+02, 0.,
    -1.9851700000000001e+01, 2.3185000000000002e+02, 0.,
    -1.9809460000000001e+01, 2.3190000000000001e+02, 0.,
    -1.9754400000000000e+01, 2.3195000000000002e+02, 0.,
    -1.9699999999999999e+01, 232., 0., -1.9660399999999999e+01,
    2.3205000000000001e+02, 0., -1.9615150000000000e+01,
    2.3210000000000002e+02, 0., -1.9581270000000000e+01,
    2.3215000000000001e+02, 0., -1.9534300000000002e+01,
    2.3220000000000002e+02, 0., -1.9486170000000001e+01,
    2.3225000000000000e+02, 0., -1.9447450000000000e+01,
    2.3230000000000001e+02, 0., -1.9403790000000001e+01,
    2.3235000000000002e+02, 0., -1.9371430000000000e+01,
    2.3240000000000001e+02, 0., -1.9320280000000000e+01,
    2.3245000000000002e+02, 0., -1.9271070000000002e+01,
    2.3250000000000000e+02, 0., -1.9237230000000000e+01,
    2.3255000000000001e+02, 0., -1.9186990000000002e+01,
    2.3260000000000002e+02, 0., -1.9142589999999998e+01,
    2.3265000000000001e+02, 0., -1.9079930000000001e+01,
    2.3270000000000002e+02, 0., -1.9014170000000000e+01,
    2.3275000000000000e+02, 0., -1.8960010000000000e+01,
    2.3280000000000001e+02, 0., -1.8889820000000000e+01,
    2.3285000000000002e+02, 0., -1.8820679999999999e+01,
    2.3290000000000001e+02, 0., -1.8774080000000001e+01,
    2.3295000000000002e+02, 0., -1.8720379999999999e+01, 233., 0.,
    -1.8682900000000000e+01, 2.3305000000000001e+02, 0.,
    -1.8639759999999999e+01, 2.3310000000000002e+02, 0.,
    -1.8600470000000001e+01, 2.3315000000000001e+02, 0.,
    -1.8573429999999998e+01, 2.3320000000000002e+02, 0.,
    -1.8536460000000002e+01, 2.3325000000000000e+02, 0.,
    -1.8503139999999998e+01, 2.3330000000000001e+02, 0.,
    -1.8453650000000000e+01, 2.3335000000000002e+02, 0.,
    -1.8398060000000001e+01, 2.3340000000000001e+02, 0.,
    -1.8340380000000000e+01, 2.3345000000000002e+02, 0.,
    -1.8273209999999999e+01, 2.3350000000000000e+02, 0.,
    -1.8225410000000000e+01, 2.3355000000000001e+02, 0.,
    -1.8176749999999998e+01, 2.3360000000000002e+02, 0.,
    -1.8130469999999999e+01, 2.3365000000000001e+02, 0.,
    -1.8092110000000002e+01, 2.3370000000000002e+02, 0.,
    -1.8042040000000000e+01, 2.3375000000000000e+02, 0.,
    -1.8000920000000001e+01, 2.3380000000000001e+02, 0.,
    -1.7948869999999999e+01, 2.3385000000000002e+02, 0.,
    -1.7899670000000000e+01, 2.3390000000000001e+02, 0.,
    -1.7863910000000001e+01, 2.3395000000000002e+02, 0.,
    -1.7816939999999999e+01, 234., 0., -1.7778179999999999e+01,
    2.3405000000000001e+02, 0., -1.7729360000000000e+01,
    2.3410000000000002e+02, 0., -1.7682910000000000e+01,
    2.3415000000000001e+02, 0., -1.7648710000000001e+01,
    2.3420000000000002e+02, 0., -1.7599110000000000e+01,
    2.3425000000000000e+02, 0., -1.7546180000000000e+01,
    2.3430000000000001e+02, 0., -1.7507660000000001e+01,
    2.3435000000000002e+02, 0., -1.7454540000000001e+01,
    2.3440000000000001e+02, 0., -1.7406220000000001e+01,
    2.3445000000000002e+02, 0., -1.7355699999999999e+01,
    2.3450000000000000e+02, 0., -1.7306660000000001e+01,
    2.3455000000000001e+02, 0., -1.7264379999999999e+01,
    2.3460000000000002e+02, 0., -1.7216059999999999e+01,
    2.3465000000000001e+02, 0., -1.7179860000000001e+01,
    2.3470000000000002e+02, 0., -1.7130279999999999e+01,
    2.3475000000000000e+02, 0., -1.7082149999999999e+01,
    2.3480000000000001e+02, 0., -1.7046669999999999e+01,
    2.3485000000000002e+02, 0., -1.7000430000000001e+01,
    2.3490000000000001e+02, 0., -1.6954120000000000e+01,
    2.3495000000000002e+02, 0., -1.6920880000000000e+01, 235., 0.,
    -1.6876690000000000e+01, 2.3505000000000001e+02, 0.,
    -1.6838210000000000e+01, 2.3510000000000002e+02, 0.,
    -1.6791709999999998e+01, 2.3515000000000001e+02, 0.,
    -1.6746269999999999e+01, 2.3520000000000002e+02, 0.,
    -1.6709990000000001e+01, 2.3525000000000000e+02, 0.,
    -1.6663740000000001e+01, 2.3530000000000001e+02, 0.,
    -1.6625740000000000e+01, 2.3535000000000002e+02, 0.,
