%YAML:1.0
---
profile: [ 2.2820000000000002e+02, 0., -2.3047950000000000e+01,
    2.2825000000000000e+02, 0., -2.2997750000000000e+01,
    2.2830000000000001e+02, 0., -2.2941220000000001e+01,
    2.2835000000000002e+02, 0., -2.2887609999999999e+01,
    2.2840000000000001e+02, 0., -2.2849049999999998e+01,
    2.2845000000000002e+02, 0., -2.2803540000000002e+01,
    2.2850000000000000e+02, 0., -2.2770420000000001e+01,
    2.2855000000000001e+02, 0., -2.2724840000000000e+01,
    2.2860000000000002e+02, 0., -2.2674589999999998e+01,
    2.2865000000000001e+02, 0., -2.2628470000000000e+01,
    2.2870000000000002e+02, 0., -2.2572700000000001e+01,
    2.2875000000000000e+02, 0., -2.2530460000000001e+01,
    2.2880000000000001e+02, 0., -2.2471869999999999e+01,
    2.2885000000000002e+02, 0., -2.2421990000000001e+01,
    2.2890000000000001e+02, 0., -2.2369980000000002e+01,
    2.2895000000000002e+02, 0., -2.2316210000000002e+01, 229., 0.,
    -2.2267890000000001e+01, 2.2905000000000001e+02, 0.,
    -2.2213770000000000e+01, 2.2910000000000002e+02, 0.,
    -2.2173890000000000e+01, 2.2915000000000001e+02, 0.,
    -2.2124780000000001e+01, 2.2920000000000002e+02, 0.,
    -2.2077100000000002e+01, 2.2925000000000000e+02, 0.,
    -2.2042860000000001e+01, 2.2930000000000001e+02, 0.,
    -2.2002749999999999e+01, 2.2935000000000002e+02, 0.,
    -2.1972110000000001e+01, 2.2940000000000001e+02, 0.,
    -2.1919139999999999e+01, 2.2945000000000002e+02, 0.,
    -2.1860769999999999e+01, 2.2950000000000000e+02, 0.,
    -2.1808330000000002e+01, 2.2955000000000001e+02, 0.,
    -2.1751100000000001e+01, 2.2960000000000002e+02, 0.,
    -2.1709820000000001e+01, 2.2965000000000001e+02, 0.,
    -2.1665019999999998e+01, 2.2970000000000002e+02, 0.,
    -2.1623850000000001e+01, 2.2975000000000000e+02, 0.,
    -2.1597130000000000e+01, 2.2980000000000001e+02, 0.,
    -2.1556999999999999e+01, 2.2985000000000002e+02, 0.,
    -2.1516880000000000e+01, 2.2990000000000001e+02, 0.,
    -2.1461690000000001e+01, 2.2995000000000002e+02, 0.,
    -2.1406030000000001e+01, 230., 0., -2.1364110000000000e+01,
    2.3005000000000001e+02, 0., -2.1308119999999999e+01,
    2.3010000000000002e+02, 0., -2.1259160000000001e+01,
    2.3015000000000001e+02, 0., -2.1211030000000001e+01,
    2.3020000000000002e+02, 0., -2.1165590000000002e+01,
    2.3025000000000000e+02, 0., -2.1127310000000001e+01,
    2.3030000000000001e+02, 0., -2.1073760000000000e+01,
    2.3035000000000002e+02, 0., -2.1024120000000000e+01,
    2.3040000000000001e+02, 0., -2.0968979999999998e+01,
    2.3045000000000002e+02, 0., -2.0915220000000001e+01,
    2.3050000000000000e+02, 0., -2.0870979999999999e+01,
    2.3055000000000001e+02, 0., -2.0820270000000001e+01,
    2.3060000000000002e+02, 0., -2.0785270000000001e+01,
    2.3065000000000001e+02, 0., -2.0741000000000000e+01,
    2.3070000000000002e+02, 0., -2.0698680000000000e+01,
    2.3075000000000000e+02, 0., -2.0672120000000000e+01,
    2.3080000000000001e+02, 0., -2.0633489999999998e+01,
    2.3085000000000002e+02, 0., -2.0596209999999999e+01,
    2.3090000000000001e+02, 0., -2.0536780000000000e+01,
    2.3095000000000002e+02, 0., -2.0474720000000001e+01, 231., 0.,
    -2.0427000000000000e+01, 2.3105000000000001e+02, 0.,
    -2.0364260000000002e+01, 2.3110000000000002e+02, 0.,
    -2.0310459999999999e+01, 2.3115000000000001e+02, 0.,
    -2.0248580000000000e+01, 2.3120000000000002e+02, 0.,
    -2.0193380000000001e+01, 2.3125000000000000e+02, 0.,
    -2.0159379999999999e+01, 2.3130000000000001e+02, 0.,
    -2.0117999999999999e+01, 2.3135000000000002e+02, 0.,
    -2.0086279999999999e+01, 2.3140000000000001e+02, 0.,
    -2.0047750000000001e+01, 2.3145000000000002e+02, 0.,
    -2.0009229999999999e+01, 2.3150000000000000e+02, 0.,
    -1.9976030000000002e+01, 2.3155000000000001e+02, 0.,
    -1.9926950000000001e+01, 2.3160000000000002e+02, 0.,
    -1.9878670000000000e+01, 2.3165000000000001e+02, 0.,
    -1.9822780000000002e+01, 2.3170000000000002e+02, 0.,
    -1.9767340000000001e+01, 2.3175000000000000e+02, 0.,
    -1.9720620000000000e+01, 2.3180000000000001e+02, 0.,
    -1.9664020000000001e+01, 2.3185000000000002e+02, 0.,
    -1.9620979999999999e+01, 2.3190000000000001e+02, 0.,
    -1.9568020000000001e+01, 2.3195000000000002e+02, 0.,
    -1.9516780000000001e+01, 232., 0., -1.9480660000000000e+01,
    2.3205000000000001e+02, 0., -1.9425970000000000e+01,
    2.3210000000000002e+02, 0., -1.9370889999999999e+01,
    2.3215000000000001e+02, 0., -1.9322479999999999e+01,
    2.3220000000000002e+02, 0., -1.9280120000000000e+01,
    2.3225000000000000e+02, 0., -1.9249279999999999e+01,
    2.3230000000000001e+02, 0., -1.9209830000000000e+01,
    2.3235000000000002e+02, 0., -1.9177190000000000e+01,
    2.3240000000000001e+02, 0., -1.9135130000000000e+01,
    2.3245000000000002e+02, 0., -1.9090309999999999e+01,
    2.3250000000000000e+02, 0., -1.9046550000000000e+01,
    2.3255000000000001e+02, 0., -1.8987380000000002e+01,
    2.3260000000000002e+02, 0., -1.8937740000000002e+01,
    2.3265000000000001e+02, 0., -1.8883279999999999e+01,
    2.3270000000000002e+02, 0., -1.8826630000000002e+01,
    2.3275000000000000e+02, 0., -1.8768229999999999e+01,
    2.3280000000000001e+02, 0., -1.8703029999999998e+01,
    2.3285000000000002e+02, 0., -1.8655069999999998e+01,
    2.3290000000000001e+02, 0., -1.8584660000000000e+01,
    2.3295000000000002e+02, 0., -1.8522549999999999e+01, 233., 0.,
    -1.8485869999999998e+01, 2.3305000000000001e+02, 0.,
    -1.8446210000000001e+01, 2.3310000000000002e+02, 0.,
    -1.8417809999999999e+01, 2.3315000000000001e+02, 0.,
    -1.8377210000000002e+01, 2.3320000000000002e+02, 0.,
    -1.8335660000000001e+01, 2.3325000000000000e+02, 0.,
    -1.8302779999999998e+01, 2.3330000000000001e+02, 0.,
    -1.8243980000000001e+01, 2.3335000000000002e+02, 0.,
    -1.8176310000000001e+01, 2.3340000000000001e+02, 0.,
    -1.8131550000000001e+01, 2.3345000000000002e+02, 0.,
    -1.8081520000000001e+01, 2.3350000000000000e+02, 0.,
    -1.8048719999999999e+01, 2.3355000000000001e+02, 0.,
    -1.7999610000000001e+01, 2.3360000000000002e+02, 0.,
    -1.7947839999999999e+01, 2.3365000000000001e+02, 0.,
    -1.7915040000000001e+01, 2.3370000000000002e+02, 0.,
    -1.7867390000000000e+01, 2.3375000000000000e+02, 0.,
    -1.7821310000000000e+01, 2.3380000000000001e+02, 0.,
    -1.7771070000000002e+01, 2.3385000000000002e+02, 0.,
    -1.7721889999999998e+01, 2.3390000000000001e+02, 0.,
    -1.7680209999999999e+01, 2.3395000000000002e+02, 0.,
    -1.7629780000000000e+01, 234., 0., -1.7590340000000001e+01,
    2.3405000000000001e+02, 0., -1.7541370000000001e+01,
    2.3410000000000002e+02, 0., -1.7492740000000001e+01,
    2.3415000000000001e+02, 0., -1.7454100000000000e+01,
    2.3420000000000002e+02, 0., -1.7403009999999998e+01,
    2.3425000000000000e+02, 0., -1.7360730000000000e+01,
    2.3430000000000001e+02, 0., -1.7303590000000000e+01,
    2.3435000000000002e+02, 0., -1.7249430000000000e+01,
    2.3440000000000001e+02, 0., -1.7210950000000000e+01,
    2.3445000000000002e+02, 0., -1.7164480000000001e+01,
    2.3450000000000000e+02, 0., -1.7118970000000001e+01,
    2.3455000000000001e+02, 0., -1.7082010000000000e+01,
    2.3460000000000002e+02, 0., -1.7033200000000001e+01,
    2.3465000000000001e+02, 0., -1.6991040000000002e+01,
    2.3470000000000002e+02, 0., -1.6945080000000001e+01,
    2.3475000000000000e+02, 0., -1.6900610000000000e+01,
    2.3480000000000001e+02, 0., -1.6864370000000001e+01,
    2.3485000000000002e+02, 0., -1.6824090000000002e+01,
    2.3490000000000001e+02, 0., -1.6794609999999999e+01,
    2.3495000000000002e+02, 0., -1.6745080000000002e+01, 235., 0.,
    -1.6690480000000001e+01, 2.3505000000000001e+02, 0.,
    -1.6644639999999999e+01, 2.3510000000000002e+02, 0.,
    -1.6590009999999999e+01, 2.3515000000000001e+02, 0.,
    -1.6539800000000000e+01, 2.3520000000000002e+02, 0.,
    -1.6507999999999999e+01, 2.3525000000000000e+02, 0.,
