%YAML:1.0
---
profile: [ 2.3005000000000001e+02, 0., -2.0838650000000001e+01,
    2.3010000000000002e+02, 0., -2.0815049999999999e+01,
    2.3015000000000001e+02, 0., -2.0782119999999999e+01,
    2.3020000000000002e+02, 0., -2.0751680000000000e+01,
    2.3025000000000000e+02, 0., -2.0708230000000000e+01,
    2.3030000000000001e+02, 0., -2.0661899999999999e+01,
    2.3035000000000002e+02, 0., -2.0620220000000000e+01,
    2.3040000000000001e+02, 0., -2.0567979999999999e+01,
    2.3045000000000002e+02, 0., -2.0526140000000002e+01,
    2.3050000000000000e+02, 0., -2.0478500000000000e+01,
    2.3055000000000001e+02, 0., -2.0432620000000000e+01,
    2.3060000000000002e+02, 0., -2.0397939999999998e+01,
    2.3065000000000001e+02, 0., -2.0351579999999998e+01,
    2.3070000000000002e+02, 0., -2.0312899999999999e+01,
    2.3075000000000000e+02, 0., -2.0262329999999999e+01,
    2.3080000000000001e+02, 0., -2.0209840000000000e+01,
    2.3085000000000002e+02, 0., -2.0163679999999999e+01,
    2.3090000000000001e+02, 0., -2.0101769999999998e+01,
    2.3095000000000002e+02, 0., -2.0047329999999999e+01, 231., 0.,
    -1.9991340000000001e+01, 2.3105000000000001e+02, 0.,
    -1.9939000000000000e+01, 2.3110000000000002e+02, 0.,
    -1.9899000000000001e+01, 2.3115000000000001e+02, 0.,
    -1.9848680000000002e+01, 2.3120000000000002e+02, 0.,
    -1.9808160000000001e+01, 2.3125000000000000e+02, 0.,
    -1.9757300000000001e+01, 2.3130000000000001e+02, 0.,
    -1.9705639999999999e+01, 2.3135000000000002e+02, 0.,
    -1.9661960000000001e+01, 2.3140000000000001e+02, 0.,
    -1.9604610000000001e+01, 2.3145000000000002e+02, 0.,
    -1.9555569999999999e+01, 2.3150000000000000e+02, 0.,
    -1.9509419999999999e+01, 2.3155000000000001e+02, 0.,
    -1.9467590000000001e+01, 2.3160000000000002e+02, 0.,
    -1.9435790000000001e+01, 2.3165000000000001e+02, 0.,
    -1.9394500000000001e+01, 2.3170000000000002e+02, 0.,
    -1.9360659999999999e+01, 2.3175000000000000e+02, 0.,
    -1.9312339999999999e+01, 2.3180000000000001e+02, 0.,
    -1.9260850000000001e+01, 2.3185000000000002e+02, 0.,
    -1.9214449999999999e+01, 2.3190000000000001e+02, 0.,
    -1.9158539999999999e+01, 2.3195000000000002e+02, 0.,
    -1.9114940000000001e+01, 232., 0., -1.9065660000000001e+01,
    2.3205000000000001e+02, 0., -1.9017009999999999e+01,
    2.3210000000000002e+02, 0., -1.8975729999999999e+01,
    2.3215000000000001e+02, 0., -1.8929189999999998e+01,
    2.3220000000000002e+02, 0., -1.8894670000000001e+01,
    2.3225000000000000e+02, 0., -1.8844830000000002e+01,
    2.3230000000000001e+02, 0., -1.8794010000000000e+01,
    2.3235000000000002e+02, 0., -1.8754169999999998e+01,
    2.3240000000000001e+02, 0., -1.8706689999999998e+01,
    2.3245000000000002e+02, 0., -1.8669969999999999e+01,
    2.3250000000000000e+02, 0., -1.8604120000000002e+01,
    2.3255000000000001e+02, 0., -1.8541039999999999e+01,
    2.3260000000000002e+02, 0., -1.8499839999999999e+01,
    2.3265000000000001e+02, 0., -1.8440000000000001e+01,
    2.3270000000000002e+02, 0., -1.8379439999999999e+01,
    2.3275000000000000e+02, 0., -1.8346520000000002e+01,
    2.3280000000000001e+02, 0., -1.8305380000000000e+01,
    2.3285000000000002e+02, 0., -1.8272500000000001e+01,
    2.3290000000000001e+02, 0., -1.8219360000000002e+01,
    2.3295000000000002e+02, 0., -1.8160620000000002e+01, 233., 0.,
    -1.8121020000000001e+01, 2.3305000000000001e+02, 0.,
    -1.8069080000000000e+01, 2.3310000000000002e+02, 0.,
    -1.8024600000000000e+01, 2.3315000000000001e+02, 0.,
    -1.7986619999999998e+01, 2.3320000000000002e+02, 0.,
    -1.7950630000000000e+01, 2.3325000000000000e+02, 0.,
    -1.7914030000000000e+01, 2.3330000000000001e+02, 0.,
    -1.7857070000000000e+01, 2.3335000000000002e+02, 0.,
    -1.7805589999999999e+01, 2.3340000000000001e+02, 0.,
    -1.7736059999999998e+01, 2.3345000000000002e+02, 0.,
    -1.7666879999999999e+01, 2.3350000000000000e+02, 0.,
    -1.7616679999999999e+01, 2.3355000000000001e+02, 0.,
    -1.7573699999999999e+01, 2.3360000000000002e+02, 0.,
    -1.7549939999999999e+01, 2.3365000000000001e+02, 0.,
    -1.7521930000000001e+01, 2.3370000000000002e+02, 0.,
    -1.7491610000000001e+01, 2.3375000000000000e+02, 0.,
    -1.7464130000000001e+01, 2.3380000000000001e+02, 0.,
    -1.7412089999999999e+01, 2.3385000000000002e+02, 0.,
    -1.7348050000000001e+01, 2.3390000000000001e+02, 0.,
    -1.7296050000000001e+01, 2.3395000000000002e+02, 0.,
    -1.7233989999999999e+01, 234., 0., -1.7187950000000001e+01,
    2.3405000000000001e+02, 0., -1.7136920000000000e+01,
    2.3410000000000002e+02, 0., -1.7090190000000000e+01,
    2.3415000000000001e+02, 0., -1.7052389999999999e+01,
    2.3420000000000002e+02, 0., -1.7003290000000000e+01,
    2.3425000000000000e+02, 0., -1.6961890000000000e+01,
    2.3430000000000001e+02, 0., -1.6903369999999999e+01,
    2.3435000000000002e+02, 0., -1.6845569999999999e+01,
    2.3440000000000001e+02, 0., -1.6806850000000001e+01,
    2.3445000000000002e+02, 0., -1.6763159999999999e+01,
    2.3450000000000000e+02, 0., -1.6730799999999999e+01,
    2.3455000000000001e+02, 0., -1.6671209999999999e+01,
    2.3460000000000002e+02, 0., -1.6613090000000000e+01,
    2.3465000000000001e+02, 0., -1.6574090000000002e+01,
    2.3470000000000002e+02, 0., -1.6517930000000000e+01,
    2.3475000000000000e+02, 0., -1.6460580000000000e+01,
    2.3480000000000001e+02, 0., -1.6426780000000001e+01,
    2.3485000000000002e+02, 0., -1.6379960000000001e+01,
    2.3490000000000001e+02, 0., -1.6337080000000000e+01,
    2.3495000000000002e+02, 0., -1.6284300000000002e+01, 235., 0.,
    -1.6232939999999999e+01, 2.3505000000000001e+02, 0.,
    -1.6195940000000000e+01, 2.3510000000000002e+02, 0.,
    -1.6149660000000001e+01, 2.3515000000000001e+02, 0.,
    -1.6112700000000000e+01, 2.3520000000000002e+02, 0.,
    -1.6065570000000001e+01, 2.3525000000000000e+02, 0.,
    -1.6019100000000002e+01, 2.3530000000000001e+02, 0.,
    -1.5983020000000000e+01, 2.3535000000000002e+02, 0.,
    -1.5932000000000000e+01, 2.3540000000000001e+02, 0.,
    -1.5877409999999999e+01, 2.3545000000000002e+02, 0.,
    -1.5834730000000000e+01, 2.3550000000000000e+02, 0.,
    -1.5776930000000000e+01, 2.3555000000000001e+02, 0.,
    -1.5725450000000000e+01, 2.3560000000000002e+02, 0.,
    -1.5676530000000000e+01, 2.3565000000000001e+02, 0.,
    -1.5633559999999999e+01, 2.3570000000000002e+02, 0.,
    -1.5605880000000001e+01, 2.3575000000000000e+02, 0.,
    -1.5570919999999999e+01, 2.3580000000000001e+02, 0.,
    -1.5542840000000000e+01, 2.3585000000000002e+02, 0.,
    -1.5498870000000000e+01, 2.3590000000000001e+02, 0.,
    -1.5452420000000000e+01, 2.3595000000000002e+02, 0.,
    -1.5414980000000000e+01, 236., 0., -1.5355210000000000e+01,
    2.3605000000000001e+02, 0., -1.5290419999999999e+01,
    2.3610000000000002e+02, 0., -1.5250100000000000e+01,
    2.3615000000000001e+02, 0., -1.5198040000000001e+01,
    2.3620000000000002e+02, 0., -1.5154400000000001e+01,
    2.3625000000000000e+02, 0., -1.5104670000000000e+01,
    2.3630000000000001e+02, 0., -1.5051190000000000e+01,
    2.3635000000000002e+02, 0., -1.4992509999999999e+01,
    2.3640000000000001e+02, 0., -1.4935150000000000e+01,
    2.3645000000000002e+02, 0., -1.4897830000000001e+01,
    2.3650000000000000e+02, 0., -1.4851660000000001e+01,
    2.3655000000000001e+02, 0., -1.4806870000000000e+01,
    2.3660000000000002e+02, 0., -1.4772510000000000e+01,
    2.3665000000000001e+02, 0., -1.4733140000000001e+01,
    2.3670000000000002e+02, 0., -1.4691500000000000e+01,
    2.3675000000000000e+02, 0., -1.4648020000000001e+01,
    2.3680000000000001e+02, 0., -1.4593859999999999e+01,
    2.3685000000000002e+02, 0., -1.4550660000000001e+01,
    2.3690000000000001e+02, 0., -1.4500560000000000e+01,
    2.3695000000000002e+02, 0., -1.4453560000000000e+01, 237., 0.,
    -1.4418480000000001e+01, 2.3705000000000001e+02, 0.,
    -1.4373370000000000e+01, 2.3710000000000002e+02, 0.,
