%YAML:1.0
---
profile: [ 2.2695000000000002e+02, 0., -1.9628910000000001e+01, 227., 0.,
    -1.9607309999999998e+01, 2.2705000000000001e+02, 0.,
    -1.9572379999999999e+01, 2.2710000000000002e+02, 0.,
    -1.9534810000000000e+01, 2.2715000000000001e+02, 0.,
    -1.9502890000000001e+01, 2.2720000000000002e+02, 0.,
    -1.9463719999999999e+01, 2.2725000000000000e+02, 0.,
    -1.9432800000000000e+01, 2.2730000000000001e+02, 0.,
    -1.9380450000000000e+01, 2.2735000000000002e+02, 0.,
    -1.9325270000000000e+01, 2.2740000000000001e+02, 0.,
    -1.9283030000000000e+01, 2.2745000000000002e+02, 0.,
    -1.9226749999999999e+01, 2.2750000000000000e+02, 0.,
    -1.9177550000000000e+01, 2.2755000000000001e+02, 0.,
    -1.9125280000000000e+01, 2.2760000000000002e+02, 0.,
    -1.9074770000000001e+01, 2.2765000000000001e+02, 0.,
    -1.9032570000000000e+01, 2.2770000000000002e+02, 0.,
    -1.8977180000000001e+01, 2.2775000000000000e+02, 0.,
    -1.8929700000000000e+01, 2.2780000000000001e+02, 0.,
    -1.8871770000000001e+01, 2.2785000000000002e+02, 0.,
    -1.8816949999999999e+01, 2.2790000000000001e+02, 0.,
    -1.8780069999999998e+01, 2.2795000000000002e+02, 0.,
    -1.8736190000000001e+01, 228., 0., -1.8703869999999998e+01,
    2.2805000000000001e+02, 0., -1.8657470000000000e+01,
    2.2810000000000002e+02, 0., -1.8606220000000000e+01,
    2.2815000000000001e+02, 0., -1.8562660000000001e+01,
    2.2820000000000002e+02, 0., -1.8508929999999999e+01,
    2.2825000000000000e+02, 0., -1.8466930000000001e+01,
    2.2830000000000001e+02, 0., -1.8405980000000000e+01,
    2.2835000000000002e+02, 0., -1.8343530000000001e+01,
    2.2840000000000001e+02, 0., -1.8306770000000000e+01,
    2.2845000000000002e+02, 0., -1.8264569999999999e+01,
    2.2850000000000000e+02, 0., -1.8235330000000001e+01,
    2.2855000000000001e+02, 0., -1.8190380000000001e+01,
    2.2860000000000002e+02, 0., -1.8141369999999998e+01,
    2.2865000000000001e+02, 0., -1.8106890000000000e+01,
    2.2870000000000002e+02, 0., -1.8058910000000001e+01,
    2.2875000000000000e+02, 0., -1.8014669999999999e+01,
    2.2880000000000001e+02, 0., -1.7959180000000000e+01,
    2.2885000000000002e+02, 0., -1.7905889999999999e+01,
    2.2890000000000001e+02, 0., -1.7870729999999998e+01,
    2.2895000000000002e+02, 0., -1.7825640000000000e+01, 229., 0.,
    -1.7788200000000000e+01, 2.2905000000000001e+02, 0.,
    -1.7742500000000000e+01, 2.2910000000000002e+02, 0.,
    -1.7698029999999999e+01, 2.2915000000000001e+02, 0.,
    -1.7663670000000000e+01, 2.2920000000000002e+02, 0.,
    -1.7613969999999998e+01, 2.2925000000000000e+02, 0.,
    -1.7566130000000001e+01, 2.2930000000000001e+02, 0.,
    -1.7508640000000000e+01, 2.2935000000000002e+02, 0.,
    -1.7450600000000001e+01, 2.2940000000000001e+02, 0.,
    -1.7400600000000001e+01, 2.2945000000000002e+02, 0.,
    -1.7344320000000000e+01, 2.2950000000000000e+02, 0.,
    -1.7306799999999999e+01, 2.2955000000000001e+02, 0.,
    -1.7263089999999998e+01, 2.2960000000000002e+02, 0.,
    -1.7220920000000000e+01, 2.2965000000000001e+02, 0.,
    -1.7189599999999999e+01, 2.2970000000000002e+02, 0.,
    -1.7148620000000001e+01, 2.2975000000000000e+02, 0.,
    -1.7113700000000001e+01, 2.2980000000000001e+02, 0.,
    -1.7066179999999999e+01, 2.2985000000000002e+02, 0.,
    -1.7016570000000002e+01, 2.2990000000000001e+02, 0.,
    -1.6973210000000002e+01, 2.2995000000000002e+02, 0.,
    -1.6916879999999999e+01, 230., 0., -1.6870760000000001e+01,
    2.3005000000000001e+02, 0., -1.6820519999999998e+01,
    2.3010000000000002e+02, 0., -1.6771220000000000e+01,
    2.3015000000000001e+02, 0., -1.6728780000000000e+01,
    2.3020000000000002e+02, 0., -1.6674659999999999e+01,
    2.3025000000000000e+02, 0., -1.6630859999999998e+01,
    2.3030000000000001e+02, 0., -1.6580539999999999e+01,
    2.3035000000000002e+02, 0., -1.6529550000000000e+01,
    2.3040000000000001e+02, 0., -1.6482949999999999e+01,
    2.3045000000000002e+02, 0., -1.6434090000000001e+01,
    2.3050000000000000e+02, 0., -1.6400010000000002e+01,
    2.3055000000000001e+02, 0., -1.6353380000000001e+01,
    2.3060000000000002e+02, 0., -1.6305140000000002e+01,
    2.3065000000000001e+02, 0., -1.6265899999999998e+01,
    2.3070000000000002e+02, 0., -1.6217939999999999e+01,
    2.3075000000000000e+02, 0., -1.6180180000000000e+01,
    2.3080000000000001e+02, 0., -1.6126819999999999e+01,
    2.3085000000000002e+02, 0., -1.6074240000000000e+01,
    2.3090000000000001e+02, 0., -1.6035080000000001e+01,
    2.3095000000000002e+02, 0., -1.5980020000000000e+01, 231., 0.,
    -1.5921870000000000e+01, 2.3105000000000001e+02, 0.,
    -1.5878430000000000e+01, 2.3110000000000002e+02, 0.,
    -1.5824750000000000e+01, 2.3115000000000001e+02, 0.,
    -1.5782670000000000e+01, 2.3120000000000002e+02, 0.,
    -1.5736850000000000e+01, 2.3125000000000000e+02, 0.,
    -1.5693289999999999e+01, 2.3130000000000001e+02, 0.,
    -1.5660209999999999e+01, 2.3135000000000002e+02, 0.,
    -1.5615190000000000e+01, 2.3140000000000001e+02, 0.,
    -1.5574870000000001e+01, 2.3145000000000002e+02, 0.,
    -1.5526600000000000e+01, 2.3150000000000000e+02, 0.,
    -1.5479369999999999e+01, 2.3155000000000001e+02, 0.,
    -1.5443250000000001e+01, 2.3160000000000002e+02, 0.,
    -1.5400399999999999e+01, 2.3165000000000001e+02, 0.,
    -1.5367360000000000e+01, 2.3170000000000002e+02, 0.,
    -1.5309559999999999e+01, 2.3175000000000000e+02, 0.,
    -1.5250750000000000e+01, 2.3180000000000001e+02, 0.,
    -1.5207430000000000e+01, 2.3185000000000002e+02, 0.,
    -1.5148690000000000e+01, 2.3190000000000001e+02, 0.,
    -1.5090800000000000e+01, 2.3195000000000002e+02, 0.,
    -1.5057079999999999e+01, 232., 0., -1.5011649999999999e+01,
    2.3205000000000001e+02, 0., -1.4971370000000000e+01,
    2.3210000000000002e+02, 0., -1.4917890000000000e+01,
    2.3215000000000001e+02, 0., -1.4865660000000000e+01,
    2.3220000000000002e+02, 0., -1.4834220000000000e+01,
    2.3225000000000000e+02, 0., -1.4790889999999999e+01,
    2.3230000000000001e+02, 0., -1.4751530000000001e+01,
    2.3235000000000002e+02, 0., -1.4710960000000000e+01,
    2.3240000000000001e+02, 0., -1.4668680000000000e+01,
    2.3245000000000002e+02, 0., -1.4622640000000001e+01,
    2.3250000000000000e+02, 0., -1.4568300000000001e+01,
    2.3255000000000001e+02, 0., -1.4526619999999999e+01,
    2.3260000000000002e+02, 0., -1.4473540000000000e+01,
    2.3265000000000001e+02, 0., -1.4422499999999999e+01,
    2.3270000000000002e+02, 0., -1.4384420000000000e+01,
    2.3275000000000000e+02, 0., -1.4331569999999999e+01,
    2.3280000000000001e+02, 0., -1.4273300000000001e+01,
    2.3285000000000002e+02, 0., -1.4220660000000001e+01,
    2.3290000000000001e+02, 0., -1.4152400000000000e+01,
    2.3295000000000002e+02, 0., -1.4094880000000000e+01, 233., 0.,
    -1.4041740000000001e+01, 2.3305000000000001e+02, 0.,
    -1.3994700000000000e+01, 2.3310000000000002e+02, 0.,
    -1.3961420000000000e+01, 2.3315000000000001e+02, 0.,
    -1.3921820000000000e+01, 2.3320000000000002e+02, 0.,
    -1.3891260000000001e+01, 2.3325000000000000e+02, 0.,
    -1.3838509999999999e+01, 2.3330000000000001e+02, 0.,
    -1.3781450000000000e+01, 2.3335000000000002e+02, 0.,
    -1.3734890000000000e+01, 2.3340000000000001e+02, 0.,
    -1.3676560000000000e+01, 2.3345000000000002e+02, 0.,
    -1.3623730000000000e+01, 2.3350000000000000e+02, 0.,
    -1.3599010000000000e+01, 2.3355000000000001e+02, 0.,
    -1.3568020000000001e+01, 2.3360000000000002e+02, 0.,
    -1.3543139999999999e+01, 2.3365000000000001e+02, 0.,
    -1.3504899999999999e+01, 2.3370000000000002e+02, 0.,
    -1.3462100000000000e+01, 2.3375000000000000e+02, 0.,
    -1.3418979999999999e+01, 2.3380000000000001e+02, 0.,
    -1.3369640000000000e+01, 2.3385000000000002e+02, 0.,
    -1.3332640000000000e+01, 2.3390000000000001e+02, 0.,
    -1.3277030000000000e+01, 2.3395000000000002e+02, 0.,
    -1.3221209999999999e+01, 234., 0., -1.3179209999999999e+01,
