%YAML:1.0
---
profile: [ 2.2705000000000001e+02, 0., -9.8043200000000006e+00,
    2.2710000000000002e+02, 0., -9.7729599999999994e+00,
    2.2715000000000001e+02, 0., -9.7403600000000008e+00,
    2.2720000000000002e+02, 0., -9.7004800000000007e+00,
    2.2725000000000000e+02, 0., -9.6691199999999995e+00,
    2.2730000000000001e+02, 0., -9.6146600000000007e+00,
    2.2735000000000002e+02, 0., -9.5615500000000004e+00,
    2.2740000000000001e+02, 0., -9.5253099999999993e+00,
    2.2745000000000002e+02, 0., -9.4756300000000007e+00,
    2.2750000000000000e+02, 0., -9.4335900000000006e+00,
    2.2755000000000001e+02, 0., -9.3768300000000000e+00,
    2.2760000000000002e+02, 0., -9.3176299999999994e+00,
    2.2765000000000001e+02, 0., -9.2686299999999999e+00,
    2.2770000000000002e+02, 0., -9.2039899999999992e+00,
    2.2775000000000000e+02, 0., -9.1400500000000005e+00,
    2.2780000000000001e+02, 0., -9.0982099999999999e+00,
    2.2785000000000002e+02, 0., -9.0477399999999992e+00,
    2.2790000000000001e+02, 0., -9.0097000000000005e+00,
    2.2795000000000002e+02, 0., -8.9710900000000002e+00, 228., 0.,
    -8.9320799999999991e+00, 2.2805000000000001e+02, 0.,
    -8.8923600000000000e+00, 2.2810000000000002e+02, 0.,
    -8.8464700000000001e+00, 2.2815000000000001e+02, 0.,
    -8.8117900000000002e+00, 2.2820000000000002e+02, 0.,
    -8.7562099999999994e+00, 2.2825000000000000e+02, 0.,
    -8.6987600000000000e+00, 2.2830000000000001e+02, 0.,
    -8.6542399999999997e+00, 2.2835000000000002e+02, 0.,
    -8.6004500000000004e+00, 2.2840000000000001e+02, 0.,
    -8.5487300000000008e+00, 2.2845000000000002e+02, 0.,
    -8.5098900000000004e+00, 2.2850000000000000e+02, 0.,
    -8.4618199999999995e+00, 2.2855000000000001e+02, 0.,
    -8.4239400000000000e+00, 2.2860000000000002e+02, 0.,
    -8.3706899999999997e+00, 2.2865000000000001e+02, 0.,
    -8.3156400000000001e+00, 2.2870000000000002e+02, 0.,
    -8.2705599999999997e+00, 2.2875000000000000e+02, 0.,
    -8.2120200000000008e+00, 2.2880000000000001e+02, 0.,
    -8.1640999999999995e+00, 2.2885000000000002e+02, 0.,
    -8.1094299999999997e+00, 2.2890000000000001e+02, 0.,
    -8.0598399999999994e+00, 2.2895000000000002e+02, 0.,
    -8.0246800000000000e+00, 229., 0., -7.9750300000000003e+00,
    2.2905000000000001e+02, 0., -7.9212699999999998e+00,
    2.2910000000000002e+02, 0., -7.8771100000000001e+00,
    2.2915000000000001e+02, 0., -7.8211700000000004e+00,
    2.2920000000000002e+02, 0., -7.7760899999999999e+00,
    2.2925000000000000e+02, 0., -7.7246800000000002e+00,
    2.2930000000000001e+02, 0., -7.6791000000000000e+00,
    2.2935000000000002e+02, 0., -7.6482200000000002e+00,
    2.2940000000000001e+02, 0., -7.6031000000000004e+00,
    2.2945000000000002e+02, 0., -7.5540900000000004e+00,
    2.2950000000000000e+02, 0., -7.5162100000000001e+00,
    2.2955000000000001e+02, 0., -7.4652000000000003e+00,
    2.2960000000000002e+02, 0., -7.4201199999999998e+00,
    2.2965000000000001e+02, 0., -7.3793699999999998e+00,
    2.2970000000000002e+02, 0., -7.3408800000000003e+00,
    2.2975000000000000e+02, 0., -7.3048799999999998e+00,
    2.2980000000000001e+02, 0., -7.2476700000000003e+00,
    2.2985000000000002e+02, 0., -7.1863799999999998e+00,
    2.2990000000000001e+02, 0., -7.1500199999999996e+00,
    2.2995000000000002e+02, 0., -7.0982599999999998e+00, 230., 0.,
    -7.0493399999999999e+00, 2.3005000000000001e+02, 0.,
    -6.9965900000000003e+00, 2.3010000000000002e+02, 0.,
    -6.9442599999999999e+00, 2.3015000000000001e+02, 0.,
    -6.8970200000000004e+00, 2.3020000000000002e+02, 0.,
    -6.8482500000000002e+00, 2.3025000000000000e+02, 0.,
    -6.8147700000000002e+00, 2.3030000000000001e+02, 0.,
    -6.7591999999999999e+00, 2.3035000000000002e+02, 0.,
    -6.6982799999999996e+00, 2.3040000000000001e+02, 0.,
    -6.6472800000000003e+00, 2.3045000000000002e+02, 0.,
    -6.5911900000000001e+00, 2.3050000000000000e+02, 0.,
    -6.5386499999999996e+00, 2.3055000000000001e+02, 0.,
    -6.5019700000000000e+00, 2.3060000000000002e+02, 0.,
    -6.4616699999999998e+00, 2.3065000000000001e+02, 0.,
    -6.4323899999999998e+00, 2.3070000000000002e+02, 0.,
    -6.3826799999999997e+00, 2.3075000000000000e+02, 0.,
    -6.3297900000000000e+00, 2.3080000000000001e+02, 0.,
    -6.2875899999999998e+00, 2.3085000000000002e+02, 0.,
    -6.2358799999999999e+00, 2.3090000000000001e+02, 0.,
    -6.1861600000000001e+00, 2.3095000000000002e+02, 0.,
    -6.1519599999999999e+00, 231., 0., -6.1155600000000003e+00,
    2.3105000000000001e+02, 0., -6.0898399999999997e+00,
    2.3110000000000002e+02, 0., -6.0492699999999999e+00,
    2.3115000000000001e+02, 0., -5.9997800000000003e+00,
    2.3120000000000002e+02, 0., -5.9520999999999997e+00,
    2.3125000000000000e+02, 0., -5.8860200000000003e+00,
    2.3130000000000001e+02, 0., -5.8187699999999998e+00,
    2.3135000000000002e+02, 0., -5.7664900000000001e+00,
    2.3140000000000001e+02, 0., -5.7059800000000003e+00,
    2.3145000000000002e+02, 0., -5.6602199999999998e+00,
    2.3150000000000000e+02, 0., -5.5973199999999999e+00,
    2.3155000000000001e+02, 0., -5.5298299999999996e+00,
    2.3160000000000002e+02, 0., -5.4720700000000004e+00,
    2.3165000000000001e+02, 0., -5.4210099999999999e+00,
    2.3170000000000002e+02, 0., -5.3759199999999998e+00,
    2.3175000000000000e+02, 0., -5.3420399999999999e+00,
    2.3180000000000001e+02, 0., -5.3032399999999997e+00,
    2.3185000000000002e+02, 0., -5.2680600000000002e+00,
    2.3190000000000001e+02, 0., -5.2440199999999999e+00,
    2.3195000000000002e+02, 0., -5.2082199999999998e+00, 232., 0.,
    -5.1728199999999998e+00, 2.3205000000000001e+02, 0.,
    -5.1143500000000000e+00, 2.3210000000000002e+02, 0.,
    -5.0540399999999996e+00, 2.3215000000000001e+02, 0.,
    -5.0078800000000001e+00, 2.3220000000000002e+02, 0.,
    -4.9482299999999997e+00, 2.3225000000000000e+02, 0.,
    -4.8903699999999999e+00, 2.3230000000000001e+02, 0.,
    -4.8542100000000001e+00, 2.3235000000000002e+02, 0.,
    -4.8076900000000000e+00, 2.3240000000000001e+02, 0.,
    -4.7698499999999999e+00, 2.3245000000000002e+02, 0.,
    -4.7210400000000003e+00, 2.3250000000000000e+02, 0.,
    -4.6691799999999999e+00, 2.3255000000000001e+02, 0.,
    -4.6244600000000000e+00, 2.3260000000000002e+02, 0.,
    -4.5684899999999997e+00, 2.3265000000000001e+02, 0.,
    -4.5136700000000003e+00, 2.3270000000000002e+02, 0.,
    -4.4736300000000000e+00, 2.3275000000000000e+02, 0.,
    -4.4221100000000000e+00, 2.3280000000000001e+02, 0.,
    -4.3801899999999998e+00, 2.3285000000000002e+02, 0.,
    -4.3304600000000004e+00, 2.3290000000000001e+02, 0.,
    -4.2774700000000001e+00, 2.3295000000000002e+02, 0.,
    -4.2303899999999999e+00, 233., 0., -4.1825799999999997e+00,
    2.3305000000000001e+02, 0., -4.1390900000000004e+00,
    2.3310000000000002e+02, 0., -4.1062099999999999e+00,
    2.3315000000000001e+02, 0., -4.0580299999999996e+00,
    2.3320000000000002e+02, 0., -4.0067599999999999e+00,
    2.3325000000000000e+02, 0., -3.9708000000000001e+00,
    2.3330000000000001e+02, 0., -3.9260799999999998e+00,
    2.3335000000000002e+02, 0., -3.8904800000000002e+00,
    2.3340000000000001e+02, 0., -3.8432700000000000e+00,
    2.3345000000000002e+02, 0., -3.7906599999999999e+00,
    2.3350000000000000e+02, 0., -3.7429800000000002e+00,
    2.3355000000000001e+02, 0., -3.6831000000000000e+00,
    2.3360000000000002e+02, 0., -3.6246399999999999e+00,
    2.3365000000000001e+02, 0., -3.5824799999999999e+00,
    2.3370000000000002e+02, 0., -3.5349499999999998e+00,
    2.3375000000000000e+02, 0., -3.4909599999999998e+00,
    2.3380000000000001e+02, 0., -3.4558399999999998e+00,
    2.3385000000000002e+02, 0., -3.4085299999999998e+00,
    2.3390000000000001e+02, 0., -3.3688899999999999e+00,
    2.3395000000000002e+02, 0., -3.3145199999999999e+00, 234., 0.,
    -3.2612999999999999e+00, 2.3405000000000001e+02, 0.,
    -3.2215799999999999e+00, 2.3410000000000002e+02, 0.,
