%YAML:1.0
---
profile: [ 2.0090000000000001e+02, 0., -2.2541010000000000e+01,
    2.0095000000000002e+02, 0., -2.2514330000000001e+01,
    2.0250000000000000e+02, 0., -2.3321520000000000e+01,
    2.0255000000000001e+02, 0., -2.3294640000000001e+01,
    2.0410000000000002e+02, 0., -2.2187080000000002e+01,
    2.0415000000000001e+02, 0., -2.2205520000000000e+01,
    2.0420000000000002e+02, 0., -2.2220730000000000e+01,
    2.0440000000000001e+02, 0., -2.1152680000000000e+01,
    2.0460000000000002e+02, 0., -2.0070699999999999e+01,
    2.2880000000000001e+02, 0., -6.2391199999999998e+00,
    2.2885000000000002e+02, 0., -6.2064800000000000e+00,
    2.2890000000000001e+02, 0., -6.1676399999999996e+00,
    2.2895000000000002e+02, 0., -6.1376799999999996e+00, 229., 0.,
    -6.0919200000000000e+00, 2.2905000000000001e+02, 0.,
    -6.0406599999999999e+00, 2.2910000000000002e+02, 0.,
    -5.9954999999999998e+00, 2.2915000000000001e+02, 0.,
    -5.9430699999999996e+00, 2.2920000000000002e+02, 0.,
    -5.8920100000000000e+00, 2.2925000000000000e+02, 0.,
    -5.8468099999999996e+00, 2.2930000000000001e+02, 0.,
    -5.7960099999999999e+00, 2.2935000000000002e+02, 0.,
    -5.7584900000000001e+00, 2.2940000000000001e+02, 0.,
    -5.6959600000000004e+00, 2.2945000000000002e+02, 0.,
    -5.6307900000000002e+00, 2.2950000000000000e+02, 0.,
    -5.5801499999999997e+00, 2.2955000000000001e+02, 0.,
    -5.5108800000000002e+00, 2.2960000000000002e+02, 0.,
    -5.4439399999999996e+00, 2.2965000000000001e+02, 0.,
    -5.4106600000000000e+00, 2.2970000000000002e+02, 0.,
    -5.3690300000000004e+00, 2.2975000000000000e+02, 0.,
    -5.3357500000000000e+00, 2.2980000000000001e+02, 0.,
    -5.2910100000000000e+00, 2.2985000000000002e+02, 0.,
    -5.2474299999999996e+00, 2.2990000000000001e+02, 0.,
    -5.2148700000000003e+00, 2.2995000000000002e+02, 0.,
    -5.1671600000000000e+00, 230., 0., -5.1170900000000001e+00,
    2.3005000000000001e+02, 0., -5.0845700000000003e+00,
    2.3010000000000002e+02, 0., -5.0435299999999996e+00,
    2.3015000000000001e+02, 0., -5.0103299999999997e+00,
    2.3020000000000002e+02, 0., -4.9640899999999997e+00,
    2.3025000000000000e+02, 0., -4.9183700000000004e+00,
    2.3030000000000001e+02, 0., -4.8838499999999998e+00,
    2.3035000000000002e+02, 0., -4.8281299999999998e+00,
    2.3040000000000001e+02, 0., -4.7650800000000002e+00,
    2.3045000000000002e+02, 0., -4.7178000000000004e+00,
    2.3050000000000000e+02, 0., -4.6590699999999998e+00,
    2.3055000000000001e+02, 0., -4.6123099999999999e+00,
    2.3060000000000002e+02, 0., -4.5502000000000002e+00,
    2.3065000000000001e+02, 0., -4.4907800000000000e+00,
    2.3070000000000002e+02, 0., -4.4474999999999998e+00,
    2.3075000000000000e+02, 0., -4.3934600000000001e+00,
    2.3080000000000001e+02, 0., -4.3411799999999996e+00,
    2.3085000000000002e+02, 0., -4.3050600000000001e+00,
    2.3090000000000001e+02, 0., -4.2648400000000004e+00,
    2.3095000000000002e+02, 0., -4.2353600000000000e+00, 231., 0.,
    -4.1933999999999996e+00, 2.3105000000000001e+02, 0.,
    -4.1473800000000001e+00, 2.3110000000000002e+02, 0.,
    -4.1073000000000004e+00, 2.3115000000000001e+02, 0.,
    -4.0491599999999996e+00, 2.3120000000000002e+02, 0.,
    -3.9890300000000001e+00, 2.3125000000000000e+02, 0.,
    -3.9411100000000001e+00, 2.3130000000000001e+02, 0.,
    -3.8847600000000000e+00, 2.3135000000000002e+02, 0.,
    -3.8333100000000000e+00, 2.3140000000000001e+02, 0.,
    -3.8003900000000002e+00, 2.3145000000000002e+02, 0.,
    -3.7557499999999999e+00, 2.3150000000000000e+02, 0.,
    -3.7158699999999998e+00, 2.3155000000000001e+02, 0.,
    -3.6691199999999999e+00, 2.3160000000000002e+02, 0.,
    -3.6244900000000002e+00, 2.3165000000000001e+02, 0.,
    -3.5903299999999998e+00, 2.3170000000000002e+02, 0.,
    -3.5404900000000001e+00, 2.3175000000000000e+02, 0.,
    -3.4856600000000002e+00, 2.3180000000000001e+02, 0.,
    -3.4412199999999999e+00, 2.3185000000000002e+02, 0.,
    -3.3877500000000000e+00, 2.3190000000000001e+02, 0.,
    -3.3461500000000002e+00, 2.3195000000000002e+02, 0.,
    -3.2897500000000002e+00, 232., 0., -3.2295600000000002e+00,
    2.3205000000000001e+02, 0., -3.1781600000000001e+00,
    2.3210000000000002e+02, 0., -3.1319800000000000e+00,
    2.3215000000000001e+02, 0., -3.0890700000000000e+00,
    2.3220000000000002e+02, 0., -3.0509900000000001e+00,
    2.3225000000000000e+02, 0., -2.9991900000000000e+00,
    2.3230000000000001e+02, 0., -2.9457000000000000e+00,
    2.3235000000000002e+02, 0., -2.9062600000000001e+00,
    2.3240000000000001e+02, 0., -2.8505500000000001e+00,
    2.3245000000000002e+02, 0., -2.7984300000000002e+00,
    2.3250000000000000e+02, 0., -2.7356199999999999e+00,
    2.3255000000000001e+02, 0., -2.6761900000000001e+00,
    2.3260000000000002e+02, 0., -2.6319900000000001e+00,
    2.3265000000000001e+02, 0., -2.5795599999999999e+00,
    2.3270000000000002e+02, 0., -2.5294599999999998e+00,
    2.3275000000000000e+02, 0., -2.4906199999999998e+00,
    2.3280000000000001e+02, 0., -2.4432900000000002e+00,
    2.3285000000000002e+02, 0., -2.3956900000000001e+00,
    2.3290000000000001e+02, 0., -2.3542900000000002e+00,
    2.3295000000000002e+02, 0., -2.2988000000000000e+00, 233., 0.,
    -2.2500000000000000e+00, 2.3305000000000001e+02, 0.,
    -2.1859000000000002e+00, 2.3310000000000002e+02, 0.,
    -2.1276600000000001e+00, 2.3315000000000001e+02, 0.,
    -2.0891000000000002e+00, 2.3320000000000002e+02, 0.,
    -2.0402000000000000e+00, 2.3325000000000000e+02, 0.,
    -1.9897199999999999e+00, 2.3330000000000001e+02, 0.,
    -1.9456400000000000e+00, 2.3335000000000002e+02, 0.,
    -1.8929000000000000e+00, 2.3340000000000001e+02, 0.,
    -1.8424799999999999e+00, 2.3345000000000002e+02, 0.,
    -1.8046400000000000e+00, 2.3350000000000000e+02, 0.,
    -1.7576799999999999e+00, 2.3355000000000001e+02, 0.,
    -1.7206399999999999e+00, 2.3360000000000002e+02, 0.,
    -1.6735700000000000e+00, 2.3365000000000001e+02, 0.,
    -1.6240000000000001e+00, 2.3370000000000002e+02, 0.,
    -1.5815600000000001e+00, 2.3375000000000000e+02, 0.,
    -1.5285000000000000e+00, 2.3380000000000001e+02, 0.,
    -1.4732799999999999e+00, 2.3385000000000002e+02, 0.,
    -1.4224399999999999e+00, 2.3390000000000001e+02, 0.,
    -1.3600399999999999e+00, 2.3395000000000002e+02, 0.,
    -1.2999900000000000e+00, 234., 0., -1.2569100000000000e+00,
    2.3405000000000001e+02, 0., -1.2091000000000001e+00,
    2.3410000000000002e+02, 0., -1.1741400000000000e+00,
    2.3415000000000001e+02, 0., -1.1223300000000000e+00,
    2.3420000000000002e+02, 0., -1.0693299999999999e+00,
    2.3425000000000000e+02, 0., -1.0278900000000000e+00,
    2.3430000000000001e+02, 0., -9.7606999999999999e-01,
    2.3435000000000002e+02, 0., -9.3057999999999996e-01,
    2.3440000000000001e+02, 0., -9.0178000000000003e-01,
    2.3445000000000002e+02, 0., -8.6378999999999995e-01,
    2.3450000000000000e+02, 0., -8.2279000000000002e-01,
    2.3455000000000001e+02, 0., -7.8447000000000000e-01,
    2.3460000000000002e+02, 0., -7.3197000000000001e-01,
    2.3465000000000001e+02, 0., -6.7586999999999997e-01,
    2.3470000000000002e+02, 0., -6.2919000000000003e-01,
    2.3475000000000000e+02, 0., -5.7769000000000004e-01,
    2.3480000000000001e+02, 0., -5.4017000000000004e-01,
    2.3485000000000002e+02, 0., -4.9328000000000000e-01,
    2.3490000000000001e+02, 0., -4.4485999999999998e-01,
    2.3495000000000002e+02, 0., -4.0426000000000001e-01, 235., 0.,
    -3.5747000000000001e-01, 2.3505000000000001e+02, 0.,
    -3.0742000000000003e-01, 2.3510000000000002e+02, 0.,
    -2.6229999999999998e-01, 2.3515000000000001e+02, 0.,
    -2.0563999999999999e-01, 2.3520000000000002e+02, 0.,
    -1.4629000000000000e-01, 2.3525000000000000e+02, 0.,
    -9.0569999999999998e-02, 2.3530000000000001e+02, 0.,
    -3.0740000000000000e-02, 2.3535000000000002e+02, 0.,
    2.1780000000000001e-02, 2.3540000000000001e+02, 0.,
