%YAML:1.0
---
profile: [ 1.8645000000000002e+02, 0., -1.4038100000000000e+01,
    1.8650000000000000e+02, 0., -1.4016940000000000e+01,
    1.8655000000000001e+02, 0., -1.3991160000000001e+01,
    1.8660000000000002e+02, 0., -1.3971480000000000e+01,
    1.8665000000000001e+02, 0., -1.3940310000000000e+01,
    1.8670000000000002e+02, 0., -1.3911910000000001e+01,
    1.8675000000000000e+02, 0., -1.3868300000000000e+01,
    1.8680000000000001e+02, 0., -1.3822260000000000e+01,
    1.8685000000000002e+02, 0., -1.3784100000000000e+01,
    1.8690000000000001e+02, 0., -1.3734600000000000e+01,
    1.8695000000000002e+02, 0., -1.3689480000000000e+01, 187., 0.,
    -1.3635550000000000e+01, 1.8705000000000001e+02, 0.,
    -1.3595510000000001e+01, 1.8710000000000002e+02, 0.,
    -1.3547990000000000e+01, 1.8715000000000001e+02, 0.,
    -1.3513150000000000e+01, 1.8720000000000002e+02, 0.,
    -1.3467580000000000e+01, 1.8725000000000000e+02, 0.,
    -1.3430140000000000e+01, 1.8730000000000001e+02, 0.,
    -1.3385210000000001e+01, 1.8735000000000002e+02, 0.,
    -1.3350370000000000e+01, 1.8740000000000001e+02, 0.,
    -1.3298819999999999e+01, 1.8745000000000002e+02, 0.,
    -1.3248070000000000e+01, 1.8750000000000000e+02, 0.,
    -1.3216510000000000e+01, 1.8755000000000001e+02, 0.,
    -1.3175110000000000e+01, 1.8760000000000002e+02, 0.,
    -1.3135990000000000e+01, 1.8765000000000001e+02, 0.,
    -1.3089919999999999e+01, 1.8770000000000002e+02, 0.,
    -1.3056559999999999e+01, 1.8775000000000000e+02, 0.,
    -1.3013780000000001e+01, 1.8780000000000001e+02, 0.,
    -1.2979020000000000e+01, 1.8785000000000002e+02, 0.,
    -1.2933600000000000e+01, 1.8790000000000001e+02, 0.,
    -1.2896879999999999e+01, 1.8795000000000002e+02, 0.,
    -1.2846450000000001e+01, 188., 0., -1.2795220000000000e+01,
    1.8805000000000001e+02, 0., -1.2755340000000000e+01,
    1.8810000000000002e+02, 0., -1.2706930000000000e+01,
    1.8815000000000001e+02, 0., -1.2672969999999999e+01,
    1.8820000000000002e+02, 0., -1.2632650000000000e+01,
    1.8825000000000000e+02, 0., -1.2603050000000000e+01,
    1.8830000000000001e+02, 0., -1.2562170000000000e+01,
    1.8835000000000002e+02, 0., -1.2527490000000000e+01,
    1.8840000000000001e+02, 0., -1.2484859999999999e+01,
    1.8845000000000002e+02, 0., -1.2443350000000001e+01,
    1.8850000000000000e+02, 0., -1.2413190000000000e+01,
    1.8855000000000001e+02, 0., -1.2373810000000001e+01,
    1.8860000000000002e+02, 0., -1.2336970000000001e+01,
    1.8865000000000001e+02, 0., -1.2291300000000000e+01,
    1.8870000000000002e+02, 0., -1.2255220000000000e+01,
    1.8875000000000000e+02, 0., -1.2200600000000000e+01,
    1.8880000000000001e+02, 0., -1.2151880000000000e+01,
    1.8885000000000002e+02, 0., -1.2091740000000000e+01,
    1.8890000000000001e+02, 0., -1.2044140000000001e+01,
    1.8895000000000002e+02, 0., -1.1989950000000000e+01, 189., 0.,
    -1.1947670000000000e+01, 1.8905000000000001e+02, 0.,
    -1.1904669999999999e+01, 1.8910000000000002e+02, 0.,
    -1.1865010000000000e+01, 1.8915000000000001e+02, 0.,
    -1.1836209999999999e+01, 1.8920000000000002e+02, 0.,
    -1.1802370000000000e+01, 1.8925000000000000e+02, 0.,
    -1.1777930000000000e+01, 1.8930000000000001e+02, 0.,
    -1.1746250000000000e+01, 1.8935000000000002e+02, 0.,
    -1.1720370000000001e+01, 1.8940000000000001e+02, 0.,
    -1.1674340000000001e+01, 1.8945000000000002e+02, 0.,
    -1.1622970000000000e+01, 1.8950000000000000e+02, 0.,
    -1.1575730000000000e+01, 1.8955000000000001e+02, 0.,
    -1.1516080000000001e+01, 1.8960000000000002e+02, 0.,
    -1.1466559999999999e+01, 1.8965000000000001e+02, 0.,
    -1.1415340000000000e+01, 1.8970000000000002e+02, 0.,
    -1.1387300000000000e+01, 1.8975000000000000e+02, 0.,
    -1.1350780000000000e+01, 1.8980000000000001e+02, 0.,
    -1.1319940000000001e+01, 1.8985000000000002e+02, 0.,
    -1.1276000000000000e+01, 1.8990000000000001e+02, 0.,
    -1.1238000000000000e+01, 1.8995000000000002e+02, 0.,
    -1.1195470000000000e+01, 190., 0., -1.1153850000000000e+01,
    1.9005000000000001e+02, 0., -1.1119450000000001e+01,
    1.9010000000000002e+02, 0., -1.1074270000000000e+01,
    1.9015000000000001e+02, 0., -1.1035550000000001e+01,
    1.9020000000000002e+02, 0., -1.0987510000000000e+01,
    1.9025000000000000e+02, 0., -1.0949310000000001e+01,
    1.9030000000000001e+02, 0., -1.0899550000000000e+01,
    1.9035000000000002e+02, 0., -1.0858710000000000e+01,
    1.9040000000000001e+02, 0., -1.0816260000000000e+01,
    1.9045000000000002e+02, 0., -1.0775080000000001e+01,
    1.9050000000000000e+02, 0., -1.0739319999999999e+01,
    1.9055000000000001e+02, 0., -1.0692460000000001e+01,
    1.9060000000000002e+02, 0., -1.0652419999999999e+01,
    1.9065000000000001e+02, 0., -1.0603450000000000e+01,
    1.9070000000000002e+02, 0., -1.0565610000000000e+01,
    1.9075000000000000e+02, 0., -1.0519349999999999e+01,
    1.9080000000000001e+02, 0., -1.0482950000000001e+01,
    1.9085000000000002e+02, 0., -1.0438840000000001e+01,
    1.9090000000000001e+02, 0., -1.0394349999999999e+01,
    1.9095000000000002e+02, 0., -1.0356310000000001e+01, 191., 0.,
    -1.0310409999999999e+01, 1.9105000000000001e+02, 0.,
    -1.0279050000000000e+01, 1.9110000000000002e+02, 0.,
    -1.0237700000000000e+01, 1.9115000000000001e+02, 0.,
    -1.0202100000000000e+01, 1.9120000000000002e+02, 0.,
    -1.0148980000000000e+01, 1.9125000000000000e+02, 0.,
    -1.0101979999999999e+01, 1.9130000000000001e+02, 0.,
    -1.0051000000000000e+01, 1.9135000000000002e+02, 0.,
    -1.0011799999999999e+01, 1.9140000000000001e+02, 0.,
    -9.9579000000000004e+00, 1.9145000000000002e+02, 0.,
    -9.9055900000000001e+00, 1.9150000000000000e+02, 0.,
    -9.8729499999999994e+00, 1.9155000000000001e+02, 0.,
    -9.8313900000000007e+00, 1.9160000000000002e+02, 0.,
    -9.7973099999999995e+00, 1.9165000000000001e+02, 0.,
    -9.7547200000000007e+00, 1.9170000000000002e+02, 0.,
    -9.7207200000000000e+00, 1.9175000000000000e+02, 0.,
    -9.6710899999999995e+00, 1.9180000000000001e+02, 0.,
    -9.6197599999999994e+00, 1.9185000000000002e+02, 0.,
    -9.5788399999999996e+00, 1.9190000000000001e+02, 0.,
    -9.5279799999999994e+00, 1.9195000000000002e+02, 0.,
    -9.4883799999999994e+00, 192., 0., -9.4423999999999992e+00,
    1.9205000000000001e+02, 0., -9.4098799999999994e+00,
    1.9210000000000002e+02, 0., -9.3729499999999994e+00,
    1.9215000000000001e+02, 0., -9.3454300000000003e+00,
    1.9220000000000002e+02, 0., -9.3038900000000009e+00,
    1.9225000000000000e+02, 0., -9.2596699999999998e+00,
    1.9230000000000001e+02, 0., -9.2214700000000001e+00,
    1.9235000000000002e+02, 0., -9.1758600000000001e+00,
    1.9240000000000001e+02, 0., -9.1419800000000002e+00,
    1.9245000000000002e+02, 0., -9.0966799999999992e+00,
    1.9250000000000000e+02, 0., -9.0589600000000008e+00,
    1.9255000000000001e+02, 0., -9.0098500000000001e+00,
    1.9260000000000002e+02, 0., -8.9696099999999994e+00,
    1.9265000000000001e+02, 0., -8.9155999999999995e+00,
    1.9270000000000002e+02, 0., -8.8621800000000004e+00,
    1.9275000000000000e+02, 0., -8.8240599999999993e+00,
    1.9280000000000001e+02, 0., -8.7799200000000006e+00,
    1.9285000000000002e+02, 0., -8.7488799999999998e+00,
    1.9290000000000001e+02, 0., -8.7078299999999995e+00,
    1.9295000000000002e+02, 0., -8.6738700000000009e+00, 193., 0.,
    -8.6342999999999996e+00, 1.9305000000000001e+02, 0.,
    -8.5954800000000002e+00, 1.9310000000000002e+02, 0.,
    -8.5644399999999994e+00, 1.9315000000000001e+02, 0.,
    -8.5210699999999999e+00, 1.9320000000000002e+02, 0.,
    -8.4809099999999997e+00, 1.9325000000000000e+02, 0.,
    -8.4299300000000006e+00, 1.9330000000000001e+02, 0.,
    -8.3883700000000001e+00, 1.9335000000000002e+02, 0.,
    -8.3384599999999995e+00, 1.9340000000000001e+02, 0.,
    -8.2996599999999994e+00, 1.9345000000000002e+02, 0.,
    -8.2575500000000002e+00, 1.9350000000000000e+02, 0.,
