%YAML:1.0
---
profile: [ 1.9425000000000000e+02, 0., -2.3317640000000001e+01,
    1.9430000000000001e+02, 0., -2.3312999999999999e+01,
    1.9435000000000002e+02, 0., -2.3308620000000001e+01,
    1.9440000000000001e+02, 0., -2.3304580000000001e+01,
    1.9445000000000002e+02, 0., -2.3299180000000000e+01,
    1.9450000000000000e+02, 0., -2.3293530000000001e+01,
    1.9455000000000001e+02, 0., -2.3290450000000000e+01,
    1.9460000000000002e+02, 0., -2.3282900000000001e+01,
    1.9465000000000001e+02, 0., -2.3272040000000001e+01,
    1.9470000000000002e+02, 0., -2.3260480000000001e+01,
    1.9475000000000000e+02, 0., -2.3241800000000001e+01,
    1.9480000000000001e+02, 0., -2.3221840000000000e+01,
    1.9485000000000002e+02, 0., -2.3179459999999999e+01,
    1.9490000000000001e+02, 0., -2.3136340000000001e+01,
    1.9495000000000002e+02, 0., -2.3076070000000001e+01, 195., 0.,
    -2.3024550000000001e+01, 1.9505000000000001e+02, 0.,
    -2.2976720000000000e+01, 1.9510000000000002e+02, 0.,
    -2.2941839999999999e+01, 1.9515000000000001e+02, 0.,
    -2.2899249999999999e+01, 1.9520000000000002e+02, 0.,
    -2.2854620000000001e+01, 1.9525000000000000e+02, 0.,
    -2.2811579999999999e+01, 1.9530000000000001e+02, 0.,
    -2.2763600000000000e+01, 1.9535000000000002e+02, 0.,
    -2.2732199999999999e+01, 1.9540000000000001e+02, 0.,
    -2.2689029999999999e+01, 1.9545000000000002e+02, 0.,
    -2.2649870000000000e+01, 1.9550000000000000e+02, 0.,
    -2.2612439999999999e+01, 1.9555000000000001e+02, 0.,
    -2.2588680000000000e+01, 1.9560000000000002e+02, 0.,
    -2.2550480000000000e+01, 1.9565000000000001e+02, 0.,
    -2.2510380000000001e+01, 1.9570000000000002e+02, 0.,
    -2.2479019999999998e+01, 1.9575000000000000e+02, 0.,
    -2.2439170000000001e+01, 1.9580000000000001e+02, 0.,
    -2.2405449999999998e+01, 1.9585000000000002e+02, 0.,
    -2.2364789999999999e+01, 1.9590000000000001e+02, 0.,
    -2.2334150000000001e+01, 1.9595000000000002e+02, 0.,
    -2.2294630000000002e+01, 196., 0., -2.2262429999999998e+01,
    1.9605000000000001e+02, 0., -2.2220970000000001e+01,
    1.9610000000000002e+02, 0., -2.2187609999999999e+01,
    1.9615000000000001e+02, 0., -2.2146329999999999e+01,
    1.9620000000000002e+02, 0., -2.2103610000000000e+01,
    1.9625000000000000e+02, 0., -2.2064530000000001e+01,
    1.9630000000000001e+02, 0., -2.2017930000000000e+01,
    1.9635000000000002e+02, 0., -2.1983450000000001e+01,
    1.9640000000000001e+02, 0., -2.1944369999999999e+01,
    1.9645000000000002e+02, 0., -2.1915250000000000e+01,
    1.9650000000000000e+02, 0., -2.1879310000000000e+01,
    1.9655000000000001e+02, 0., -2.1850670000000001e+01,
    1.9660000000000002e+02, 0., -2.1814419999999998e+01,
    1.9665000000000001e+02, 0., -2.1777300000000000e+01,
    1.9670000000000002e+02, 0., -2.1745220000000000e+01,
    1.9675000000000000e+02, 0., -2.1700859999999999e+01,
    1.9680000000000001e+02, 0., -2.1660380000000000e+01,
    1.9685000000000002e+02, 0., -2.1614709999999999e+01,
    1.9690000000000001e+02, 0., -2.1580829999999999e+01,
    1.9695000000000002e+02, 0., -2.1532940000000000e+01, 197., 0.,
    -2.1491779999999999e+01, 1.9705000000000001e+02, 0.,
    -2.1441849999999999e+01, 1.9710000000000002e+02, 0.,
    -2.1394980000000000e+01, 1.9715000000000001e+02, 0.,
    -2.1366019999999999e+01, 1.9720000000000002e+02, 0.,
    -2.1325040000000001e+01, 1.9725000000000000e+02, 0.,
    -2.1286519999999999e+01, 1.9730000000000001e+02, 0.,
    -2.1240079999999999e+01, 1.9735000000000002e+02, 0.,
    -2.1205079999999999e+01, 1.9740000000000001e+02, 0.,
    -2.1156739999999999e+01, 1.9745000000000002e+02, 0.,
    -2.1115659999999998e+01, 1.9750000000000000e+02, 0.,
    -2.1067670000000000e+01, 1.9755000000000001e+02, 0.,
    -2.1029949999999999e+01, 1.9760000000000002e+02, 0.,
    -2.0990839999999999e+01, 1.9765000000000001e+02, 0.,
    -2.0954010000000000e+01, 1.9770000000000002e+02, 0.,
    -2.0925170000000001e+01, 1.9775000000000000e+02, 0.,
    -2.0886140000000001e+01, 1.9780000000000001e+02, 0.,
    -2.0851340000000000e+01, 1.9785000000000002e+02, 0.,
    -2.0806010000000001e+01, 1.9790000000000001e+02, 0.,
    -2.0768850000000000e+01, 1.9795000000000002e+02, 0.,
    -2.0729900000000001e+01, 198., 0., -2.0700299999999999e+01,
    1.9805000000000001e+02, 0., -2.0661020000000001e+01,
    1.9810000000000002e+02, 0., -2.0623470000000001e+01,
    1.9815000000000001e+02, 0., -2.0600750000000001e+01,
    1.9820000000000002e+02, 0., -2.0570779999999999e+01,
    1.9825000000000000e+02, 0., -2.0545020000000001e+01,
    1.9830000000000001e+02, 0., -2.0512830000000001e+01,
    1.9835000000000002e+02, 0., -2.0487110000000001e+01,
    1.9840000000000001e+02, 0., -2.0447340000000001e+01,
    1.9845000000000002e+02, 0., -2.0404350000000001e+01,
    1.9850000000000000e+02, 0., -2.0365749999999998e+01,
    1.9855000000000001e+02, 0., -2.0312970000000000e+01,
    1.9860000000000002e+02, 0., -2.0265329999999999e+01,
    1.9865000000000001e+02, 0., -2.0214770000000001e+01,
    1.9870000000000002e+02, 0., -2.0179169999999999e+01,
    1.9875000000000000e+02, 0., -2.0131280000000000e+01,
    1.9880000000000001e+02, 0., -2.0091239999999999e+01,
    1.9885000000000002e+02, 0., -2.0047229999999999e+01,
    1.9890000000000001e+02, 0., -2.0004529999999999e+01,
    1.9895000000000002e+02, 0., -1.9969809999999999e+01, 199., 0.,
    -1.9927659999999999e+01, 1.9905000000000001e+02, 0.,
    -1.9895460000000000e+01, 1.9910000000000002e+02, 0.,
    -1.9852799999999998e+01, 1.9915000000000001e+02, 0.,
    -1.9815880000000000e+01, 1.9920000000000002e+02, 0.,
    -1.9767920000000000e+01, 1.9925000000000000e+02, 0.,
    -1.9728680000000001e+01, 1.9930000000000001e+02, 0.,
    -1.9687989999999999e+01, 1.9935000000000002e+02, 0.,
    -1.9649380000000001e+01, 1.9940000000000001e+02, 0.,
    -1.9618539999999999e+01, 1.9945000000000002e+02, 0.,
    -1.9580279999999998e+01, 1.9950000000000000e+02, 0.,
    -1.9550160000000002e+01, 1.9955000000000001e+02, 0.,
    -1.9510249999999999e+01, 1.9960000000000002e+02, 0.,
    -1.9477170000000001e+01, 1.9965000000000001e+02, 0.,
    -1.9436760000000000e+01, 1.9970000000000002e+02, 0.,
    -1.9404679999999999e+01, 1.9975000000000000e+02, 0.,
    -1.9356030000000001e+01, 1.9980000000000001e+02, 0.,
    -1.9305810000000001e+01, 1.9985000000000002e+02, 0.,
    -1.9267530000000001e+01, 1.9990000000000001e+02, 0.,
    -1.9221560000000000e+01, 1.9995000000000002e+02, 0.,
    -1.9187080000000002e+01, 200., 0., -1.9144610000000000e+01,
    2.0005000000000001e+02, 0., -1.9110969999999998e+01,
    2.0010000000000002e+02, 0., -1.9071130000000000e+01,
    2.0015000000000001e+02, 0., -1.9029959999999999e+01,
    2.0020000000000002e+02, 0., -1.8990760000000002e+01,
    2.0025000000000000e+02, 0., -1.8942580000000000e+01,
    2.0030000000000001e+02, 0., -1.8906780000000001e+01,
    2.0035000000000002e+02, 0., -1.8861650000000001e+01,
    2.0040000000000001e+02, 0., -1.8825130000000001e+01,
    2.0045000000000002e+02, 0., -1.8778220000000001e+01,
    2.0050000000000000e+02, 0., -1.8740100000000002e+01,
    2.0055000000000001e+02, 0., -1.8703050000000001e+01,
    2.0060000000000002e+02, 0., -1.8670140000000000e+01,
    2.0065000000000001e+02, 0., -1.8648620000000001e+01,
    2.0070000000000002e+02, 0., -1.8621320000000001e+01,
    2.0075000000000000e+02, 0., -1.8599039999999999e+01,
    2.0080000000000001e+02, 0., -1.8560330000000000e+01,
    2.0085000000000002e+02, 0., -1.8523610000000001e+01,
    2.0090000000000001e+02, 0., -1.8473330000000001e+01,
    2.0095000000000002e+02, 0., -1.8422480000000000e+01, 201., 0.,
    -1.8383440000000000e+01, 2.0105000000000001e+02, 0.,
    -1.8339569999999998e+01, 2.0110000000000002e+02, 0.,
    -1.8310490000000001e+01, 2.0115000000000001e+02, 0.,
    -1.8273520000000001e+01, 2.0120000000000002e+02, 0.,
    -1.8243680000000001e+01, 2.0125000000000000e+02, 0.,
    -1.8203460000000000e+01, 2.0130000000000001e+02, 0.,
