%YAML:1.0
---
profile: [ 1.7445000000000002e+02, 0., -2.0586490000000001e+01,
    1.7450000000000000e+02, 0., -2.0564609999999998e+01,
    1.7455000000000001e+02, 0., -2.0522110000000001e+01,
    1.7460000000000002e+02, 0., -2.0485150000000001e+01,
    1.7465000000000001e+02, 0., -2.0428940000000001e+01,
    1.7470000000000002e+02, 0., -2.0382020000000001e+01,
    1.7475000000000000e+02, 0., -2.0313210000000002e+01,
    1.7480000000000001e+02, 0., -2.0256209999999999e+01,
    1.7485000000000002e+02, 0., -2.0202349999999999e+01,
    1.7490000000000001e+02, 0., -2.0162790000000001e+01,
    1.7495000000000002e+02, 0., -2.0104630000000000e+01, 175., 0.,
    -2.0056390000000000e+01, 1.7505000000000001e+02, 0.,
    -1.9997229999999998e+01, 1.7510000000000002e+02, 0.,
    -1.9950510000000001e+01, 1.7515000000000001e+02, 0.,
    -1.9895379999999999e+01, 1.7520000000000002e+02, 0.,
    -1.9851939999999999e+01, 1.7525000000000000e+02, 0.,
    -1.9801590000000001e+01, 1.7530000000000001e+02, 0.,
    -1.9762149999999998e+01, 1.7535000000000002e+02, 0.,
    -1.9705960000000001e+01, 1.7540000000000001e+02, 0.,
    -1.9659680000000002e+01, 1.7545000000000002e+02, 0.,
    -1.9597899999999999e+01, 1.7550000000000000e+02, 0.,
    -1.9546460000000000e+01, 1.7555000000000001e+02, 0.,
    -1.9484749999999998e+01, 1.7560000000000002e+02, 0.,
    -1.9436789999999998e+01, 1.7565000000000001e+02, 0.,
    -1.9385290000000001e+01, 1.7570000000000002e+02, 0.,
    -1.9348690000000001e+01, 1.7575000000000000e+02, 0.,
    -1.9292439999999999e+01, 1.7580000000000001e+02, 0.,
    -1.9241920000000000e+01, 1.7585000000000002e+02, 0.,
    -1.9182169999999999e+01, 1.7590000000000001e+02, 0.,
    -1.9136289999999999e+01, 1.7595000000000002e+02, 0.,
    -1.9078460000000000e+01, 176., 0., -1.9032019999999999e+01,
    1.7605000000000001e+02, 0., -1.8978870000000001e+01,
    1.7610000000000002e+02, 0., -1.8939070000000001e+01,
    1.7615000000000001e+02, 0., -1.8887760000000000e+01,
    1.7620000000000002e+02, 0., -1.8845920000000000e+01,
    1.7625000000000000e+02, 0., -1.8796109999999999e+01,
    1.7630000000000001e+02, 0., -1.8757629999999999e+01,
    1.7635000000000002e+02, 0., -1.8706980000000001e+01,
    1.7640000000000001e+02, 0., -1.8665179999999999e+01,
    1.7645000000000002e+02, 0., -1.8611180000000001e+01,
    1.7650000000000000e+02, 0., -1.8567139999999998e+01,
    1.7655000000000001e+02, 0., -1.8513100000000001e+01,
    1.7660000000000002e+02, 0., -1.8470099999999999e+01,
    1.7665000000000001e+02, 0., -1.8406199999999998e+01,
    1.7670000000000002e+02, 0., -1.8349760000000000e+01,
    1.7675000000000000e+02, 0., -1.8286740000000002e+01,
    1.7680000000000001e+02, 0., -1.8240340000000000e+01,
    1.7685000000000002e+02, 0., -1.8181819999999998e+01,
    1.7690000000000001e+02, 0., -1.8134779999999999e+01,
    1.7695000000000002e+02, 0., -1.8083420000000000e+01, 177., 0.,
    -1.8046379999999999e+01, 1.7705000000000001e+02, 0.,
    -1.7996060000000000e+01, 1.7710000000000002e+02, 0.,
    -1.7953740000000000e+01, 1.7715000000000001e+02, 0.,
    -1.7897290000000002e+01, 1.7720000000000002e+02, 0.,
    -1.7850330000000000e+01, 1.7725000000000000e+02, 0.,
    -1.7785200000000000e+01, 1.7730000000000001e+02, 0.,
    -1.7729679999999998e+01, 1.7735000000000002e+02, 0.,
    -1.7670719999999999e+01, 1.7740000000000001e+02, 0.,
    -1.7629120000000000e+01, 1.7745000000000002e+02, 0.,
    -1.7573210000000000e+01, 1.7750000000000000e+02, 0.,
    -1.7526409999999998e+01, 1.7755000000000001e+02, 0.,
    -1.7471860000000000e+01, 1.7760000000000002e+02, 0.,
    -1.7430340000000001e+01, 1.7765000000000001e+02, 0.,
    -1.7375489999999999e+01, 1.7770000000000002e+02, 0.,
    -1.7330130000000000e+01, 1.7775000000000000e+02, 0.,
    -1.7262070000000001e+01, 1.7780000000000001e+02, 0.,
    -1.7201670000000000e+01, 1.7785000000000002e+02, 0.,
    -1.7131620000000002e+01, 1.7790000000000001e+02, 0.,
    -1.7082260000000002e+01, 1.7795000000000002e+02, 0.,
    -1.7022939999999998e+01, 178., 0., -1.6978380000000001e+01,
    1.7805000000000001e+02, 0., -1.6928310000000000e+01,
    1.7810000000000002e+02, 0., -1.6895109999999999e+01,
    1.7815000000000001e+02, 0., -1.6853520000000000e+01,
    1.7820000000000002e+02, 0., -1.6820200000000000e+01,
    1.7825000000000000e+02, 0., -1.6771970000000000e+01,
    1.7830000000000001e+02, 0., -1.6729930000000000e+01,
    1.7835000000000002e+02, 0., -1.6664310000000000e+01,
    1.7840000000000001e+02, 0., -1.6609269999999999e+01,
    1.7845000000000002e+02, 0., -1.6549530000000001e+01,
    1.7850000000000000e+02, 0., -1.6503609999999998e+01,
    1.7855000000000001e+02, 0., -1.6443220000000000e+01,
    1.7860000000000002e+02, 0., -1.6394340000000000e+01,
    1.7865000000000001e+02, 0., -1.6336659999999998e+01,
    1.7870000000000002e+02, 0., -1.6292459999999998e+01,
    1.7875000000000000e+02, 0., -1.6240220000000001e+01,
    1.7880000000000001e+02, 0., -1.6199100000000001e+01,
    1.7885000000000002e+02, 0., -1.6150820000000000e+01,
    1.7890000000000001e+02, 0., -1.6112860000000001e+01,
    1.7895000000000002e+02, 0., -1.6055070000000001e+01, 179., 0.,
    -1.6006789999999999e+01, 1.7905000000000001e+02, 0.,
    -1.5934080000000000e+01, 1.7910000000000002e+02, 0.,
    -1.5873440000000000e+01, 1.7915000000000001e+02, 0.,
    -1.5807880000000001e+01, 1.7920000000000002e+02, 0.,
    -1.5757560000000000e+01, 1.7925000000000000e+02, 0.,
    -1.5696840000000000e+01, 1.7930000000000001e+02, 0.,
    -1.5648720000000001e+01, 1.7935000000000002e+02, 0.,
    -1.5602800000000000e+01, 1.7940000000000001e+02, 0.,
    -1.5568920000000000e+01, 1.7945000000000002e+02, 0.,
    -1.5526090000000000e+01, 1.7950000000000000e+02, 0.,
    -1.5491770000000001e+01, 1.7955000000000001e+02, 0.,
    -1.5442890000000000e+01, 1.7960000000000002e+02, 0.,
    -1.5390760000000000e+01, 1.7965000000000001e+02, 0.,
    -1.5343400000000001e+01, 1.7970000000000002e+02, 0.,
    -1.5285130000000001e+01, 1.7975000000000000e+02, 0.,
    -1.5241569999999999e+01, 1.7980000000000001e+02, 0.,
    -1.5184300000000000e+01, 1.7985000000000002e+02, 0.,
    -1.5129780000000000e+01, 1.7990000000000001e+02, 0.,
    -1.5060770000000000e+01, 1.7995000000000002e+02, 0.,
    -1.5002969999999999e+01, 180., 0., -1.4935040000000001e+01,
    1.8005000000000001e+02, 0., -1.4894800000000000e+01,
    1.8010000000000002e+02, 0., -1.4845090000000001e+01,
    1.8015000000000001e+02, 0., -1.4807449999999999e+01,
    1.8020000000000002e+02, 0., -1.4756480000000000e+01,
    1.8025000000000000e+02, 0., -1.4703239999999999e+01,
    1.8030000000000001e+02, 0., -1.4639370000000000e+01,
    1.8035000000000002e+02, 0., -1.4597009999999999e+01,
    1.8040000000000001e+02, 0., -1.4545480000000000e+01,
    1.8045000000000002e+02, 0., -1.4505960000000000e+01,
    1.8050000000000000e+02, 0., -1.4457480000000000e+01,
    1.8055000000000001e+02, 0., -1.4419919999999999e+01,
    1.8060000000000002e+02, 0., -1.4369830000000000e+01,
    1.8065000000000001e+02, 0., -1.4326070000000000e+01,
    1.8070000000000002e+02, 0., -1.4276990000000000e+01,
    1.8075000000000000e+02, 0., -1.4240750000000000e+01,
    1.8080000000000001e+02, 0., -1.4190550000000000e+01,
    1.8085000000000002e+02, 0., -1.4147790000000001e+01,
    1.8090000000000001e+02, 0., -1.4091469999999999e+01,
    1.8095000000000002e+02, 0., -1.4044910000000000e+01, 181., 0.,
    -1.3978859999999999e+01, 1.8105000000000001e+02, 0.,
    -1.3921900000000001e+01, 1.8110000000000002e+02, 0.,
    -1.3844930000000000e+01, 1.8115000000000001e+02, 0.,
    -1.3780290000000001e+01, 1.8120000000000002e+02, 0.,
    -1.3715040000000000e+01, 1.8125000000000000e+02, 0.,
    -1.3671200000000001e+01, 1.8130000000000001e+02, 0.,
    -1.3622610000000000e+01, 1.8135000000000002e+02, 0.,
    -1.3587130000000000e+01, 1.8140000000000001e+02, 0.,
    -1.3552560000000000e+01, 1.8145000000000002e+02, 0.,
    -1.3526880000000000e+01, 1.8150000000000000e+02, 0.,
