%YAML:1.0
---
profile: [ 1.8685000000000002e+02, 0., -2.3269960000000001e+01,
    1.8690000000000001e+02, 0., -2.3242280000000001e+01,
    1.8695000000000002e+02, 0., -2.3206759999999999e+01, 187., 0.,
    -2.3156520000000000e+01, 1.8705000000000001e+02, 0.,
    -2.3109320000000000e+01, 1.8710000000000002e+02, 0.,
    -2.3048639999999999e+01, 1.8715000000000001e+02, 0.,
    -2.2998120000000000e+01, 1.8720000000000002e+02, 0.,
    -2.2932490000000001e+01, 1.8725000000000000e+02, 0.,
    -2.2877170000000000e+01, 1.8730000000000001e+02, 0.,
    -2.2797550000000001e+01, 1.8735000000000002e+02, 0.,
    -2.2721350000000001e+01, 1.8740000000000001e+02, 0.,
    -2.2625940000000000e+01, 1.8745000000000002e+02, 0.,
    -2.2549219999999998e+01, 1.8750000000000000e+02, 0.,
    -2.2472500000000000e+01, 1.8755000000000001e+02, 0.,
    -2.2393280000000001e+01, 1.8760000000000002e+02, 0.,
    -2.2333320000000001e+01, 1.8765000000000001e+02, 0.,
    -2.2260370000000002e+01, 1.8770000000000002e+02, 0.,
    -2.2202490000000001e+01, 1.8775000000000000e+02, 0.,
    -2.2132259999999999e+01, 1.8780000000000001e+02, 0.,
    -2.2076499999999999e+01, 1.8785000000000002e+02, 0.,
    -2.2005620000000000e+01, 1.8790000000000001e+02, 0.,
    -2.1948740000000001e+01, 1.8795000000000002e+02, 0.,
    -2.1861660000000001e+01, 188., 0., -2.1783580000000001e+01,
    1.8805000000000001e+02, 0., -2.1694610000000001e+01,
    1.8810000000000002e+02, 0., -2.1628090000000000e+01,
    1.8815000000000001e+02, 0., -2.1544250000000002e+01,
    1.8820000000000002e+02, 0., -2.1476489999999998e+01,
    1.8825000000000000e+02, 0., -2.1392790000000002e+01,
    1.8830000000000001e+02, 0., -2.1327030000000001e+01,
    1.8835000000000002e+02, 0., -2.1245960000000000e+01,
    1.8840000000000001e+02, 0., -2.1185079999999999e+01,
    1.8845000000000002e+02, 0., -2.1110140000000001e+01,
    1.8850000000000000e+02, 0., -2.1054060000000000e+01,
    1.8855000000000001e+02, 0., -2.0986999999999998e+01,
    1.8860000000000002e+02, 0., -2.0943079999999998e+01,
    1.8865000000000001e+02, 0., -2.0881620000000002e+01,
    1.8870000000000002e+02, 0., -2.0811460000000000e+01,
    1.8875000000000000e+02, 0., -2.0722130000000000e+01,
    1.8880000000000001e+02, 0., -2.0645689999999998e+01,
    1.8885000000000002e+02, 0., -2.0569250000000000e+01,
    1.8890000000000001e+02, 0., -2.0482810000000001e+01,
    1.8895000000000002e+02, 0., -2.0415530000000000e+01, 189., 0.,
    -2.0335930000000001e+01, 1.8905000000000001e+02, 0.,
    -2.0274690000000000e+01, 1.8910000000000002e+02, 0.,
    -2.0190000000000001e+01, 1.8915000000000001e+02, 0.,
    -2.0117960000000000e+01, 1.8920000000000002e+02, 0.,
    -2.0026260000000001e+01, 1.8925000000000000e+02, 0.,
    -1.9950980000000001e+01, 1.8930000000000001e+02, 0.,
    -1.9867680000000000e+01, 1.8935000000000002e+02, 0.,
    -1.9814000000000000e+01, 1.8940000000000001e+02, 0.,
    -1.9748840000000001e+01, 1.8945000000000002e+02, 0.,
    -1.9699200000000001e+01, 1.8950000000000000e+02, 0.,
    -1.9632090000000002e+01, 1.8955000000000001e+02, 0.,
    -1.9572450000000000e+01, 1.8960000000000002e+02, 0.,
    -1.9492509999999999e+01, 1.8965000000000001e+02, 0.,
    -1.9422229999999999e+01, 1.8970000000000002e+02, 0.,
    -1.9332780000000000e+01, 1.8975000000000000e+02, 0.,
    -1.9259380000000000e+01, 1.8980000000000001e+02, 0.,
    -1.9170269999999999e+01, 1.8985000000000002e+02, 0.,
    -1.9107790000000001e+01, 1.8990000000000001e+02, 0.,
    -1.9045310000000001e+01, 1.8995000000000002e+02, 0.,
    -1.8968319999999999e+01, 190., 0., -1.8907000000000000e+01,
    1.9005000000000001e+02, 0., -1.8833729999999999e+01,
    1.9010000000000002e+02, 0., -1.8775810000000000e+01,
    1.9015000000000001e+02, 0., -1.8678170000000001e+01,
    1.9020000000000002e+02, 0., -1.8595009999999998e+01,
    1.9025000000000000e+02, 0., -1.8490340000000000e+01,
    1.9030000000000001e+02, 0., -1.8406540000000000e+01,
    1.9035000000000002e+02, 0., -1.8308140000000002e+01,
    1.9040000000000001e+02, 0., -1.8232820000000000e+01,
    1.9045000000000002e+02, 0., -1.8151000000000000e+01,
    1.9050000000000000e+02, 0., -1.8100519999999999e+01,
    1.9055000000000001e+02, 0., -1.8035460000000000e+01,
    1.9060000000000002e+02, 0., -1.7981059999999999e+01,
    1.9065000000000001e+02, 0., -1.7913670000000000e+01,
    1.9070000000000002e+02, 0., -1.7860630000000000e+01,
    1.9075000000000000e+02, 0., -1.7792600000000000e+01,
    1.9080000000000001e+02, 0., -1.7736239999999999e+01,
    1.9085000000000002e+02, 0., -1.7664790000000000e+01,
    1.9090000000000001e+02, 0., -1.7606470000000002e+01,
    1.9095000000000002e+02, 0., -1.7532599999999999e+01, 191., 0.,
    -1.7472359999999998e+01, 1.9105000000000001e+02, 0.,
    -1.7394710000000000e+01, 1.9110000000000002e+02, 0.,
    -1.7329910000000002e+01, 1.9115000000000001e+02, 0.,
    -1.7244620000000001e+01, 1.9120000000000002e+02, 0.,
    -1.7171260000000000e+01, 1.9125000000000000e+02, 0.,
    -1.7077300000000001e+01, 1.9130000000000001e+02, 0.,
    -1.6999459999999999e+01, 1.9135000000000002e+02, 0.,
    -1.6902170000000002e+01, 1.9140000000000001e+02, 0.,
    -1.6824369999999998e+01, 1.9145000000000002e+02, 0.,
    -1.6732430000000001e+01, 1.9150000000000000e+02, 0.,
    -1.6676110000000001e+01, 1.9155000000000001e+02, 0.,
    -1.6619789999999998e+01, 1.9160000000000002e+02, 0.,
    -1.6535840000000000e+01, 1.9165000000000001e+02, 0.,
    -1.6466040000000000e+01, 1.9170000000000002e+02, 0.,
    -1.6372260000000001e+01, 1.9175000000000000e+02, 0.,
    -1.6295940000000002e+01, 1.9180000000000001e+02, 0.,
    -1.6221679999999999e+01, 1.9185000000000002e+02, 0.,
    -1.6166519999999998e+01, 1.9190000000000001e+02, 0.,
    -1.6107309999999998e+01, 1.9195000000000002e+02, 0.,
    -1.6061950000000000e+01, 192., 0., -1.6009250000000002e+01,
    1.9205000000000001e+02, 0., -1.5953120000000000e+01,
    1.9210000000000002e+02, 0., -1.5894040000000000e+01,
    1.9215000000000001e+02, 0., -1.5815250000000001e+01,
    1.9220000000000002e+02, 0., -1.5736570000000000e+01,
    1.9225000000000000e+02, 0., -1.5638120000000001e+01,
    1.9230000000000001e+02, 0., -1.5559160000000000e+01,
    1.9235000000000002e+02, 0., -1.5480200000000000e+01,
    1.9240000000000001e+02, 0., -1.5389810000000001e+01,
    1.9245000000000002e+02, 0., -1.5319210000000000e+01,
    1.9250000000000000e+02, 0., -1.5225560000000000e+01,
    1.9255000000000001e+02, 0., -1.5147880000000001e+01,
    1.9260000000000002e+02, 0., -1.5078780000000000e+01,
    1.9265000000000001e+02, 0., -1.5038500000000001e+01,
    1.9270000000000002e+02, 0., -1.4970459999999999e+01,
    1.9275000000000000e+02, 0., -1.4912500000000000e+01,
    1.9280000000000001e+02, 0., -1.4830650000000000e+01,
    1.9285000000000002e+02, 0., -1.4763330000000000e+01,
    1.9290000000000001e+02, 0., -1.4687939999999999e+01,
    1.9295000000000002e+02, 0., -1.4632379999999999e+01, 193., 0.,
    -1.4549519999999999e+01, 1.9305000000000001e+02, 0.,
    -1.4480560000000001e+01, 1.9310000000000002e+02, 0.,
    -1.4398350000000001e+01, 1.9315000000000001e+02, 0.,
    -1.4334830000000000e+01, 1.9320000000000002e+02, 0.,
    -1.4245369999999999e+01, 1.9325000000000000e+02, 0.,
    -1.4171810000000001e+01, 1.9330000000000001e+02, 0.,
    -1.4075979999999999e+01, 1.9335000000000002e+02, 0.,
    -1.3997260000000001e+01, 1.9340000000000001e+02, 0.,
    -1.3905490000000000e+01, 1.9345000000000002e+02, 0.,
    -1.3840130000000000e+01, 1.9350000000000000e+02, 0.,
    -1.3758080000000000e+01, 1.9355000000000001e+02, 0.,
    -1.3692119999999999e+01, 1.9360000000000002e+02, 0.,
    -1.3613120000000000e+01, 1.9365000000000001e+02, 0.,
    -1.3554200000000000e+01, 1.9370000000000002e+02, 0.,
    -1.3462840000000000e+01, 1.9375000000000000e+02, 0.,
    -1.3380319999999999e+01, 1.9380000000000001e+02, 0.,
    -1.3292220000000000e+01, 1.9385000000000002e+02, 0.,
    -1.3239940000000001e+01, 1.9390000000000001e+02, 0.,
