%YAML:1.0
---
profile: [ 2.0950000000000000e+02, 0., -1.7045999999999999e+01,
    2.0955000000000001e+02, 0., -1.7018590000000000e+01,
    2.0960000000000002e+02, 0., -1.6992349999999998e+01,
    2.0965000000000001e+02, 0., -1.6955259999999999e+01,
    2.0970000000000002e+02, 0., -1.6923380000000002e+01,
    2.0975000000000000e+02, 0., -1.6867909999999998e+01,
    2.0980000000000001e+02, 0., -1.6809840000000001e+01,
    2.0985000000000002e+02, 0., -1.6767679999999999e+01,
    2.0990000000000001e+02, 0., -1.6713840000000001e+01,
    2.0995000000000002e+02, 0., -1.6667120000000001e+01, 210., 0.,
    -1.6616849999999999e+01, 2.1005000000000001e+02, 0.,
    -1.6586410000000001e+01, 2.1010000000000002e+02, 0.,
    -1.6549180000000000e+01, 2.1015000000000001e+02, 0.,
    -1.6509580000000000e+01, 2.1020000000000002e+02, 0.,
    -1.6469580000000001e+01, 2.1025000000000000e+02, 0.,
    -1.6416630000000001e+01, 2.1030000000000001e+02, 0.,
    -1.6370790000000000e+01, 2.1035000000000002e+02, 0.,
    -1.6316780000000001e+01, 2.1040000000000001e+02, 0.,
    -1.6275340000000000e+01, 2.1045000000000002e+02, 0.,
    -1.6233170000000001e+01, 2.1050000000000000e+02, 0.,
    -1.6192170000000001e+01, 2.1055000000000001e+02, 0.,
    -1.6155249999999999e+01, 2.1060000000000002e+02, 0.,
    -1.6107160000000000e+01, 2.1065000000000001e+02, 0.,
    -1.6066440000000000e+01, 2.1070000000000002e+02, 0.,
    -1.6013369999999998e+01, 2.1075000000000000e+02, 0.,
    -1.5969810000000001e+01, 2.1080000000000001e+02, 0.,
    -1.5915920000000000e+01, 2.1085000000000002e+02, 0.,
    -1.5863550000000000e+01, 2.1090000000000001e+02, 0.,
    -1.5825910000000000e+01, 2.1095000000000002e+02, 0.,
    -1.5780570000000001e+01, 211., 0., -1.5746490000000000e+01,
    2.1105000000000001e+02, 0., -1.5701140000000001e+01,
    2.1110000000000002e+02, 0., -1.5663460000000001e+01,
    2.1115000000000001e+02, 0., -1.5613440000000001e+01,
    2.1120000000000002e+02, 0., -1.5560400000000000e+01,
    2.1125000000000000e+02, 0., -1.5510880000000000e+01,
    2.1130000000000001e+02, 0., -1.5450139999999999e+01,
    2.1135000000000002e+02, 0., -1.5402939999999999e+01,
    2.1140000000000001e+02, 0., -1.5343430000000000e+01,
    2.1145000000000002e+02, 0., -1.5295550000000000e+01,
    2.1150000000000000e+02, 0., -1.5243080000000001e+01,
    2.1155000000000001e+02, 0., -1.5193030000000000e+01,
    2.1160000000000002e+02, 0., -1.5154830000000000e+01,
    2.1165000000000001e+02, 0., -1.5108510000000001e+01,
    2.1170000000000002e+02, 0., -1.5073270000000001e+01,
    2.1175000000000000e+02, 0., -1.5020970000000000e+01,
    2.1180000000000001e+02, 0., -1.4974769999999999e+01,
    2.1185000000000002e+02, 0., -1.4922140000000001e+01,
    2.1190000000000001e+02, 0., -1.4870220000000000e+01,
    2.1195000000000002e+02, 0., -1.4826980000000001e+01, 212., 0.,
    -1.4774410000000000e+01, 2.1205000000000001e+02, 0.,
    -1.4734170000000001e+01, 2.1210000000000002e+02, 0.,
    -1.4682700000000001e+01, 2.1215000000000001e+02, 0.,
    -1.4640980000000001e+01, 2.1220000000000002e+02, 0.,
    -1.4583780000000001e+01, 2.1225000000000000e+02, 0.,
    -1.4526730000000001e+01, 2.1230000000000001e+02, 0.,
    -1.4485810000000001e+01, 2.1235000000000002e+02, 0.,
    -1.4436850000000000e+01, 2.1240000000000001e+02, 0.,
    -1.4400370000000001e+01, 2.1245000000000002e+02, 0.,
    -1.4359560000000000e+01, 2.1250000000000000e+02, 0.,
    -1.4322039999999999e+01, 2.1255000000000001e+02, 0.,
    -1.4292120000000001e+01, 2.1260000000000002e+02, 0.,
    -1.4245950000000001e+01, 2.1265000000000001e+02, 0.,
    -1.4198549999999999e+01, 2.1270000000000002e+02, 0.,
    -1.4138140000000000e+01, 2.1275000000000000e+02, 0.,
    -1.4089259999999999e+01, 2.1280000000000001e+02, 0.,
    -1.4032579999999999e+01, 2.1285000000000002e+02, 0.,
    -1.3981330000000000e+01, 2.1290000000000001e+02, 0.,
    -1.3954370000000001e+01, 2.1295000000000002e+02, 0.,
    -1.3919119999999999e+01, 213., 0., -1.3889160000000000e+01,
    2.1305000000000001e+02, 0., -1.3850300000000001e+01,
    2.1310000000000002e+02, 0., -1.3810409999999999e+01,
    2.1315000000000001e+02, 0., -1.3776210000000001e+01,
    2.1320000000000002e+02, 0., -1.3723599999999999e+01,
    2.1325000000000000e+02, 0., -1.3669760000000000e+01,
    2.1330000000000001e+02, 0., -1.3601920000000000e+01,
    2.1335000000000002e+02, 0., -1.3547400000000000e+01,
    2.1340000000000001e+02, 0., -1.3486499999999999e+01,
    2.1345000000000002e+02, 0., -1.3432010000000000e+01,
    2.1350000000000000e+02, 0., -1.3403010000000000e+01,
    2.1355000000000001e+02, 0., -1.3367780000000000e+01,
    2.1360000000000002e+02, 0., -1.3340940000000000e+01,
    2.1365000000000001e+02, 0., -1.3298670000000000e+01,
    2.1370000000000002e+02, 0., -1.3260230000000000e+01,
    2.1375000000000000e+02, 0., -1.3200839999999999e+01,
    2.1380000000000001e+02, 0., -1.3141050000000000e+01,
    2.1385000000000002e+02, 0., -1.3096090000000000e+01,
    2.1390000000000001e+02, 0., -1.3045320000000000e+01,
    2.1395000000000002e+02, 0., -1.3007640000000000e+01, 214., 0.,
    -1.2954010000000000e+01, 2.1405000000000001e+02, 0.,
    -1.2899860000000000e+01, 2.1410000000000002e+02, 0.,
    -1.2860060000000001e+01, 2.1415000000000001e+02, 0.,
    -1.2807760000000000e+01, 2.1420000000000002e+02, 0.,
    -1.2762919999999999e+01, 2.1425000000000000e+02, 0.,
    -1.2708460000000001e+01, 2.1430000000000001e+02, 0.,
    -1.2665820000000000e+01, 2.1435000000000002e+02, 0.,
    -1.2619009999999999e+01, 2.1440000000000001e+02, 0.,
    -1.2570069999999999e+01, 2.1445000000000002e+02, 0.,
    -1.2518870000000000e+01, 2.1450000000000000e+02, 0.,
    -1.2464040000000001e+01, 2.1455000000000001e+02, 0.,
    -1.2425079999999999e+01, 2.1460000000000002e+02, 0.,
    -1.2371969999999999e+01, 2.1465000000000001e+02, 0.,
    -1.2320539999999999e+01, 2.1470000000000002e+02, 0.,
    -1.2288100000000000e+01, 2.1475000000000000e+02, 0.,
    -1.2247529999999999e+01, 2.1480000000000001e+02, 0.,
    -1.2215090000000000e+01, 2.1485000000000002e+02, 0.,
    -1.2165509999999999e+01, 2.1490000000000001e+02, 0.,
    -1.2110379999999999e+01, 2.1495000000000002e+02, 0.,
    -1.2067900000000000e+01, 215., 0., -1.2007550000000000e+01,
    2.1505000000000001e+02, 0., -1.1950670000000001e+01,
    2.1510000000000002e+02, 0., -1.1892480000000001e+01,
    2.1515000000000001e+02, 0., -1.1852880000000001e+01,
    2.1520000000000002e+02, 0., -1.1811320000000000e+01,
    2.1525000000000000e+02, 0., -1.1773370000000000e+01,
    2.1530000000000001e+02, 0., -1.1748210000000000e+01,
    2.1535000000000002e+02, 0., -1.1715320000000000e+01,
    2.1540000000000001e+02, 0., -1.1687400000000000e+01,
    2.1545000000000002e+02, 0., -1.1643870000000000e+01,
    2.1550000000000000e+02, 0., -1.1596740000000000e+01,
    2.1555000000000001e+02, 0., -1.1554420000000000e+01,
    2.1560000000000002e+02, 0., -1.1497999999999999e+01,
    2.1565000000000001e+02, 0., -1.1448680000000000e+01,
    2.1570000000000002e+02, 0., -1.1387140000000000e+01,
    2.1575000000000000e+02, 0., -1.1325500000000000e+01,
    2.1580000000000001e+02, 0., -1.1275499999999999e+01,
    2.1585000000000002e+02, 0., -1.1218310000000001e+01,
    2.1590000000000001e+02, 0., -1.1178990000000001e+01,
    2.1595000000000002e+02, 0., -1.1127160000000000e+01, 216., 0.,
    -1.1084320000000000e+01, 2.1605000000000001e+02, 0.,
    -1.1032130000000000e+01, 2.1610000000000002e+02, 0.,
    -1.0982810000000001e+01, 2.1615000000000001e+02, 0.,
    -1.0951409999999999e+01, 2.1620000000000002e+02, 0.,
    -1.0909850000000000e+01, 2.1625000000000000e+02, 0.,
    -1.0873930000000000e+01, 2.1630000000000001e+02, 0.,
    -1.0832820000000000e+01, 2.1635000000000002e+02, 0.,
    -1.0787089999999999e+01, 2.1640000000000001e+02, 0.,
    -1.0732770000000000e+01, 2.1645000000000002e+02, 0.,
    -1.0671659999999999e+01, 2.1650000000000000e+02, 0.,
    -1.0630979999999999e+01, 2.1655000000000001e+02, 0.,
