%YAML:1.0
---
profile: [ 1.7550000000000000e+02, 0., -1.5196080000000000e+01,
    1.7555000000000001e+02, 0., -1.5153760000000000e+01,
    1.7560000000000002e+02, 0., -1.5107480000000001e+01,
    1.7565000000000001e+02, 0., -1.5078440000000001e+01,
    1.7570000000000002e+02, 0., -1.5037550000000000e+01,
    1.7575000000000000e+02, 0., -1.5002470000000001e+01,
    1.7580000000000001e+02, 0., -1.4951520000000000e+01,
    1.7585000000000002e+02, 0., -1.4907080000000001e+01,
    1.7590000000000001e+02, 0., -1.4859550000000000e+01,
    1.7595000000000002e+02, 0., -1.4823190000000000e+01, 176., 0.,
    -1.4769980000000000e+01, 1.7605000000000001e+02, 0.,
    -1.4725899999999999e+01, 1.7610000000000002e+02, 0.,
    -1.4672020000000000e+01, 1.7615000000000001e+02, 0.,
    -1.4629180000000000e+01, 1.7620000000000002e+02, 0.,
    -1.4569870000000000e+01, 1.7625000000000000e+02, 0.,
    -1.4521269999999999e+01, 1.7630000000000001e+02, 0.,
    -1.4468260000000001e+01, 1.7635000000000002e+02, 0.,
    -1.4427460000000000e+01, 1.7640000000000001e+02, 0.,
    -1.4378370000000000e+01, 1.7645000000000002e+02, 0.,
    -1.4339530000000000e+01, 1.7650000000000000e+02, 0.,
    -1.4290530000000000e+01, 1.7655000000000001e+02, 0.,
    -1.4240550000000001e+01, 1.7660000000000002e+02, 0.,
    -1.4197830000000000e+01, 1.7665000000000001e+02, 0.,
    -1.4144600000000001e+01, 1.7670000000000002e+02, 0.,
    -1.4102600000000001e+01, 1.7675000000000000e+02, 0.,
    -1.4050689999999999e+01, 1.7680000000000001e+02, 0.,
    -1.4011250000000000e+01, 1.7685000000000002e+02, 0.,
    -1.3960490000000000e+01, 1.7690000000000001e+02, 0.,
    -1.3915450000000000e+01, 1.7695000000000002e+02, 0.,
    -1.3859669999999999e+01, 177., 0., -1.3815709999999999e+01,
    1.7705000000000001e+02, 0., -1.3763680000000001e+01,
    1.7710000000000002e+02, 0., -1.3725640000000000e+01,
    1.7715000000000001e+02, 0., -1.3676690000000001e+01,
    1.7720000000000002e+02, 0., -1.3636010000000001e+01,
    1.7725000000000000e+02, 0., -1.3585530000000000e+01,
    1.7730000000000001e+02, 0., -1.3545650000000000e+01,
    1.7735000000000002e+02, 0., -1.3495300000000000e+01,
    1.7740000000000001e+02, 0., -1.3454780000000000e+01,
    1.7745000000000002e+02, 0., -1.3408400000000000e+01,
    1.7750000000000000e+02, 0., -1.3373680000000000e+01,
    1.7755000000000001e+02, 0., -1.3328139999999999e+01,
    1.7760000000000002e+02, 0., -1.3290580000000000e+01,
    1.7765000000000001e+02, 0., -1.3244690000000000e+01,
    1.7770000000000002e+02, 0., -1.3208209999999999e+01,
    1.7775000000000000e+02, 0., -1.3153610000000000e+01,
    1.7780000000000001e+02, 0., -1.3095929999999999e+01,
    1.7785000000000002e+02, 0., -1.3047290000000000e+01,
    1.7790000000000001e+02, 0., -1.2986969999999999e+01,
    1.7795000000000002e+02, 0., -1.2940329999999999e+01, 178., 0.,
    -1.2893689999999999e+01, 1.7805000000000001e+02, 0.,
    -1.2843080000000000e+01, 1.7810000000000002e+02, 0.,
    -1.2796770000000000e+01, 1.7815000000000001e+02, 0.,
    -1.2767329999999999e+01, 1.7820000000000002e+02, 0.,
    -1.2727819999999999e+01, 1.7825000000000000e+02, 0.,
    -1.2687659999999999e+01, 1.7830000000000001e+02, 0.,
    -1.2638280000000000e+01, 1.7835000000000002e+02, 0.,
    -1.2599880000000001e+01, 1.7840000000000001e+02, 0.,
    -1.2540620000000001e+01, 1.7845000000000002e+02, 0.,
    -1.2479860000000000e+01, 1.7850000000000000e+02, 0.,
    -1.2410990000000000e+01, 1.7855000000000001e+02, 0.,
    -1.2364390000000000e+01, 1.7860000000000002e+02, 0.,
    -1.2311420000000000e+01, 1.7865000000000001e+02, 0.,
    -1.2275499999999999e+01, 1.7870000000000002e+02, 0.,
    -1.2241690000000000e+01, 1.7875000000000000e+02, 0.,
    -1.2220649999999999e+01, 1.7880000000000001e+02, 0.,
    -1.2187540000000000e+01, 1.7885000000000002e+02, 0.,
    -1.2157460000000000e+01, 1.7890000000000001e+02, 0.,
    -1.2100099999999999e+01, 1.7895000000000002e+02, 0.,
    -1.2050260000000000e+01, 179., 0., -1.1980300000000000e+01,
    1.7905000000000001e+02, 0., -1.1922860000000000e+01,
    1.7910000000000002e+02, 0., -1.1861840000000001e+01,
    1.7915000000000001e+02, 0., -1.1815239999999999e+01,
    1.7920000000000002e+02, 0., -1.1751950000000001e+01,
    1.7925000000000000e+02, 0., -1.1700310000000000e+01,
    1.7930000000000001e+02, 0., -1.1650140000000000e+01,
    1.7935000000000002e+02, 0., -1.1604930000000000e+01,
    1.7940000000000001e+02, 0., -1.1573169999999999e+01,
    1.7945000000000002e+02, 0., -1.1534730000000000e+01,
    1.7950000000000000e+02, 0., -1.1508330000000001e+01,
    1.7955000000000001e+02, 0., -1.1469099999999999e+01,
    1.7960000000000002e+02, 0., -1.1430339999999999e+01,
    1.7965000000000001e+02, 0., -1.1376630000000000e+01,
    1.7970000000000002e+02, 0., -1.1327349999999999e+01,
    1.7975000000000000e+02, 0., -1.1264570000000001e+01,
    1.7980000000000001e+02, 0., -1.1213810000000000e+01,
    1.7985000000000002e+02, 0., -1.1155080000000000e+01,
    1.7990000000000001e+02, 0., -1.1110720000000001e+01,
    1.7995000000000002e+02, 0., -1.1058570000000000e+01, 180., 0.,
    -1.1018689999999999e+01, 1.8005000000000001e+02, 0.,
    -1.0967180000000001e+01, 1.8010000000000002e+02, 0.,
    -1.0925179999999999e+01, 1.8015000000000001e+02, 0.,
    -1.0877290000000000e+01, 1.8020000000000002e+02, 0.,
    -1.0839930000000001e+01, 1.8025000000000000e+02, 0.,
    -1.0791940000000000e+01, 1.8030000000000001e+02, 0.,
    -1.0753340000000000e+01, 1.8035000000000002e+02, 0.,
    -1.0692290000000000e+01, 1.8040000000000001e+02, 0.,
    -1.0629060000000001e+01, 1.8045000000000002e+02, 0.,
    -1.0581619999999999e+01, 1.8050000000000000e+02, 0.,
    -1.0522060000000000e+01, 1.8055000000000001e+02, 0.,
    -1.0473900000000000e+01, 1.8060000000000002e+02, 0.,
    -1.0416880000000001e+01, 1.8065000000000001e+02, 0.,
    -1.0381520000000000e+01, 1.8070000000000002e+02, 0.,
    -1.0336850000000000e+01, 1.8075000000000000e+02, 0.,
    -1.0299810000000001e+01, 1.8080000000000001e+02, 0.,
    -1.0252170000000000e+01, 1.8085000000000002e+02, 0.,
    -1.0212450000000000e+01, 1.8090000000000001e+02, 0.,
    -1.0160280000000000e+01, 1.8095000000000002e+02, 0.,
    -1.0117279999999999e+01, 181., 0., -1.0067390000000000e+01,
    1.8105000000000001e+02, 0., -1.0029590000000001e+01,
    1.8110000000000002e+02, 0., -9.9749499999999998e+00,
    1.8115000000000001e+02, 0., -9.9273500000000006e+00,
    1.8120000000000002e+02, 0., -9.8788999999999998e+00,
    1.8125000000000000e+02, 0., -9.8424200000000006e+00,
    1.8130000000000001e+02, 0., -9.7856699999999996e+00,
    1.8135000000000002e+02, 0., -9.7293000000000003e+00,
    1.8140000000000001e+02, 0., -9.6941000000000006e+00,
    1.8145000000000002e+02, 0., -9.6485000000000003e+00,
    1.8150000000000000e+02, 0., -9.6069399999999998e+00,
    1.8155000000000001e+02, 0., -9.5551200000000005e+00,
    1.8160000000000002e+02, 0., -9.5141600000000004e+00,
    1.8165000000000001e+02, 0., -9.4632699999999996e+00,
    1.8170000000000002e+02, 0., -9.4229900000000004e+00,
    1.8175000000000000e+02, 0., -9.3821200000000005e+00,
    1.8180000000000001e+02, 0., -9.3545200000000008e+00,
    1.8185000000000002e+02, 0., -9.3105399999999996e+00,
    1.8190000000000001e+02, 0., -9.2703000000000007e+00,
    1.8195000000000002e+02, 0., -9.2118199999999995e+00, 182., 0.,
    -9.1634600000000006e+00, 1.8205000000000001e+02, 0.,
    -9.1036800000000007e+00, 1.8210000000000002e+02, 0.,
    -9.0559999999999992e+00, 1.8215000000000001e+02, 0.,
    -9.0059600000000000e+00, 1.8220000000000002e+02, 0.,
    -8.9606200000000005e+00, 1.8225000000000000e+02, 0.,
    -8.9317399999999996e+00, 1.8230000000000001e+02, 0.,
    -8.8938500000000005e+00, 1.8235000000000002e+02, 0.,
    -8.8615300000000001e+00, 1.8240000000000001e+02, 0.,
    -8.8209300000000006e+00, 1.8245000000000002e+02, 0.,
    -8.7883700000000005e+00, 1.8250000000000000e+02, 0.,
    -8.7326800000000002e+00, 1.8255000000000001e+02, 0.,
