%YAML:1.0
---
profile: [ 1.7835000000000002e+02, 0., -5.2028499999999998e+00,
    1.7840000000000001e+02, 0., -5.1904899999999996e+00,
    1.7845000000000002e+02, 0., -5.1574499999999999e+00,
    1.7850000000000000e+02, 0., -5.1090400000000002e+00,
    1.7855000000000001e+02, 0., -5.0619199999999998e+00,
    1.7860000000000002e+02, 0., -5.0027999999999997e+00,
    1.7865000000000001e+02, 0., -4.9553200000000004e+00,
    1.7870000000000002e+02, 0., -4.9083699999999997e+00,
    1.7875000000000000e+02, 0., -4.8774499999999996e+00,
    1.7880000000000001e+02, 0., -4.8416399999999999e+00,
    1.7885000000000002e+02, 0., -4.8135599999999998e+00,
    1.7890000000000001e+02, 0., -4.7653400000000001e+00,
    1.7895000000000002e+02, 0., -4.7138299999999997e+00, 179., 0.,
    -4.6726700000000001e+00, 1.7905000000000001e+02, 0.,
    -4.6195199999999996e+00, 1.7910000000000002e+02, 0.,
    -4.5750000000000002e+00, 1.7915000000000001e+02, 0.,
    -4.5236299999999998e+00, 1.7920000000000002e+02, 0.,
    -4.4877099999999999e+00, 1.7925000000000000e+02, 0.,
    -4.4385000000000003e+00, 1.7930000000000001e+02, 0.,
    -4.3939800000000000e+00, 1.7935000000000002e+02, 0.,
    -4.3442999999999996e+00, 1.7940000000000001e+02, 0.,
    -4.3078200000000004e+00, 1.7945000000000002e+02, 0.,
    -4.2546799999999996e+00, 1.7950000000000000e+02, 0.,
    -4.2081600000000003e+00, 1.7955000000000001e+02, 0.,
    -4.1630399999999996e+00, 1.7960000000000002e+02, 0.,
    -4.1232800000000003e+00, 1.7965000000000001e+02, 0.,
    -4.0980800000000004e+00, 1.7970000000000002e+02, 0.,
    -4.0621499999999999e+00, 1.7975000000000000e+02, 0.,
    -4.0281900000000004e+00, 1.7980000000000001e+02, 0.,
    -3.9811500000000000e+00, 1.7985000000000002e+02, 0.,
    -3.9381499999999998e+00, 1.7990000000000001e+02, 0.,
    -3.8861300000000001e+00, 1.7995000000000002e+02, 0.,
    -3.8455300000000001e+00, 180., 0., -3.7980800000000001e+00,
    1.8005000000000001e+02, 0., -3.7619600000000002e+00,
    1.8010000000000002e+02, 0., -3.7099799999999998e+00,
    1.8015000000000001e+02, 0., -3.6578200000000001e+00,
    1.8020000000000002e+02, 0., -3.6208600000000000e+00,
    1.8025000000000000e+02, 0., -3.5736800000000000e+00,
    1.8030000000000001e+02, 0., -3.5329199999999998e+00,
    1.8035000000000002e+02, 0., -3.4847299999999999e+00,
    1.8040000000000001e+02, 0., -3.4496099999999998e+00,
    1.8045000000000002e+02, 0., -3.3984700000000001e+00,
    1.8050000000000000e+02, 0., -3.3488699999999998e+00,
    1.8055000000000001e+02, 0., -3.2958799999999999e+00,
    1.8060000000000002e+02, 0., -3.2583600000000001e+00,
    1.8065000000000001e+02, 0., -3.2136800000000001e+00,
    1.8070000000000002e+02, 0., -3.1791200000000002e+00,
    1.8075000000000000e+02, 0., -3.1357900000000001e+00,
    1.8080000000000001e+02, 0., -3.0924200000000002e+00,
    1.8085000000000002e+02, 0., -3.0577800000000002e+00,
    1.8090000000000001e+02, 0., -3.0146000000000002e+00,
    1.8095000000000002e+02, 0., -2.9802800000000000e+00, 181., 0.,
    -2.9338199999999999e+00, 1.8105000000000001e+02, 0.,
    -2.8924200000000000e+00, 1.8110000000000002e+02, 0.,
    -2.8396200000000000e+00, 1.8115000000000001e+02, 0.,
    -2.7968600000000001e+00, 1.8120000000000002e+02, 0.,
    -2.7444700000000002e+00, 1.8125000000000000e+02, 0.,
    -2.7031499999999999e+00, 1.8130000000000001e+02, 0.,
    -2.6555499999999999e+00, 1.8135000000000002e+02, 0.,
    -2.6091500000000001e+00, 1.8140000000000001e+02, 0.,
    -2.5725899999999999e+00, 1.8145000000000002e+02, 0.,
    -2.5235099999999999e+00, 1.8150000000000000e+02, 0.,
    -2.4801899999999999e+00, 1.8155000000000001e+02, 0.,
    -2.4268900000000002e+00, 1.8160000000000002e+02, 0.,
    -2.3854099999999998e+00, 1.8165000000000001e+02, 0.,
    -2.3326199999999999e+00, 1.8170000000000002e+02, 0.,
    -2.2893400000000002e+00, 1.8175000000000000e+02, 0.,
    -2.2438699999999998e+00, 1.8180000000000001e+02, 0.,
    -2.2121499999999998e+00, 1.8185000000000002e+02, 0.,
    -2.1739000000000002e+00, 1.8190000000000001e+02, 0.,
    -2.1324200000000002e+00, 1.8195000000000002e+02, 0.,
    -2.0880200000000002e+00, 182., 0., -2.0333199999999998e+00,
    1.8205000000000001e+02, 0., -1.9922400000000000e+00,
    1.8210000000000002e+02, 0., -1.9418200000000001e+00,
    1.8215000000000001e+02, 0., -1.9027400000000001e+00,
    1.8220000000000002e+02, 0., -1.8594500000000000e+00,
    1.8225000000000000e+02, 0., -1.8278099999999999e+00,
    1.8230000000000001e+02, 0., -1.7896799999999999e+00,
    1.8235000000000002e+02, 0., -1.7502899999999999e+00,
    1.8240000000000001e+02, 0., -1.7138100000000001e+00,
    1.8245000000000002e+02, 0., -1.6645399999999999e+00,
    1.8250000000000000e+02, 0., -1.6136999999999999e+00,
    1.8255000000000001e+02, 0., -1.5503800000000001e+00,
    1.8260000000000002e+02, 0., -1.5005800000000000e+00,
    1.8265000000000001e+02, 0., -1.4454199999999999e+00,
    1.8270000000000002e+02, 0., -1.4098200000000001e+00,
    1.8275000000000000e+02, 0., -1.3653200000000001e+00,
    1.8280000000000001e+02, 0., -1.3297200000000000e+00,
    1.8285000000000002e+02, 0., -1.2783800000000001e+00,
    1.8290000000000001e+02, 0., -1.2359800000000001e+00,
    1.8295000000000002e+02, 0., -1.1816700000000000e+00, 183., 0.,
    -1.1279699999999999e+00, 1.8305000000000001e+02, 0.,
    -1.0879700000000001e+00, 1.8310000000000002e+02, 0.,
    -1.0385700000000000e+00, 1.8315000000000001e+02, 0.,
    -1.0010100000000000e+00, 1.8320000000000002e+02, 0.,
    -9.5538000000000001e-01, 1.8325000000000000e+02, 0.,
    -9.2049999999999998e-01, 1.8330000000000001e+02, 0.,
    -8.7792000000000003e-01, 1.8335000000000002e+02, 0.,
    -8.4443999999999997e-01, 1.8340000000000001e+02, 0.,
    -7.9912000000000005e-01, 1.8345000000000002e+02, 0.,
    -7.5266000000000000e-01, 1.8350000000000000e+02, 0.,
    -7.1453999999999995e-01, 1.8355000000000001e+02, 0.,
    -6.6500999999999999e-01, 1.8360000000000002e+02, 0.,
    -6.1944999999999995e-01, 1.8365000000000001e+02, 0.,
    -5.6413999999999997e-01, 1.8370000000000002e+02, 0.,
    -5.2198000000000000e-01, 1.8375000000000000e+02, 0.,
    -4.7232000000000002e-01, 1.8380000000000001e+02, 0.,
    -4.3424000000000001e-01, 1.8385000000000002e+02, 0.,
    -3.8858999999999999e-01, 1.8390000000000001e+02, 0.,
    -3.5319000000000000e-01, 1.8395000000000002e+02, 0.,
    -3.0886999999999998e-01, 184., 0., -2.6407999999999998e-01,
    1.8405000000000001e+02, 0., -2.2664000000000001e-01,
    1.8410000000000002e+02, 0., -1.8149000000000001e-01,
    1.8415000000000001e+02, 0., -1.4745000000000000e-01,
    1.8420000000000002e+02, 0., -1.0279000000000001e-01,
    1.8425000000000000e+02, 0., -6.5989999999999993e-02,
    1.8430000000000001e+02, 0., -1.7530000000000000e-02,
    1.8435000000000002e+02, 0., 2.2509999999999999e-02,
    1.8440000000000001e+02, 0., 7.5850000000000001e-02,
    1.8445000000000002e+02, 0., 1.2870000000000001e-01,
    1.8450000000000000e+02, 0., 1.6669999999999999e-01,
    1.8455000000000001e+02, 0., 2.1417000000000000e-01,
    1.8460000000000002e+02, 0., 2.5205000000000000e-01,
    1.8465000000000001e+02, 0., 2.9448999999999997e-01,
    1.8470000000000002e+02, 0., 3.2577000000000000e-01,
    1.8475000000000000e+02, 0., 3.7447999999999998e-01,
    1.8480000000000001e+02, 0., 4.1532000000000002e-01,
    1.8485000000000002e+02, 0., 4.6929999999999999e-01,
    1.8490000000000001e+02, 0., 5.2370000000000005e-01,
    1.8495000000000002e+02, 0., 5.6621999999999995e-01, 185., 0.,
    6.1638000000000004e-01, 1.8505000000000001e+02, 0.,
    6.5281999999999996e-01, 1.8510000000000002e+02, 0.,
    6.9677000000000000e-01, 1.8515000000000001e+02, 0.,
    7.2992999999999997e-01, 1.8520000000000002e+02, 0.,
    7.7427000000000001e-01, 1.8525000000000000e+02, 0.,
    8.1123000000000001e-01, 1.8530000000000001e+02, 0.,
    8.5963999999999996e-01, 1.8535000000000002e+02, 0.,
    9.1049999999999998e-01, 1.8540000000000001e+02, 0.,
    9.5742000000000005e-01, 1.8545000000000002e+02, 0.,
