%YAML:1.0
---
profile: [ 2.1690000000000001e+02, 0., -7.9432799999999997e+00,
    2.1695000000000002e+02, 0., -7.7847600000000003e+00, 217., 0.,
    -7.6881000000000004e+00, 2.1705000000000001e+02, 0.,
    -7.6589000000000000e+00, 2.1710000000000002e+02, 0.,
    -7.6348200000000004e+00, 2.1715000000000001e+02, 0.,
    -7.5944000000000003e+00, 2.1720000000000002e+02, 0.,
    -7.5566399999999998e+00, 2.1725000000000000e+02, 0.,
    -7.5031200000000000e+00, 2.1730000000000001e+02, 0.,
    -7.4488599999999998e+00, 2.1735000000000002e+02, 0.,
    -7.4081799999999998e+00, 2.1740000000000001e+02, 0.,
    -7.3588800000000001e+00, 2.1745000000000002e+02, 0.,
    -7.3213999999999997e+00, 2.1750000000000000e+02, 0.,
    -7.2734500000000004e+00, 2.1755000000000001e+02, 0.,
    -7.2256400000000003e+00, 2.1760000000000002e+02, 0.,
    -7.1887200000000000e+00, 2.1765000000000001e+02, 0.,
    -7.1318000000000001e+00, 2.1770000000000002e+02, 0.,
    -7.0734800000000000e+00, 2.1775000000000000e+02, 0.,
    -7.0213099999999997e+00, 2.1780000000000001e+02, 0.,
    -6.9747800000000000e+00, 2.1785000000000002e+02, 0.,
    -6.9391800000000003e+00, 2.1790000000000001e+02, 0.,
    -6.8893800000000001e+00, 2.1795000000000002e+02, 0.,
    -6.8432599999999999e+00, 218., 0., -6.7856899999999998e+00,
    2.1805000000000001e+02, 0., -6.7293799999999999e+00,
    2.1810000000000002e+02, 0., -6.6883800000000004e+00,
    2.1815000000000001e+02, 0., -6.6377600000000001e+00,
    2.1820000000000002e+02, 0., -6.5980800000000004e+00,
    2.1825000000000000e+02, 0., -6.5504899999999999e+00,
    2.1830000000000001e+02, 0., -6.5016600000000002e+00,
    2.1835000000000002e+02, 0., -6.4571800000000001e+00,
    2.1840000000000001e+02, 0., -6.4002800000000004e+00,
    2.1845000000000002e+02, 0., -6.3532799999999998e+00,
    2.1850000000000000e+02, 0., -6.3116500000000002e+00,
    2.1855000000000001e+02, 0., -6.2734100000000002e+00,
    2.1860000000000002e+02, 0., -6.2400900000000004e+00,
    2.1865000000000001e+02, 0., -6.1920799999999998e+00,
    2.1870000000000002e+02, 0., -6.1503199999999998e+00,
    2.1875000000000000e+02, 0., -6.0989500000000003e+00,
    2.1880000000000001e+02, 0., -6.0441200000000004e+00,
    2.1885000000000002e+02, 0., -5.9885599999999997e+00,
    2.1890000000000001e+02, 0., -5.9363799999999998e+00,
    2.1895000000000002e+02, 0., -5.9038599999999999e+00, 219., 0.,
    -5.8575999999999997e+00, 2.1905000000000001e+02, 0.,
    -5.8093500000000002e+00, 2.1910000000000002e+02, 0.,
    -5.7690700000000001e+00, 2.1915000000000001e+02, 0.,
    -5.7198399999999996e+00, 2.1920000000000002e+02, 0.,
    -5.6810799999999997e+00, 2.1925000000000000e+02, 0.,
    -5.6271199999999997e+00, 2.1930000000000001e+02, 0.,
    -5.5760199999999998e+00, 2.1935000000000002e+02, 0.,
    -5.5401400000000001e+00, 2.1940000000000001e+02, 0.,
    -5.4941899999999997e+00, 2.1945000000000002e+02, 0.,
    -5.4568700000000003e+00, 2.1950000000000000e+02, 0.,
    -5.4073599999999997e+00, 2.1955000000000001e+02, 0.,
    -5.3530199999999999e+00, 2.1960000000000002e+02, 0.,
    -5.3047000000000004e+00, 2.1965000000000001e+02, 0.,
    -5.2463499999999996e+00, 2.1970000000000002e+02, 0.,
    -5.2008299999999998e+00, 2.1975000000000000e+02, 0.,
    -5.1444799999999997e+00, 2.1980000000000001e+02, 0.,
    -5.0972999999999997e+00, 2.1985000000000002e+02, 0.,
    -5.0704200000000004e+00, 2.1990000000000001e+02, 0.,
    -5.0368700000000004e+00, 2.1995000000000002e+02, 0.,
    -5.0011000000000001e+00, 220., 0., -4.9652200000000004e+00,
    2.2005000000000001e+02, 0., -4.9134200000000003e+00,
    2.2010000000000002e+02, 0., -4.8637800000000002e+00,
    2.2015000000000001e+02, 0., -4.8023899999999999e+00,
    2.2020000000000002e+02, 0., -4.7427099999999998e+00,
    2.2025000000000000e+02, 0., -4.7000299999999999e+00,
    2.2030000000000001e+02, 0., -4.6486900000000002e+00,
    2.2035000000000002e+02, 0., -4.6101299999999998e+00,
    2.2040000000000001e+02, 0., -4.5701900000000002e+00,
    2.2045000000000002e+02, 0., -4.5292800000000000e+00,
    2.2050000000000000e+02, 0., -4.4868399999999999e+00,
    2.2055000000000001e+02, 0., -4.4233500000000001e+00,
    2.2060000000000002e+02, 0., -4.3669900000000004e+00,
    2.2065000000000001e+02, 0., -4.3104699999999996e+00,
    2.2070000000000002e+02, 0., -4.2631899999999998e+00,
    2.2075000000000000e+02, 0., -4.2322699999999998e+00,
    2.2080000000000001e+02, 0., -4.1950200000000004e+00,
    2.2085000000000002e+02, 0., -4.1586100000000004e+00,
    2.2090000000000001e+02, 0., -4.1291300000000000e+00,
    2.2095000000000002e+02, 0., -4.0842400000000003e+00, 221., 0.,
    -4.0387599999999999e+00, 2.2105000000000001e+02, 0.,
    -3.9821499999999999e+00, 2.2110000000000002e+02, 0.,
    -3.9238900000000001e+00, 2.2115000000000001e+02, 0.,
    -3.8718100000000000e+00, 2.2120000000000002e+02, 0.,
    -3.8061500000000001e+00, 2.2125000000000000e+02, 0.,
    -3.7529900000000000e+00, 2.2130000000000001e+02, 0.,
    -3.6992600000000002e+00, 2.2135000000000002e+02, 0.,
    -3.6496700000000000e+00, 2.2140000000000001e+02, 0.,
    -3.6129500000000001e+00, 2.2145000000000002e+02, 0.,
    -3.5704699999999998e+00, 2.2150000000000000e+02, 0.,
    -3.5383100000000001e+00, 2.2155000000000001e+02, 0.,
    -3.4959199999999999e+00, 2.2160000000000002e+02, 0.,
    -3.4550999999999998e+00, 2.2165000000000001e+02, 0.,
    -3.4250600000000002e+00, 2.2170000000000002e+02, 0.,
    -3.3778000000000001e+00, 2.2175000000000000e+02, 0.,
    -3.3250799999999998e+00, 2.2180000000000001e+02, 0.,
    -3.2862000000000000e+00, 2.2185000000000002e+02, 0.,
    -3.2304800000000000e+00, 2.2190000000000001e+02, 0.,
    -3.1774399999999998e+00, 2.2195000000000002e+02, 0.,
    -3.1273200000000001e+00, 222., 0., -3.0780300000000000e+00,
    2.2205000000000001e+02, 0., -3.0281500000000001e+00,
    2.2210000000000002e+02, 0., -2.9730400000000001e+00,
    2.2215000000000001e+02, 0., -2.9328799999999999e+00,
    2.2220000000000002e+02, 0., -2.8815400000000002e+00,
    2.2225000000000000e+02, 0., -2.8352400000000002e+00,
    2.2230000000000001e+02, 0., -2.8046400000000000e+00,
    2.2235000000000002e+02, 0., -2.7613500000000002e+00,
    2.2240000000000001e+02, 0., -2.7143000000000002e+00,
    2.2245000000000002e+02, 0., -2.6754600000000002e+00,
    2.2250000000000000e+02, 0., -2.6253500000000001e+00,
    2.2255000000000001e+02, 0., -2.5833900000000001e+00,
    2.2260000000000002e+02, 0., -2.5341000000000000e+00,
    2.2265000000000001e+02, 0., -2.4861100000000000e+00,
    2.2270000000000002e+02, 0., -2.4496300000000000e+00,
    2.2275000000000000e+02, 0., -2.4038300000000001e+00,
    2.2280000000000001e+02, 0., -2.3671500000000001e+00,
    2.2285000000000002e+02, 0., -2.3082199999999999e+00,
    2.2290000000000001e+02, 0., -2.2525900000000001e+00,
    2.2295000000000002e+02, 0., -2.2159900000000001e+00, 223., 0.,
    -2.1580499999999998e+00, 2.2305000000000001e+02, 0.,
    -2.0954100000000002e+00, 2.2310000000000002e+02, 0.,
    -2.0561300000000000e+00, 2.2315000000000001e+02, 0.,
    -2.0049399999999999e+00, 2.2320000000000002e+02, 0.,
    -1.9615000000000000e+00, 2.2325000000000000e+02, 0.,
    -1.9150499999999999e+00, 2.2330000000000001e+02, 0.,
    -1.8693400000000000e+00, 2.2335000000000002e+02, 0.,
    -1.8313400000000000e+00, 2.2340000000000001e+02, 0.,
    -1.7839300000000000e+00, 2.2345000000000002e+02, 0.,
    -1.7382599999999999e+00, 2.2350000000000000e+02, 0.,
    -1.7071799999999999e+00, 2.2355000000000001e+02, 0.,
    -1.6636599999999999e+00, 2.2360000000000002e+02, 0.,
    -1.6233800000000000e+00, 2.2365000000000001e+02, 0.,
    -1.5795500000000000e+00, 2.2370000000000002e+02, 0.,
    -1.5343400000000000e+00, 2.2375000000000000e+02, 0.,
    -1.4887400000000000e+00, 2.2380000000000001e+02, 0.,
    -1.4341400000000000e+00, 2.2385000000000002e+02, 0.,
    -1.3831000000000000e+00, 2.2390000000000001e+02, 0.,
    -1.3487000000000000e+00, 2.2395000000000002e+02, 0.,
