%YAML:1.0
---
profile: [ 1.8555000000000001e+02, 0., -1.1395160000000001e+01,
    1.8560000000000002e+02, 0., -1.1373720000000000e+01,
    1.8565000000000001e+02, 0., -1.1340769999999999e+01,
    1.8570000000000002e+02, 0., -1.1307130000000001e+01,
    1.8575000000000000e+02, 0., -1.1255030000000000e+01,
    1.8580000000000001e+02, 0., -1.1207990000000001e+01,
    1.8585000000000002e+02, 0., -1.1153390000000000e+01,
    1.8590000000000001e+02, 0., -1.1111950000000000e+01,
    1.8595000000000002e+02, 0., -1.1059690000000000e+01, 186., 0.,
    -1.1017810000000001e+01, 1.8605000000000001e+02, 0.,
    -1.0968840000000000e+01, 1.8610000000000002e+02, 0.,
    -1.0919359999999999e+01, 1.8615000000000001e+02, 0.,
    -1.0875640000000001e+01, 1.8620000000000002e+02, 0.,
    -1.0820800000000000e+01, 1.8625000000000000e+02, 0.,
    -1.0776640000000000e+01, 1.8630000000000001e+02, 0.,
    -1.0718170000000001e+01, 1.8635000000000002e+02, 0.,
    -1.0667490000000001e+01, 1.8640000000000001e+02, 0.,
    -1.0609510000000000e+01, 1.8645000000000002e+02, 0.,
    -1.0569710000000001e+01, 1.8650000000000000e+02, 0.,
    -1.0518920000000000e+01, 1.8655000000000001e+02, 0.,
    -1.0477760000000000e+01, 1.8660000000000002e+02, 0.,
    -1.0426240000000000e+01, 1.8665000000000001e+02, 0.,
    -1.0385040000000000e+01, 1.8670000000000002e+02, 0.,
    -1.0336060000000000e+01, 1.8675000000000000e+02, 0.,
    -1.0297420000000001e+01, 1.8680000000000001e+02, 0.,
    -1.0245050000000001e+01, 1.8685000000000002e+02, 0.,
    -1.0191850000000001e+01, 1.8690000000000001e+02, 0.,
    -1.0149770000000000e+01, 1.8695000000000002e+02, 0.,
    -1.0102060000000000e+01, 187., 0., -1.0069780000000000e+01,
    1.8705000000000001e+02, 0., -1.0022700000000000e+01,
    1.8710000000000002e+02, 0., -9.9770199999999996e+00,
    1.8715000000000001e+02, 0., -9.9256600000000006e+00,
    1.8720000000000002e+02, 0., -9.8876600000000003e+00,
    1.8725000000000000e+02, 0., -9.8300699999999992e+00,
    1.8730000000000001e+02, 0., -9.7787100000000002e+00,
    1.8735000000000002e+02, 0., -9.7266700000000004e+00,
    1.8740000000000001e+02, 0., -9.6776499999999999e+00,
    1.8745000000000002e+02, 0., -9.6384100000000004e+00,
    1.8750000000000000e+02, 0., -9.5890100000000000e+00,
    1.8755000000000001e+02, 0., -9.5485299999999995e+00,
    1.8760000000000002e+02, 0., -9.5001800000000003e+00,
    1.8765000000000001e+02, 0., -9.4642599999999995e+00,
    1.8770000000000002e+02, 0., -9.4092500000000001e+00,
    1.8775000000000000e+02, 0., -9.3532499999999992e+00,
    1.8780000000000001e+02, 0., -9.2884700000000002e+00,
    1.8785000000000002e+02, 0., -9.2394300000000005e+00,
    1.8790000000000001e+02, 0., -9.1830900000000000e+00,
    1.8795000000000002e+02, 0., -9.1406899999999993e+00, 188., 0.,
    -9.0968199999999992e+00, 1.8805000000000001e+02, 0.,
    -9.0636200000000002e+00, 1.8810000000000002e+02, 0.,
    -9.0235299999999992e+00, 1.8815000000000001e+02, 0.,
    -8.9816699999999994e+00, 1.8820000000000002e+02, 0.,
    -8.9414300000000004e+00, 1.8825000000000000e+02, 0.,
    -8.8862000000000005e+00, 1.8830000000000001e+02, 0.,
    -8.8361199999999993e+00, 1.8835000000000002e+02, 0.,
    -8.7707099999999993e+00, 1.8840000000000001e+02, 0.,
    -8.7151099999999992e+00, 1.8845000000000002e+02, 0.,
    -8.6633300000000002e+00, 1.8850000000000000e+02, 0.,
    -8.6314100000000007e+00, 1.8855000000000001e+02, 0.,
    -8.5826100000000007e+00, 1.8860000000000002e+02, 0.,
    -8.5389300000000006e+00, 1.8865000000000001e+02, 0.,
    -8.4836399999999994e+00, 1.8870000000000002e+02, 0.,
    -8.4392800000000001e+00, 1.8875000000000000e+02, 0.,
    -8.3846200000000000e+00, 1.8880000000000001e+02, 0.,
    -8.3297899999999991e+00, 1.8885000000000002e+02, 0.,
    -8.2847899999999992e+00, 1.8890000000000001e+02, 0.,
    -8.2306799999999996e+00, 1.8895000000000002e+02, 0.,
    -8.1900800000000000e+00, 189., 0., -8.1356800000000007e+00,
    1.8905000000000001e+02, 0., -8.0878800000000002e+00,
    1.8910000000000002e+02, 0., -8.0349599999999999e+00,
    1.8915000000000001e+02, 0., -7.9963199999999999e+00,
    1.8920000000000002e+02, 0., -7.9563699999999997e+00,
    1.8925000000000000e+02, 0., -7.9183300000000001e+00,
    1.8930000000000001e+02, 0., -7.8874100000000000e+00,
    1.8935000000000002e+02, 0., -7.8470100000000000e+00,
    1.8940000000000001e+02, 0., -7.8126100000000003e+00,
    1.8945000000000002e+02, 0., -7.7604499999999996e+00,
    1.8950000000000000e+02, 0., -7.7078499999999996e+00,
    1.8955000000000001e+02, 0., -7.6416399999999998e+00,
    1.8960000000000002e+02, 0., -7.5885199999999999e+00,
    1.8965000000000001e+02, 0., -7.5277799999999999e+00,
    1.8970000000000002e+02, 0., -7.4822199999999999e+00,
    1.8975000000000000e+02, 0., -7.4264299999999999e+00,
    1.8980000000000001e+02, 0., -7.3820699999999997e+00,
    1.8985000000000002e+02, 0., -7.3317699999999997e+00,
    1.8990000000000001e+02, 0., -7.2837199999999998e+00,
    1.8995000000000002e+02, 0., -7.2485999999999997e+00, 190., 0.,
    -7.2060899999999997e+00, 1.9005000000000001e+02, 0.,
    -7.1738900000000001e+00, 1.9010000000000002e+02, 0.,
    -7.1264700000000003e+00, 1.9015000000000001e+02, 0.,
    -7.0847100000000003e+00, 1.9020000000000002e+02, 0.,
    -7.0286900000000001e+00, 1.9025000000000000e+02, 0.,
    -6.9818499999999997e+00, 1.9030000000000001e+02, 0.,
    -6.9141599999999999e+00, 1.9035000000000002e+02, 0.,
    -6.8582000000000001e+00, 1.9040000000000001e+02, 0.,
    -6.8043800000000001e+00, 1.9045000000000002e+02, 0.,
    -6.7533799999999999e+00, 1.9050000000000000e+02, 0.,
    -6.7086600000000001e+00, 1.9055000000000001e+02, 0.,
    -6.6577000000000002e+00, 1.9060000000000002e+02, 0.,
    -6.6228600000000002e+00, 1.9065000000000001e+02, 0.,
    -6.5733600000000001e+00, 1.9070000000000002e+02, 0.,
    -6.5306400000000000e+00, 1.9075000000000000e+02, 0.,
    -6.4747800000000000e+00, 1.9080000000000001e+02, 0.,
    -6.4288600000000002e+00, 1.9085000000000002e+02, 0.,
    -6.3672800000000001e+00, 1.9090000000000001e+02, 0.,
    -6.3171999999999997e+00, 1.9095000000000002e+02, 0.,
    -6.2581100000000003e+00, 191., 0., -6.2014800000000001e+00,
    1.9105000000000001e+02, 0., -6.1612000000000000e+00,
    1.9110000000000002e+02, 0., -6.1181299999999998e+00,
    1.9115000000000001e+02, 0., -6.0924500000000004e+00,
    1.9120000000000002e+02, 0., -6.0603300000000004e+00,
    1.9125000000000000e+02, 0., -6.0346500000000001e+00,
    1.9130000000000001e+02, 0., -5.9782599999999997e+00,
    1.9135000000000002e+02, 0., -5.9147100000000004e+00,
    1.9140000000000001e+02, 0., -5.8604700000000003e+00,
    1.9145000000000002e+02, 0., -5.7959399999999999e+00,
    1.9150000000000000e+02, 0., -5.7550200000000000e+00,
    1.9155000000000001e+02, 0., -5.7046099999999997e+00,
    1.9160000000000002e+02, 0., -5.6651699999999998e+00,
    1.9165000000000001e+02, 0., -5.6137600000000001e+00,
    1.9170000000000002e+02, 0., -5.5701200000000002e+00,
    1.9175000000000000e+02, 0., -5.5140099999999999e+00,
    1.9180000000000001e+02, 0., -5.4683299999999999e+00,
    1.9185000000000002e+02, 0., -5.4194899999999997e+00,
    1.9190000000000001e+02, 0., -5.3720499999999998e+00,
    1.9195000000000002e+02, 0., -5.3319299999999998e+00, 192., 0.,
    -5.2821300000000004e+00, 1.9205000000000001e+02, 0.,
    -5.2428100000000004e+00, 1.9210000000000002e+02, 0.,
    -5.1866899999999996e+00, 1.9215000000000001e+02, 0.,
    -5.1335300000000004e+00, 1.9220000000000002e+02, 0.,
    -5.0743099999999997e+00, 1.9225000000000000e+02, 0.,
    -5.0308299999999999e+00, 1.9230000000000001e+02, 0.,
    -4.9771000000000001e+00, 1.9235000000000002e+02, 0.,
    -4.9342600000000001e+00, 1.9240000000000001e+02, 0.,
    -4.8918299999999997e+00, 1.9245000000000002e+02, 0.,
    -4.8525499999999999e+00, 1.9250000000000000e+02, 0.,
    -4.8222699999999996e+00, 1.9255000000000001e+02, 0.,
    -4.7816900000000002e+00, 1.9260000000000002e+02, 0.,
