%YAML:1.0
---
profile: [ 202., 0., -1.0442530000000000e+01, 2.0205000000000001e+02, 0.,
    -1.0425570000000000e+01, 2.0210000000000002e+02, 0.,
    -1.0396430000000001e+01, 2.0215000000000001e+02, 0.,
    -1.0362170000000001e+01, 2.0220000000000002e+02, 0.,
    -1.0324570000000000e+01, 2.0225000000000000e+02, 0.,
    -1.0276400000000001e+01, 2.0230000000000001e+02, 0.,
    -1.0236599999999999e+01, 2.0235000000000002e+02, 0.,
    -1.0184220000000000e+01, 2.0240000000000001e+02, 0.,
    -1.0140940000000001e+01, 2.0245000000000002e+02, 0.,
    -1.0096719999999999e+01, 2.0250000000000000e+02, 0.,
    -1.0054589999999999e+01, 2.0255000000000001e+02, 0.,
    -1.0019790000000000e+01, 2.0260000000000002e+02, 0.,
    -9.9663500000000003e+00, 2.0265000000000001e+02, 0.,
    -9.9117099999999994e+00, 2.0270000000000002e+02, 0.,
    -9.8484400000000001e+00, 2.0275000000000000e+02, 0.,
    -9.8005200000000006e+00, 2.0280000000000001e+02, 0.,
    -9.7474000000000007e+00, 2.0285000000000002e+02, 0.,
    -9.6998499999999996e+00, 2.0290000000000001e+02, 0.,
    -9.6651699999999998e+00, 2.0295000000000002e+02, 0.,
    -9.6200100000000006e+00, 203., 0., -9.5818100000000008e+00,
    2.0305000000000001e+02, 0., -9.5329400000000000e+00,
    2.0310000000000002e+02, 0., -9.4933399999999999e+00,
    2.0315000000000001e+02, 0., -9.4437300000000004e+00,
    2.0320000000000002e+02, 0., -9.3936399999999995e+00,
    2.0325000000000000e+02, 0., -9.3519600000000001e+00,
    2.0330000000000001e+02, 0., -9.2983600000000006e+00,
    2.0335000000000002e+02, 0., -9.2537599999999998e+00,
    2.0340000000000001e+02, 0., -9.2050099999999997e+00,
    2.0345000000000002e+02, 0., -9.1697699999999998e+00,
    2.0350000000000000e+02, 0., -9.1285299999999996e+00,
    2.0355000000000001e+02, 0., -9.0869300000000006e+00,
    2.0360000000000002e+02, 0., -9.0501299999999993e+00,
    2.0365000000000001e+02, 0., -9.0073600000000003e+00,
    2.0370000000000002e+02, 0., -8.9771199999999993e+00,
    2.0375000000000000e+02, 0., -8.9337900000000001e+00,
    2.0380000000000001e+02, 0., -8.8962299999999992e+00,
    2.0385000000000002e+02, 0., -8.8481199999999998e+00,
    2.0390000000000001e+02, 0., -8.7986100000000000e+00,
    2.0395000000000002e+02, 0., -8.7556499999999993e+00, 204., 0.,
    -8.6993500000000008e+00, 2.0405000000000001e+02, 0.,
    -8.6512300000000000e+00, 2.0410000000000002e+02, 0.,
    -8.5939099999999993e+00, 2.0415000000000001e+02, 0.,
    -8.5495900000000002e+00, 2.0420000000000002e+02, 0.,
    -8.5009999999999994e+00, 2.0425000000000000e+02, 0.,
    -8.4564500000000002e+00, 2.0430000000000001e+02, 0.,
    -8.4283699999999993e+00, 2.0435000000000002e+02, 0.,
    -8.3900000000000006e+00, 2.0440000000000001e+02, 0.,
    -8.3553999999999995e+00, 2.0445000000000002e+02, 0.,
    -8.3064499999999999e+00, 2.0450000000000000e+02, 0.,
    -8.2643299999999993e+00, 2.0455000000000001e+02, 0.,
    -8.1987799999999993e+00, 2.0460000000000002e+02, 0.,
    -8.1327200000000008e+00, 2.0465000000000001e+02, 0.,
    -8.0884800000000006e+00, 2.0470000000000002e+02, 0.,
    -8.0338399999999996e+00, 2.0475000000000000e+02, 0.,
    -7.9909200000000000e+00, 2.0480000000000001e+02, 0.,
    -7.9489000000000001e+00, 2.0485000000000002e+02, 0.,
    -7.9215400000000002e+00, 2.0490000000000001e+02, 0.,
    -7.8824600000000000e+00, 2.0495000000000002e+02, 0.,
    -7.8387300000000000e+00, 205., 0., -7.7930099999999998e+00,
    2.0505000000000001e+02, 0., -7.7392899999999996e+00,
    2.0510000000000002e+02, 0., -7.6981700000000002e+00,
    2.0515000000000001e+02, 0., -7.6413500000000001e+00,
    2.0520000000000002e+02, 0., -7.5930299999999997e+00,
    2.0525000000000000e+02, 0., -7.5409300000000004e+00,
    2.0530000000000001e+02, 0., -7.4923999999999999e+00,
    2.0535000000000002e+02, 0., -7.4553599999999998e+00,
    2.0540000000000001e+02, 0., -7.4153399999999996e+00,
    2.0545000000000002e+02, 0., -7.3867000000000003e+00,
    2.0550000000000000e+02, 0., -7.3417800000000000e+00,
    2.0555000000000001e+02, 0., -7.2909699999999997e+00,
    2.0560000000000002e+02, 0., -7.2386499999999998e+00,
    2.0565000000000001e+02, 0., -7.1784900000000000e+00,
    2.0570000000000002e+02, 0., -7.1366500000000004e+00,
    2.0575000000000000e+02, 0., -7.0849299999999999e+00,
    2.0580000000000001e+02, 0., -7.0438900000000002e+00,
    2.0585000000000002e+02, 0., -7.0022799999999998e+00,
    2.0590000000000001e+02, 0., -6.9626299999999999e+00,
    2.0595000000000002e+02, 0., -6.9293100000000001e+00, 206., 0.,
    -6.8867900000000004e+00, 2.0605000000000001e+02, 0.,
    -6.8518299999999996e+00, 2.0610000000000002e+02, 0.,
    -6.8026799999999996e+00, 2.0615000000000001e+02, 0.,
    -6.7487100000000000e+00, 2.0620000000000002e+02, 0.,
    -6.6944299999999997e+00, 2.0625000000000000e+02, 0.,
    -6.6292600000000004e+00, 2.0630000000000001e+02, 0.,
    -6.5803799999999999e+00, 2.0635000000000002e+02, 0.,
    -6.5210200000000000e+00, 2.0640000000000001e+02, 0.,
    -6.4756999999999998e+00, 2.0645000000000002e+02, 0.,
    -6.4275200000000003e+00, 2.0650000000000000e+02, 0.,
    -6.3807400000000003e+00, 2.0655000000000001e+02, 0.,
    -6.3410599999999997e+00, 2.0660000000000002e+02, 0.,
    -6.2935699999999999e+00, 2.0665000000000001e+02, 0.,
    -6.2581699999999998e+00, 2.0670000000000002e+02, 0.,
    -6.2096200000000001e+00, 2.0675000000000000e+02, 0.,
    -6.1685800000000004e+00, 2.0680000000000001e+02, 0.,
    -6.1110699999999998e+00, 2.0685000000000002e+02, 0.,
    -6.0522200000000002e+00, 2.0690000000000001e+02, 0.,
    -6.0056599999999998e+00, 2.0695000000000002e+02, 0.,
    -5.9547400000000001e+00, 207., 0., -5.9228600000000000e+00,
    2.0705000000000001e+02, 0., -5.8843300000000003e+00,
    2.0710000000000002e+02, 0., -5.8458699999999997e+00,
    2.0715000000000001e+02, 0., -5.8125099999999996e+00,
    2.0720000000000002e+02, 0., -5.7701900000000004e+00,
    2.0725000000000000e+02, 0., -5.7355900000000002e+00,
    2.0730000000000001e+02, 0., -5.6870200000000004e+00,
    2.0735000000000002e+02, 0., -5.6454199999999997e+00,
    2.0740000000000001e+02, 0., -5.5962399999999999e+00,
    2.0745000000000002e+02, 0., -5.5477600000000002e+00,
    2.0750000000000000e+02, 0., -5.5089600000000001e+00,
    2.0755000000000001e+02, 0., -5.4615499999999999e+00,
    2.0760000000000002e+02, 0., -5.4242299999999997e+00,
    2.0765000000000001e+02, 0., -5.3747900000000000e+00,
    2.0770000000000002e+02, 0., -5.3243400000000003e+00,
    2.0775000000000000e+02, 0., -5.2828600000000003e+00,
    2.0780000000000001e+02, 0., -5.2330600000000000e+00,
    2.0785000000000002e+02, 0., -5.1957800000000001e+00,
    2.0790000000000001e+02, 0., -5.1475200000000001e+00,
    2.0795000000000002e+02, 0., -5.0985399999999998e+00, 208., 0.,
    -5.0606200000000001e+00, 2.0805000000000001e+02, 0.,
    -5.0066199999999998e+00, 2.0810000000000002e+02, 0.,
    -4.9555800000000003e+00, 2.0815000000000001e+02, 0.,
    -4.8995199999999999e+00, 2.0820000000000002e+02, 0.,
    -4.8588800000000001e+00, 2.0825000000000000e+02, 0.,
    -4.8197700000000001e+00, 2.0830000000000001e+02, 0.,
    -4.7821800000000003e+00, 2.0835000000000002e+02, 0.,
    -4.7475399999999999e+00, 2.0840000000000001e+02, 0.,
    -4.7059199999999999e+00, 2.0845000000000002e+02, 0.,
    -4.6736000000000004e+00, 2.0850000000000000e+02, 0.,
    -4.6193499999999998e+00, 2.0855000000000001e+02, 0.,
    -4.5637400000000001e+00, 2.0860000000000002e+02, 0.,
    -4.5259400000000003e+00, 2.0865000000000001e+02, 0.,
    -4.4776199999999999e+00, 2.0870000000000002e+02, 0.,
    -4.4377399999999998e+00, 2.0875000000000000e+02, 0.,
    -4.3889100000000001e+00, 2.0880000000000001e+02, 0.,
    -4.3413199999999996e+00, 2.0885000000000002e+02, 0.,
    -4.3049600000000003e+00, 2.0890000000000001e+02, 0.,
    -4.2556399999999996e+00, 2.0895000000000002e+02, 0.,
    -4.2116800000000003e+00, 209., 0., -4.1562799999999998e+00,
    2.0905000000000001e+02, 0., -4.1117200000000000e+00,
