%YAML:1.0
---
profile: [ 1.7495000000000002e+02, 0., -8.1617099999999994e+00, 175., 0.,
    -8.1161899999999996e+00, 1.7505000000000001e+02, 0.,
    -8.0664700000000007e+00, 1.7510000000000002e+02, 0.,
    -8.0306300000000004e+00, 1.7515000000000001e+02, 0.,
    -7.9760900000000001e+00, 1.7520000000000002e+02, 0.,
    -7.9305300000000001e+00, 1.7525000000000000e+02, 0.,
    -7.8797300000000003e+00, 1.7530000000000001e+02, 0.,
    -7.8403700000000001e+00, 1.7535000000000002e+02, 0.,
    -7.7841699999999996e+00, 1.7540000000000001e+02, 0.,
    -7.7284100000000002e+00, 1.7545000000000002e+02, 0.,
    -7.6909700000000001e+00, 1.7550000000000000e+02, 0.,
    -7.6421400000000004e+00, 1.7555000000000001e+02, 0.,
    -7.5966199999999997e+00, 1.7560000000000002e+02, 0.,
    -7.5412499999999998e+00, 1.7565000000000001e+02, 0.,
    -7.5020499999999997e+00, 1.7570000000000002e+02, 0.,
    -7.4513900000000000e+00, 1.7575000000000000e+02, 0.,
    -7.4058299999999999e+00, 1.7580000000000001e+02, 0.,
    -7.3536200000000003e+00, 1.7585000000000002e+02, 0.,
    -7.3175800000000004e+00, 1.7590000000000001e+02, 0.,
    -7.2683799999999996e+00, 1.7595000000000002e+02, 0.,
    -7.2241799999999996e+00, 176., 0., -7.1693400000000000e+00,
    1.7605000000000001e+02, 0., -7.1260199999999996e+00,
    1.7610000000000002e+02, 0., -7.0744800000000003e+00,
    1.7615000000000001e+02, 0., -7.0346799999999998e+00,
    1.7620000000000002e+02, 0., -6.9833100000000004e+00,
    1.7625000000000000e+02, 0., -6.9414300000000004e+00,
    1.7630000000000001e+02, 0., -6.8893199999999997e+00,
    1.7635000000000002e+02, 0., -6.8477199999999998e+00,
    1.7640000000000001e+02, 0., -6.8007200000000001e+00,
    1.7645000000000002e+02, 0., -6.7641600000000004e+00,
    1.7650000000000000e+02, 0., -6.7090500000000004e+00,
    1.7655000000000001e+02, 0., -6.6534500000000003e+00,
    1.7660000000000002e+02, 0., -6.6151299999999997e+00,
    1.7665000000000001e+02, 0., -6.5640700000000001e+00,
    1.7670000000000002e+02, 0., -6.5134299999999996e+00,
    1.7675000000000000e+02, 0., -6.4530700000000003e+00,
    1.7680000000000001e+02, 0., -6.4141899999999996e+00,
    1.7685000000000002e+02, 0., -6.3652300000000004e+00,
    1.7690000000000001e+02, 0., -6.3251099999999996e+00,
    1.7695000000000002e+02, 0., -6.2769399999999997e+00, 177., 0.,
    -6.2408999999999999e+00, 1.7705000000000001e+02, 0.,
    -6.1919700000000004e+00, 1.7710000000000002e+02, 0.,
    -6.1508099999999999e+00, 1.7715000000000001e+02, 0.,
    -6.0978500000000002e+00, 1.7720000000000002e+02, 0.,
    -6.0547300000000002e+00, 1.7725000000000000e+02, 0.,
    -5.9995599999999998e+00, 1.7730000000000001e+02, 0.,
    -5.9547600000000003e+00, 1.7735000000000002e+02, 0.,
    -5.8996500000000003e+00, 1.7740000000000001e+02, 0.,
    -5.8560499999999998e+00, 1.7745000000000002e+02, 0.,
    -5.8047100000000000e+00, 1.7750000000000000e+02, 0.,
    -5.7642699999999998e+00, 1.7755000000000001e+02, 0.,
    -5.7140800000000000e+00, 1.7760000000000002e+02, 0.,
    -5.6621800000000002e+00, 1.7765000000000001e+02, 0.,
    -5.6150200000000003e+00, 1.7770000000000002e+02, 0.,
    -5.5549400000000002e+00, 1.7775000000000000e+02, 0.,
    -5.5034599999999996e+00, 1.7780000000000001e+02, 0.,
    -5.4410800000000004e+00, 1.7785000000000002e+02, 0.,
    -5.3975200000000001e+00, 1.7790000000000001e+02, 0.,
    -5.3430900000000001e+00, 1.7795000000000002e+02, 0.,
    -5.2996100000000004e+00, 178., 0., -5.2462999999999997e+00,
    1.7805000000000001e+02, 0., -5.2070200000000000e+00,
    1.7810000000000002e+02, 0., -5.1603300000000001e+00,
    1.7815000000000001e+02, 0., -5.1258900000000001e+00,
    1.7820000000000002e+02, 0., -5.0801999999999996e+00,
    1.7825000000000000e+02, 0., -5.0422399999999996e+00,
    1.7830000000000001e+02, 0., -4.9923000000000002e+00,
    1.7835000000000002e+02, 0., -4.9510199999999998e+00,
    1.7840000000000001e+02, 0., -4.8904699999999997e+00,
    1.7845000000000002e+02, 0., -4.8403099999999997e+00,
    1.7850000000000000e+02, 0., -4.7818600000000000e+00,
    1.7855000000000001e+02, 0., -4.7360199999999999e+00,
    1.7860000000000002e+02, 0., -4.6867400000000004e+00,
    1.7865000000000001e+02, 0., -4.6408899999999997e+00,
    1.7870000000000002e+02, 0., -4.6085700000000003e+00,
    1.7875000000000000e+02, 0., -4.5660999999999996e+00,
    1.7880000000000001e+02, 0., -4.5256600000000002e+00,
    1.7885000000000002e+02, 0., -4.4733400000000003e+00,
    1.7890000000000001e+02, 0., -4.4294599999999997e+00,
    1.7895000000000002e+02, 0., -4.3724600000000002e+00, 179., 0.,
    -4.3243400000000003e+00, 1.7905000000000001e+02, 0.,
    -4.2629000000000001e+00, 1.7910000000000002e+02, 0.,
    -4.2122599999999997e+00, 1.7915000000000001e+02, 0.,
    -4.1604500000000000e+00, 1.7920000000000002e+02, 0.,
    -4.1252100000000000e+00, 1.7925000000000000e+02, 0.,
    -4.0824499999999997e+00, 1.7930000000000001e+02, 0.,
    -4.0490100000000000e+00, 1.7935000000000002e+02, 0.,
    -4.0029700000000004e+00, 1.7940000000000001e+02, 0.,
    -3.9653299999999998e+00, 1.7945000000000002e+02, 0.,
    -3.9067799999999999e+00, 1.7950000000000000e+02, 0.,
    -3.8446199999999999e+00, 1.7955000000000001e+02, 0.,
    -3.7924600000000002e+00, 1.7960000000000002e+02, 0.,
    -3.7266300000000001e+00, 1.7965000000000001e+02, 0.,
    -3.6721499999999998e+00, 1.7970000000000002e+02, 0.,
    -3.6058599999999998e+00, 1.7975000000000000e+02, 0.,
    -3.5587399999999998e+00, 1.7980000000000001e+02, 0.,
    -3.5025400000000002e+00, 1.7985000000000002e+02, 0.,
    -3.4664999999999999e+00, 1.7990000000000001e+02, 0.,
    -3.4192100000000001e+00, 1.7995000000000002e+02, 0.,
    -3.3787699999999998e+00, 180., 0., -3.3314400000000002e+00,
    1.8005000000000001e+02, 0., -3.2974399999999999e+00,
    1.8010000000000002e+02, 0., -3.2585400000000000e+00,
    1.8015000000000001e+02, 0., -3.2293400000000001e+00,
    1.8020000000000002e+02, 0., -3.1861400000000000e+00,
    1.8025000000000000e+02, 0., -3.1413000000000002e+00,
    1.8030000000000001e+02, 0., -3.1056599999999999e+00,
    1.8035000000000002e+02, 0., -3.0569600000000001e+00,
    1.8040000000000001e+02, 0., -3.0047600000000001e+00,
    1.8045000000000002e+02, 0., -2.9441400000000000e+00,
    1.8050000000000000e+02, 0., -2.9013000000000000e+00,
    1.8055000000000001e+02, 0., -2.8468200000000001e+00,
    1.8060000000000002e+02, 0., -2.8022600000000000e+00,
    1.8065000000000001e+02, 0., -2.7464100000000000e+00,
    1.8070000000000002e+02, 0., -2.7016499999999999e+00,
    1.8075000000000000e+02, 0., -2.6435200000000001e+00,
    1.8080000000000001e+02, 0., -2.5959200000000000e+00,
    1.8085000000000002e+02, 0., -2.5411299999999999e+00,
    1.8090000000000001e+02, 0., -2.4998100000000001e+00,
    1.8095000000000002e+02, 0., -2.4551599999999998e+00, 181., 0.,
    -2.4208799999999999e+00, 1.8105000000000001e+02, 0.,
    -2.3696000000000002e+00, 1.8110000000000002e+02, 0.,
    -2.3162900000000000e+00, 1.8115000000000001e+02, 0.,
    -2.2736499999999999e+00, 1.8120000000000002e+02, 0.,
    -2.2254200000000002e+00, 1.8125000000000000e+02, 0.,
    -2.1929799999999999e+00, 1.8130000000000001e+02, 0.,
    -2.1432899999999999e+00, 1.8135000000000002e+02, 0.,
    -2.0925699999999998e+00, 1.8140000000000001e+02, 0.,
    -2.0310800000000002e+00, 1.8145000000000002e+02, 0.,
    -1.9830000000000001e+00, 1.8150000000000000e+02, 0.,
    -1.9296199999999999e+00, 1.8155000000000001e+02, 0.,
    -1.8905400000000001e+00, 1.8160000000000002e+02, 0.,
    -1.8387100000000001e+00, 1.8165000000000001e+02, 0.,
    -1.7967100000000000e+00, 1.8170000000000002e+02, 0.,
    -1.7472099999999999e+00, 1.8175000000000000e+02, 0.,
    -1.6985800000000000e+00, 1.8180000000000001e+02, 0.,
    -1.6603399999999999e+00, 1.8185000000000002e+02, 0.,
    -1.6114500000000000e+00, 1.8190000000000001e+02, 0.,
    -1.5690900000000001e+00, 1.8195000000000002e+02, 0.,
    -1.5152300000000001e+00, 182., 0., -1.4710700000000001e+00,
