%YAML:1.0
---
profile: [ 2.0160000000000002e+02, 0., -1.2285740000000001e+01,
    2.0165000000000001e+02, 0., -1.2266500000000001e+01,
    2.0170000000000002e+02, 0., -1.2232720000000000e+01,
    2.0175000000000000e+02, 0., -1.2194080000000000e+01,
    2.0180000000000001e+02, 0., -1.2150069999999999e+01,
    2.0185000000000002e+02, 0., -1.2117150000000001e+01,
    2.0190000000000001e+02, 0., -1.2067259999999999e+01,
    2.0195000000000002e+02, 0., -1.2011920000000000e+01, 202., 0.,
    -1.1957000000000001e+01, 2.0205000000000001e+02, 0.,
    -1.1886450000000000e+01, 2.0210000000000002e+02, 0.,
    -1.1823930000000001e+01, 2.0215000000000001e+02, 0.,
    -1.1755830000000000e+01, 2.0220000000000002e+02, 0.,
    -1.1713550000000000e+01, 2.0225000000000000e+02, 0.,
    -1.1658780000000000e+01, 2.0230000000000001e+02, 0.,
    -1.1614020000000000e+01, 2.0235000000000002e+02, 0.,
    -1.1558280000000000e+01, 2.0240000000000001e+02, 0.,
    -1.1513840000000000e+01, 2.0245000000000002e+02, 0.,
    -1.1453780000000000e+01, 2.0250000000000000e+02, 0.,
    -1.1392480000000001e+01, 2.0255000000000001e+02, 0.,
    -1.1343040000000000e+01, 2.0260000000000002e+02, 0.,
    -1.1281530000000000e+01, 2.0265000000000001e+02, 0.,
    -1.1232690000000000e+01, 2.0270000000000002e+02, 0.,
    -1.1180550000000000e+01, 2.0275000000000000e+02, 0.,
    -1.1143670000000000e+01, 2.0280000000000001e+02, 0.,
    -1.1088649999999999e+01, 2.0285000000000002e+02, 0.,
    -1.1039890000000000e+01, 2.0290000000000001e+02, 0.,
    -1.0979100000000001e+01, 2.0295000000000002e+02, 0.,
    -1.0913860000000000e+01, 203., 0., -1.0847379999999999e+01,
    2.0305000000000001e+02, 0., -1.0772100000000000e+01,
    2.0310000000000002e+02, 0., -1.0721380000000000e+01,
    2.0315000000000001e+02, 0., -1.0658370000000000e+01,
    2.0320000000000002e+02, 0., -1.0608530000000000e+01,
    2.0325000000000000e+02, 0., -1.0550530000000000e+01,
    2.0330000000000001e+02, 0., -1.0506489999999999e+01,
    2.0335000000000002e+02, 0., -1.0452780000000001e+01,
    2.0340000000000001e+02, 0., -1.0398429999999999e+01,
    2.0345000000000002e+02, 0., -1.0351630000000000e+01,
    2.0350000000000000e+02, 0., -1.0294050000000000e+01,
    2.0355000000000001e+02, 0., -1.0249210000000000e+01,
    2.0360000000000002e+02, 0., -1.0186830000000000e+01,
    2.0365000000000001e+02, 0., -1.0129350000000001e+01,
    2.0370000000000002e+02, 0., -1.0064940000000000e+01,
    2.0375000000000000e+02, 0., -1.0017379999999999e+01,
    2.0380000000000001e+02, 0., -9.9586799999999993e+00,
    2.0385000000000002e+02, 0., -9.9019600000000008e+00,
    2.0390000000000001e+02, 0., -9.8622399999999999e+00,
    2.0395000000000002e+02, 0., -9.8087099999999996e+00, 204., 0.,
    -9.7612699999999997e+00, 2.0405000000000001e+02, 0.,
    -9.7061899999999994e+00, 2.0410000000000002e+02, 0.,
    -9.6643899999999991e+00, 2.0415000000000001e+02, 0.,
    -9.6061200000000007e+00, 2.0420000000000002e+02, 0.,
    -9.5583200000000001e+00, 2.0425000000000000e+02, 0.,
    -9.4932200000000009e+00, 2.0430000000000001e+02, 0.,
    -9.4276999999999997e+00, 2.0435000000000002e+02, 0.,
    -9.3781400000000001e+00, 2.0440000000000001e+02, 0.,
    -9.3186400000000003e+00, 2.0445000000000002e+02, 0.,
    -9.2739999999999991e+00, 2.0450000000000000e+02, 0.,
    -9.2155799999999992e+00, 2.0455000000000001e+02, 0.,
    -9.1675400000000007e+00, 2.0460000000000002e+02, 0.,
    -9.1086700000000000e+00, 2.0465000000000001e+02, 0.,
    -9.0519200000000009e+00, 2.0470000000000002e+02, 0.,
    -9.0123999999999995e+00, 2.0475000000000000e+02, 0.,
    -8.9625900000000005e+00, 2.0480000000000001e+02, 0.,
    -8.9223499999999998e+00, 2.0485000000000002e+02, 0.,
    -8.8634100000000000e+00, 2.0490000000000001e+02, 0.,
    -8.8116500000000002e+00, 2.0495000000000002e+02, 0.,
    -8.7482500000000005e+00, 205., 0., -8.6978500000000007e+00,
    2.0505000000000001e+02, 0., -8.6358999999999995e+00,
    2.0510000000000002e+02, 0., -8.5727200000000003e+00,
    2.0515000000000001e+02, 0., -8.5175199999999993e+00,
    2.0520000000000002e+02, 0., -8.4464900000000007e+00,
    2.0525000000000000e+02, 0., -8.3873700000000007e+00,
    2.0530000000000001e+02, 0., -8.3169900000000005e+00,
    2.0535000000000002e+02, 0., -8.2625899999999994e+00,
    2.0540000000000001e+02, 0., -8.2082200000000007e+00,
    2.0545000000000002e+02, 0., -8.1674600000000002e+00,
    2.0550000000000000e+02, 0., -8.1107399999999998e+00,
    2.0555000000000001e+02, 0., -8.0555000000000003e+00,
    2.0560000000000002e+02, 0., -8.0148200000000003e+00,
    2.0565000000000001e+02, 0., -7.9579199999999997e+00,
    2.0570000000000002e+02, 0., -7.9092000000000002e+00,
    2.0575000000000000e+02, 0., -7.8405899999999997e+00,
    2.0580000000000001e+02, 0., -7.7816700000000001e+00,
    2.0585000000000002e+02, 0., -7.7164999999999999e+00,
    2.0590000000000001e+02, 0., -7.6515399999999998e+00,
    2.0595000000000002e+02, 0., -7.5934999999999997e+00, 206., 0.,
    -7.5268300000000004e+00, 2.0605000000000001e+02, 0.,
    -7.4806699999999999e+00, 2.0610000000000002e+02, 0.,
    -7.4256500000000001e+00, 2.0615000000000001e+02, 0.,
    -7.3831300000000004e+00, 2.0620000000000002e+02, 0.,
    -7.3305100000000003e+00, 2.0625000000000000e+02, 0.,
    -7.2756400000000001e+00, 2.0630000000000001e+02, 0.,
    -7.2240399999999996e+00, 2.0635000000000002e+02, 0.,
    -7.1595599999999999e+00, 2.0640000000000001e+02, 0.,
    -7.1079999999999997e+00, 2.0645000000000002e+02, 0.,
    -7.0439699999999998e+00, 2.0650000000000000e+02, 0.,
    -6.9930500000000002e+00, 2.0655000000000001e+02, 0.,
    -6.9332200000000004e+00, 2.0660000000000002e+02, 0.,
    -6.8861800000000004e+00, 2.0665000000000001e+02, 0.,
    -6.8311400000000004e+00, 2.0670000000000002e+02, 0.,
    -6.7765500000000003e+00, 2.0675000000000000e+02, 0.,
    -6.7311899999999998e+00, 2.0680000000000001e+02, 0.,
    -6.6808199999999998e+00, 2.0685000000000002e+02, 0.,
    -6.6439399999999997e+00, 2.0690000000000001e+02, 0.,
    -6.5921700000000003e+00, 2.0695000000000002e+02, 0.,
    -6.5377900000000002e+00, 207., 0., -6.4904700000000002e+00,
    2.0705000000000001e+02, 0., -6.4265100000000004e+00,
    2.0710000000000002e+02, 0., -6.3695899999999996e+00,
    2.0715000000000001e+02, 0., -6.3004199999999999e+00,
    2.0720000000000002e+02, 0., -6.2476200000000004e+00,
    2.0725000000000000e+02, 0., -6.1820500000000003e+00,
    2.0730000000000001e+02, 0., -6.1298899999999996e+00,
    2.0735000000000002e+02, 0., -6.0738000000000003e+00,
    2.0740000000000001e+02, 0., -6.0198099999999997e+00,
    2.0745000000000002e+02, 0., -5.9761300000000004e+00,
    2.0750000000000000e+02, 0., -5.9282500000000002e+00,
    2.0755000000000001e+02, 0., -5.8936099999999998e+00,
    2.0760000000000002e+02, 0., -5.8273000000000001e+00,
    2.0765000000000001e+02, 0., -5.7554900000000000e+00,
    2.0770000000000002e+02, 0., -5.6988099999999999e+00,
    2.0775000000000000e+02, 0., -5.6305899999999998e+00,
    2.0780000000000001e+02, 0., -5.5847499999999997e+00,
    2.0785000000000002e+02, 0., -5.5306100000000002e+00,
    2.0790000000000001e+02, 0., -5.4890499999999998e+00,
    2.0795000000000002e+02, 0., -5.4378599999999997e+00, 208., 0.,
    -5.3830400000000003e+00, 2.0805000000000001e+02, 0.,
    -5.3270000000000000e+00, 2.0810000000000002e+02, 0.,
    -5.2587299999999999e+00, 2.0815000000000001e+02, 0.,
    -5.2062499999999998e+00, 2.0820000000000002e+02, 0.,
    -5.1437400000000002e+00, 2.0825000000000000e+02, 0.,
    -5.0953799999999996e+00, 2.0830000000000001e+02, 0.,
    -5.0419099999999997e+00, 2.0835000000000002e+02, 0.,
    -4.9879199999999999e+00, 2.0840000000000001e+02, 0.,
    -4.9375600000000004e+00, 2.0845000000000002e+02, 0.,
    -4.8697699999999999e+00, 2.0850000000000000e+02, 0.,
    -4.8098099999999997e+00, 2.0855000000000001e+02, 0.,
    -4.7436499999999997e+00, 2.0860000000000002e+02, 0.,
    -4.6954900000000004e+00, 2.0865000000000001e+02, 0.,
