%YAML:1.0
---
profile: [ 2.1280000000000001e+02, 0., -9.4346700000000006e+00,
    2.1285000000000002e+02, 0., -9.4050200000000004e+00,
    2.1290000000000001e+02, 0., -9.3718199999999996e+00,
    2.1295000000000002e+02, 0., -9.3281299999999998e+00, 213., 0.,
    -9.2920099999999994e+00, 2.1305000000000001e+02, 0.,
    -9.2276500000000006e+00, 2.1310000000000002e+02, 0.,
    -9.1563700000000008e+00, 2.1315000000000001e+02, 0.,
    -9.0926100000000005e+00, 2.1320000000000002e+02, 0.,
    -9.0146800000000002e+00, 2.1325000000000000e+02, 0.,
    -8.9545999999999992e+00, 2.1330000000000001e+02, 0.,
    -8.8751700000000007e+00, 2.1335000000000002e+02, 0.,
    -8.8093699999999995e+00, 2.1340000000000001e+02, 0.,
    -8.7383900000000008e+00, 2.1345000000000002e+02, 0.,
    -8.6726200000000002e+00, 2.1350000000000000e+02, 0.,
    -8.6274999999999995e+00, 2.1355000000000001e+02, 0.,
    -8.5681600000000007e+00, 2.1360000000000002e+02, 0.,
    -8.5172799999999995e+00, 2.1365000000000001e+02, 0.,
    -8.4591100000000008e+00, 2.1370000000000002e+02, 0.,
    -8.4154699999999991e+00, 2.1375000000000000e+02, 0.,
    -8.3410499999999992e+00, 2.1380000000000001e+02, 0.,
    -8.2632800000000000e+00, 2.1385000000000002e+02, 0.,
    -8.2062000000000008e+00, 2.1390000000000001e+02, 0.,
    -8.1405600000000007e+00, 2.1395000000000002e+02, 0.,
    -8.0949200000000001e+00, 214., 0., -8.0371799999999993e+00,
    2.1405000000000001e+02, 0., -7.9907000000000004e+00,
    2.1410000000000002e+02, 0., -7.9369600000000000e+00,
    2.1415000000000001e+02, 0., -7.8816499999999996e+00,
    2.1420000000000002e+02, 0., -7.8288900000000003e+00,
    2.1425000000000000e+02, 0., -7.7620600000000000e+00,
    2.1430000000000001e+02, 0., -7.7075800000000001e+00,
    2.1435000000000002e+02, 0., -7.6363000000000003e+00,
    2.1440000000000001e+02, 0., -7.5653400000000000e+00,
    2.1445000000000002e+02, 0., -7.5121000000000002e+00,
    2.1450000000000000e+02, 0., -7.4444299999999997e+00,
    2.1455000000000001e+02, 0., -7.3889899999999997e+00,
    2.1460000000000002e+02, 0., -7.3228600000000004e+00,
    2.1465000000000001e+02, 0., -7.2716599999999998e+00,
    2.1470000000000002e+02, 0., -7.2169299999999996e+00,
    2.1475000000000000e+02, 0., -7.1653799999999999e+00,
    2.1480000000000001e+02, 0., -7.1269799999999996e+00,
    2.1485000000000002e+02, 0., -7.0733100000000002e+00,
    2.1490000000000001e+02, 0., -7.0236299999999998e+00,
    2.1495000000000002e+02, 0., -6.9494899999999999e+00, 215., 0.,
    -6.8838100000000004e+00, 2.1505000000000001e+02, 0.,
    -6.7975300000000001e+00, 2.1510000000000002e+02, 0.,
    -6.7156500000000001e+00, 2.1515000000000001e+02, 0.,
    -6.6676099999999998e+00, 2.1520000000000002e+02, 0.,
    -6.6088100000000001e+00, 2.1525000000000000e+02, 0.,
    -6.5633699999999999e+00, 2.1530000000000001e+02, 0.,
    -6.5102300000000000e+00, 2.1535000000000002e+02, 0.,
    -6.4561000000000002e+00, 2.1540000000000001e+02, 0.,
    -6.4066599999999996e+00, 2.1545000000000002e+02, 0.,
    -6.3434799999999996e+00, 2.1550000000000000e+02, 0.,
    -6.2913600000000001e+00, 2.1555000000000001e+02, 0.,
    -6.2277500000000003e+00, 2.1560000000000002e+02, 0.,
    -6.1777100000000003e+00, 2.1565000000000001e+02, 0.,
    -6.1096100000000000e+00, 2.1570000000000002e+02, 0.,
    -6.0446799999999996e+00, 2.1575000000000000e+02, 0.,
    -5.9981600000000004e+00, 2.1580000000000001e+02, 0.,
    -5.9436600000000004e+00, 2.1585000000000002e+02, 0.,
    -5.9020599999999996e+00, 2.1590000000000001e+02, 0.,
    -5.8341000000000003e+00, 2.1595000000000002e+02, 0.,
    -5.7585199999999999e+00, 216., 0., -5.6864800000000004e+00,
    2.1605000000000001e+02, 0., -5.6064900000000000e+00,
    2.1610000000000002e+02, 0., -5.5546100000000003e+00,
    2.1615000000000001e+02, 0., -5.4887400000000000e+00,
    2.1620000000000002e+02, 0., -5.4355000000000002e+00,
    2.1625000000000000e+02, 0., -5.3756100000000000e+00,
    2.1630000000000001e+02, 0., -5.3147900000000003e+00,
    2.1635000000000002e+02, 0., -5.2629900000000003e+00,
    2.1640000000000001e+02, 0., -5.1941199999999998e+00,
    2.1645000000000002e+02, 0., -5.1368400000000003e+00,
    2.1650000000000000e+02, 0., -5.0645499999999997e+00,
    2.1655000000000001e+02, 0., -4.9948899999999998e+00,
    2.1660000000000002e+02, 0., -4.9480100000000000e+00,
    2.1665000000000001e+02, 0., -4.8919300000000003e+00,
    2.1670000000000002e+02, 0., -4.8502099999999997e+00,
    2.1675000000000000e+02, 0., -4.7908600000000003e+00,
    2.1680000000000001e+02, 0., -4.7286999999999999e+00,
    2.1685000000000002e+02, 0., -4.6757400000000002e+00,
    2.1690000000000001e+02, 0., -4.6047300000000000e+00,
    2.1695000000000002e+02, 0., -4.5421699999999996e+00, 217., 0.,
    -4.4665200000000000e+00, 2.1705000000000001e+02, 0.,
    -4.4074400000000002e+00, 2.1710000000000002e+02, 0.,
    -4.3463799999999999e+00, 2.1715000000000001e+02, 0.,
    -4.2890199999999998e+00, 2.1720000000000002e+02, 0.,
    -4.2437399999999998e+00, 2.1725000000000000e+02, 0.,
    -4.1886700000000001e+00, 2.1730000000000001e+02, 0.,
    -4.1455099999999998e+00, 2.1735000000000002e+02, 0.,
    -4.0805999999999996e+00, 2.1740000000000001e+02, 0.,
    -4.0188400000000000e+00, 2.1745000000000002e+02, 0.,
    -3.9764400000000002e+00, 2.1750000000000000e+02, 0.,
    -3.9099900000000001e+00, 2.1755000000000001e+02, 0.,
    -3.8497499999999998e+00, 2.1760000000000002e+02, 0.,
    -3.7663199999999999e+00, 2.1765000000000001e+02, 0.,
    -3.6847599999999998e+00, 2.1770000000000002e+02, 0.,
    -3.6322000000000001e+00, 2.1775000000000000e+02, 0.,
    -3.5662600000000002e+00, 2.1780000000000001e+02, 0.,
    -3.5132599999999998e+00, 2.1785000000000002e+02, 0.,
    -3.4625300000000001e+00, 2.1790000000000001e+02, 0.,
    -3.4139499999999998e+00, 2.1795000000000002e+02, 0.,
    -3.3696700000000002e+00, 218., 0., -3.3115800000000002e+00,
    2.1805000000000001e+02, 0., -3.2618200000000002e+00,
    2.1810000000000002e+02, 0., -3.1935400000000000e+00,
    2.1815000000000001e+02, 0., -3.1239400000000002e+00,
    2.1820000000000002e+02, 0., -3.0688599999999999e+00,
    2.1825000000000000e+02, 0., -2.9989800000000000e+00,
    2.1830000000000001e+02, 0., -2.9419000000000000e+00,
    2.1835000000000002e+02, 0., -2.8684500000000002e+00,
    2.1840000000000001e+02, 0., -2.7982900000000002e+00,
    2.1845000000000002e+02, 0., -2.7568899999999998e+00,
    2.1850000000000000e+02, 0., -2.7013500000000001e+00,
    2.1855000000000001e+02, 0., -2.6524700000000001e+00,
    2.1860000000000002e+02, 0., -2.5872700000000002e+00,
    2.1865000000000001e+02, 0., -2.5204300000000002e+00,
    2.1870000000000002e+02, 0., -2.4702299999999999e+00,
    2.1875000000000000e+02, 0., -2.4118800000000000e+00,
    2.1880000000000001e+02, 0., -2.3705599999999998e+00,
    2.1885000000000002e+02, 0., -2.3074800000000000e+00,
    2.1890000000000001e+02, 0., -2.2358500000000001e+00,
    2.1895000000000002e+02, 0., -2.1756099999999998e+00, 219., 0.,
    -2.1053400000000000e+00, 2.1905000000000001e+02, 0.,
    -2.0552999999999999e+00, 2.1910000000000002e+02, 0.,
    -1.9885500000000000e+00, 2.1915000000000001e+02, 0.,
    -1.9229499999999999e+00, 2.1920000000000002e+02, 0.,
    -1.8831100000000001e+00, 2.1925000000000000e+02, 0.,
    -1.8323900000000000e+00, 2.1930000000000001e+02, 0.,
    -1.7907100000000000e+00, 2.1935000000000002e+02, 0.,
    -1.7411600000000000e+00, 2.1940000000000001e+02, 0.,
    -1.6854800000000001e+00, 2.1945000000000002e+02, 0.,
    -1.6193599999999999e+00, 2.1950000000000000e+02, 0.,
    -1.5282700000000000e+00, 2.1955000000000001e+02, 0.,
    -1.4453499999999999e+00, 2.1960000000000002e+02, 0.,
    -1.3569100000000001e+00, 2.1965000000000001e+02, 0.,
    -1.2943100000000001e+00, 2.1970000000000002e+02, 0.,
    -1.2347999999999999e+00, 2.1975000000000000e+02, 0.,
    -1.1881400000000000e+00, 2.1980000000000001e+02, 0.,
    -1.1605799999999999e+00, 2.1985000000000002e+02, 0.,
