%YAML:1.0
---
profile: [ 1.6185000000000002e+02, 0., -1.2804300000000000e+00,
    1.6190000000000001e+02, 0., -1.2548299999999999e+00,
    1.6195000000000002e+02, 0., -1.2076899999999999e+00, 162., 0.,
    -1.1670100000000001e+00, 1.6205000000000001e+02, 0.,
    -1.1162700000000001e+00, 1.6210000000000002e+02, 0.,
    -1.0757500000000000e+00, 1.6215000000000001e+02, 0.,
    -1.0135000000000001e+00, 1.6220000000000002e+02, 0.,
    -9.6145999999999998e-01, 1.6225000000000000e+02, 0.,
    -9.2029000000000005e-01, 1.6230000000000001e+02, 0.,
    -8.8331000000000004e-01, 1.6235000000000002e+02, 0.,
    -8.4802999999999995e-01, 1.6240000000000001e+02, 0.,
    -8.0376000000000003e-01, 1.6245000000000002e+02, 0.,
    -7.6803999999999994e-01, 1.6250000000000000e+02, 0.,
    -7.1989999999999998e-01, 1.6255000000000001e+02, 0.,
    -6.7034000000000005e-01, 1.6260000000000002e+02, 0.,
    -6.0782000000000003e-01, 1.6265000000000001e+02, 0.,
    -5.5606000000000000e-01, 1.6270000000000002e+02, 0.,
    -4.9603000000000003e-01, 1.6275000000000000e+02, 0.,
    -4.6318999999999999e-01, 1.6280000000000001e+02, 0.,
    -4.1588000000000003e-01, 1.6285000000000002e+02, 0.,
    -3.5808000000000001e-01, 1.6290000000000001e+02, 0.,
    -3.0027999999999999e-01, 1.6295000000000002e+02, 0.,
    -2.4475000000000000e-01, 163., 0., -2.0374999999999999e-01,
    1.6305000000000001e+02, 0., -1.5184000000000000e-01,
    1.6310000000000002e+02, 0., -9.8769999999999997e-02,
    1.6315000000000001e+02, 0., -5.3050000000000000e-02,
    1.6320000000000002e+02, 0., -5.5999999999999995e-04,
    1.6325000000000000e+02, 0., 2.6280000000000001e-02,
    1.6330000000000001e+02, 0., 6.7570000000000005e-02,
    1.6335000000000002e+02, 0., 1.2512999999999999e-01,
    1.6340000000000001e+02, 0., 1.9469000000000000e-01,
    1.6345000000000002e+02, 0., 2.4268999999999999e-01,
    1.6350000000000000e+02, 0., 2.9069000000000000e-01,
    1.6355000000000001e+02, 0., 3.3889999999999998e-01,
    1.6360000000000002e+02, 0., 3.8484000000000002e-01,
    1.6365000000000001e+02, 0., 4.2387999999999998e-01,
    1.6370000000000002e+02, 0., 4.7053000000000000e-01,
    1.6375000000000000e+02, 0., 5.0065000000000004e-01,
    1.6380000000000001e+02, 0., 5.4396999999999995e-01,
    1.6385000000000002e+02, 0., 5.8536999999999995e-01,
    1.6390000000000001e+02, 0., 6.3453000000000004e-01,
    1.6395000000000002e+02, 0., 6.7073000000000005e-01, 164., 0.,
    7.2006999999999999e-01, 1.6405000000000001e+02, 0.,
    7.6434999999999997e-01, 1.6410000000000002e+02, 0.,
    8.2308999999999999e-01, 1.6415000000000001e+02, 0.,
    8.7400999999999995e-01, 1.6420000000000002e+02, 0.,
    9.3671000000000004e-01, 1.6425000000000000e+02, 0.,
    9.8567000000000005e-01, 1.6430000000000001e+02, 0.,
    1.0422400000000001e+00, 1.6435000000000002e+02, 0.,
    1.0818800000000000e+00, 1.6440000000000001e+02, 0.,
    1.1316600000000001e+00, 1.6445000000000002e+02, 0.,
    1.1717000000000000e+00, 1.6450000000000000e+02, 0.,
    1.2277400000000001e+00, 1.6455000000000001e+02, 0.,
    1.2796600000000000e+00, 1.6460000000000002e+02, 0.,
    1.3466400000000001e+00, 1.6465000000000001e+02, 0.,
    1.4067200000000000e+00, 1.6470000000000002e+02, 0.,
    1.4768399999999999e+00, 1.6475000000000000e+02, 0.,
    1.5167600000000001e+00, 1.6480000000000001e+02, 0.,
    1.5617200000000000e+00, 1.6485000000000002e+02, 0.,
    1.5815999999999999e+00, 1.6490000000000001e+02, 0.,
    1.6087400000000001e+00, 1.6495000000000002e+02, 0.,
    1.6331800000000001e+00, 165., 0., 1.6662699999999999e+00,
    1.6505000000000001e+02, 0., 1.6940700000000000e+00,
    1.6510000000000002e+02, 0., 1.7433900000000000e+00,
    1.6515000000000001e+02, 0., 1.7857099999999999e+00,
    1.6520000000000002e+02, 0., 1.8404000000000000e+00,
    1.6525000000000000e+02, 0., 1.8844399999999999e+00,
    1.6530000000000001e+02, 0., 1.9459700000000000e+00,
    1.6535000000000002e+02, 0., 1.9964500000000001e+00,
    1.6540000000000001e+02, 0., 2.0525199999999999e+00,
    1.6545000000000002e+02, 0., 2.0959200000000000e+00,
    1.6550000000000000e+02, 0., 2.1519599999999999e+00,
    1.6555000000000001e+02, 0., 2.1970800000000001e+00,
    1.6560000000000002e+02, 0., 2.2420300000000002e+00,
    1.6565000000000001e+02, 0., 2.2819699999999998e+00,
    1.6570000000000002e+02, 0., 2.3071299999999999e+00,
    1.6575000000000000e+02, 0., 2.3417500000000002e+00,
    1.6580000000000001e+02, 0., 2.3792700000000000e+00,
    1.6585000000000002e+02, 0., 2.4252699999999998e+00,
    1.6590000000000001e+02, 0., 2.4609500000000000e+00,
    1.6595000000000002e+02, 0., 2.5190100000000002e+00, 166., 0.,
    2.5815299999999999e+00, 1.6605000000000001e+02, 0.,
    2.6524200000000002e+00, 1.6610000000000002e+02, 0.,
    2.7002999999999999e+00, 1.6615000000000001e+02, 0.,
    2.7581600000000002e+00, 1.6620000000000002e+02, 0.,
    2.8019200000000000e+00, 1.6625000000000000e+02, 0.,
    2.8537300000000001e+00, 1.6630000000000001e+02, 0.,
    2.8916499999999998e+00, 1.6635000000000002e+02, 0.,
    2.9390900000000002e+00, 1.6640000000000001e+02, 0.,
    2.9769299999999999e+00, 1.6645000000000002e+02, 0.,
    3.0250699999999999e+00, 1.6650000000000000e+02, 0.,
    3.0644300000000002e+00, 1.6655000000000001e+02, 0.,
    3.1102200000000000e+00, 1.6660000000000002e+02, 0.,
    3.1449799999999999e+00, 1.6665000000000001e+02, 0.,
    3.1984499999999998e+00, 1.6670000000000002e+02, 0.,
    3.2432099999999999e+00, 1.6675000000000000e+02, 0.,
    3.2892800000000002e+00, 1.6680000000000001e+02, 0.,
    3.3241200000000002e+00, 1.6685000000000002e+02, 0.,
    3.3770199999999999e+00, 1.6690000000000001e+02, 0.,
    3.4211800000000001e+00, 1.6695000000000002e+02, 0.,
    3.4815600000000000e+00, 167., 0., 3.5308400000000000e+00,
    1.6705000000000001e+02, 0., 3.5823200000000002e+00,
    1.6710000000000002e+02, 0., 3.6313300000000002e+00,
    1.6715000000000001e+02, 0., 3.6706500000000002e+00,
    1.6720000000000002e+02, 0., 3.7181299999999999e+00,
    1.6725000000000000e+02, 0., 3.7506100000000000e+00,
    1.6730000000000001e+02, 0., 3.7912400000000002e+00,
    1.6735000000000002e+02, 0., 3.8237199999999998e+00,
    1.6740000000000001e+02, 0., 3.8667400000000001e+00,
    1.6745000000000002e+02, 0., 3.9039400000000000e+00,
    1.6750000000000000e+02, 0., 3.9568500000000002e+00,
    1.6755000000000001e+02, 0., 4.0025300000000001e+00,
    1.6760000000000002e+02, 0., 4.0566899999999997e+00,
    1.6765000000000001e+02, 0., 4.0984100000000003e+00,
    1.6770000000000002e+02, 0., 4.1487999999999996e+00,
    1.6775000000000000e+02, 0., 4.1880800000000002e+00,
    1.6780000000000001e+02, 0., 4.2409299999999996e+00,
    1.6785000000000002e+02, 0., 4.2852100000000002e+00,
    1.6790000000000001e+02, 0., 4.3395799999999998e+00,
    1.6795000000000002e+02, 0., 4.3828199999999997e+00, 168., 0.,
    4.4301500000000003e+00, 1.6805000000000001e+02, 0.,
    4.4665900000000001e+00, 1.6810000000000002e+02, 0.,
    4.5247299999999999e+00, 1.6815000000000001e+02, 0.,
    4.5737300000000003e+00, 1.6820000000000002e+02, 0.,
    4.6378199999999996e+00, 1.6825000000000000e+02, 0.,
    4.6896599999999999e+00, 1.6830000000000001e+02, 0.,
    4.7416499999999999e+00, 1.6835000000000002e+02, 0.,
    4.7884300000000000e+00, 1.6840000000000001e+02, 0.,
    4.8195100000000002e+00, 1.6845000000000002e+02, 0.,
    4.8613099999999996e+00, 1.6850000000000000e+02, 0.,
    4.8982299999999999e+00, 1.6855000000000001e+02, 0.,
    4.9495699999999996e+00, 1.6860000000000002e+02, 0.,
    4.9967300000000003e+00, 1.6865000000000001e+02, 0.,
    5.0540300000000000e+00, 1.6870000000000002e+02, 0.,
    5.0977899999999998e+00, 1.6875000000000000e+02, 0.,
    5.1533699999999998e+00, 1.6880000000000001e+02, 0.,
    5.1987300000000003e+00, 1.6885000000000002e+02, 0.,
    5.2550900000000000e+00, 1.6890000000000001e+02, 0.,
    5.2996499999999997e+00, 1.6895000000000002e+02, 0.,
    5.3452200000000003e+00, 169., 0., 5.3762600000000003e+00,
