%YAML:1.0
---
profile: [ 2.5730000000000001e+02, 0., -2.3370999999999999e+01,
    2.5735000000000002e+02, 0., -2.3361239999999999e+01,
    2.5740000000000003e+02, 0., -2.3353400000000001e+01,
    2.5744999999999999e+02, 0., -2.3349480000000000e+01,
    2.5750000000000000e+02, 0., -2.3345820000000000e+01,
    2.5755000000000001e+02, 0., -2.3352650000000001e+01,
    2.5760000000000002e+02, 0., -2.3370329999999999e+01,
    2.5765000000000003e+02, 0., -2.3369900000000001e+01,
    2.5769999999999999e+02, 0., -2.3357540000000000e+01,
    2.5775000000000000e+02, 0., -2.3355300000000000e+01,
    2.5780000000000001e+02, 0., -2.3325019999999999e+01,
    2.5785000000000002e+02, 0., -2.3263140000000000e+01,
    2.5790000000000003e+02, 0., -2.3182549999999999e+01,
    2.5794999999999999e+02, 0., -2.3100619999999999e+01, 258., 0.,
    -2.3034500000000001e+01, 2.5805000000000001e+02, 0.,
    -2.2982610000000001e+01, 2.5810000000000002e+02, 0.,
    -2.2939129999999999e+01, 2.5815000000000003e+02, 0.,
    -2.2906649999999999e+01, 2.5819999999999999e+02, 0.,
    -2.2860700000000001e+01, 2.5825000000000000e+02, 0.,
    -2.2811389999999999e+01, 2.5830000000000001e+02, 0.,
    -2.2772790000000001e+01, 2.5835000000000002e+02, 0.,
    -2.2725190000000001e+01, 2.5840000000000003e+02, 0.,
    -2.2687510000000000e+01, 2.5844999999999999e+02, 0.,
    -2.2642939999999999e+01, 2.5850000000000000e+02, 0.,
    -2.2601260000000000e+01, 2.5855000000000001e+02, 0.,
    -2.2570580000000000e+01, 2.5860000000000002e+02, 0.,
    -2.2525200000000002e+01, 2.5865000000000003e+02, 0.,
    -2.2476929999999999e+01, 2.5869999999999999e+02, 0.,
    -2.2437010000000001e+01, 2.5875000000000000e+02, 0.,
    -2.2378889999999998e+01, 2.5880000000000001e+02, 0.,
    -2.2315359999999998e+01, 2.5885000000000002e+02, 0.,
    -2.2264520000000001e+01, 2.5890000000000003e+02, 0.,
    -2.2212810000000001e+01, 2.5894999999999999e+02, 0.,
    -2.2168180000000000e+01, 259., 0., -2.2129700000000000e+01,
    2.5905000000000001e+02, 0., -2.2086279999999999e+01,
    2.5910000000000002e+02, 0., -2.2054079999999999e+01,
    2.5915000000000003e+02, 0., -2.2010159999999999e+01,
    2.5919999999999999e+02, 0., -2.1962700000000002e+01,
    2.5925000000000000e+02, 0., -2.1921620000000001e+01,
    2.5930000000000001e+02, 0., -2.1862359999999999e+01,
    2.5935000000000002e+02, 0., -2.1803319999999999e+01,
    2.5940000000000003e+02, 0., -2.1758800000000001e+01,
    2.5944999999999999e+02, 0., -2.1709440000000001e+01,
    2.5950000000000000e+02, 0., -2.1662299999999998e+01,
    2.5955000000000001e+02, 0., -2.1626539999999999e+01,
    2.5960000000000002e+02, 0., -2.1579260000000001e+01,
    2.5965000000000003e+02, 0., -2.1529350000000001e+01,
    2.5969999999999999e+02, 0., -2.1486670000000000e+01,
    2.5975000000000000e+02, 0., -2.1435269999999999e+01,
    2.5980000000000001e+02, 0., -2.1382780000000000e+01,
    2.5985000000000002e+02, 0., -2.1333179999999999e+01,
    2.5990000000000003e+02, 0., -2.1282090000000000e+01,
    2.5994999999999999e+02, 0., -2.1247090000000000e+01, 260., 0.,
    -2.1198290000000000e+01, 2.6005000000000001e+02, 0.,
    -2.1145250000000001e+01, 2.6010000000000002e+02, 0.,
    -2.1099209999999999e+01, 2.6015000000000003e+02, 0.,
    -2.1043360000000000e+01, 2.6019999999999999e+02, 0.,
    -2.0983590000000000e+01, 2.6025000000000000e+02, 0.,
    -2.0930589999999999e+01, 2.6030000000000001e+02, 0.,
    -2.0877420000000001e+01, 2.6035000000000002e+02, 0.,
    -2.0832680000000000e+01, 2.6040000000000003e+02, 0.,
    -2.0803080000000001e+01, 2.6044999999999999e+02, 0.,
    -2.0762899999999998e+01, 2.6050000000000000e+02, 0.,
    -2.0721460000000000e+01, 2.6055000000000001e+02, 0.,
    -2.0691140000000001e+01, 2.6060000000000002e+02, 0.,
    -2.0648029999999999e+01, 2.6065000000000003e+02, 0.,
    -2.0598640000000000e+01, 2.6069999999999999e+02, 0.,
    -2.0550080000000001e+01, 2.6075000000000000e+02, 0.,
    -2.0486860000000000e+01, 2.6080000000000001e+02, 0.,
    -2.0424320000000002e+01, 2.6085000000000002e+02, 0.,
    -2.0381959999999999e+01, 2.6090000000000003e+02, 0.,
    -2.0334009999999999e+01, 2.6094999999999999e+02, 0.,
    -2.0298369999999998e+01, 261., 0., -2.0258340000000000e+01,
    2.6105000000000001e+02, 0., -2.0217269999999999e+01,
    2.6110000000000002e+02, 0., -2.0181830000000001e+01,
    2.6115000000000003e+02, 0., -2.0125340000000001e+01,
    2.6119999999999999e+02, 0., -2.0064959999999999e+01,
    2.6125000000000000e+02, 0., -2.0015720000000002e+01,
    2.6130000000000001e+02, 0., -1.9960110000000000e+01,
    2.6135000000000002e+02, 0., -1.9911269999999998e+01,
    2.6140000000000003e+02, 0., -1.9878470000000000e+01,
    2.6144999999999999e+02, 0., -1.9843869999999999e+01,
    2.6150000000000000e+02, 0., -1.9807770000000001e+01,
    2.6155000000000001e+02, 0., -1.9768969999999999e+01,
    2.6160000000000002e+02, 0., -1.9718599999999999e+01,
    2.6165000000000003e+02, 0., -1.9666110000000000e+01,
    2.6169999999999999e+02, 0., -1.9621430000000000e+01,
    2.6175000000000000e+02, 0., -1.9565510000000000e+01,
    2.6180000000000001e+02, 0., -1.9511089999999999e+01,
    2.6185000000000002e+02, 0., -1.9472490000000001e+01,
    2.6190000000000003e+02, 0., -1.9421569999999999e+01,
    2.6194999999999999e+02, 0., -1.9372330000000002e+01, 262., 0.,
    -1.9344049999999999e+01, 2.6205000000000001e+02, 0.,
    -1.9311900000000001e+01, 2.6210000000000002e+02, 0.,
    -1.9287900000000000e+01, 2.6215000000000003e+02, 0.,
    -1.9244070000000001e+01, 2.6219999999999999e+02, 0.,
    -1.9189440000000001e+01, 2.6225000000000000e+02, 0.,
    -1.9136880000000001e+01, 2.6230000000000001e+02, 0.,
    -1.9069559999999999e+01, 2.6235000000000002e+02, 0.,
    -1.9006530000000001e+01, 2.6240000000000003e+02, 0.,
    -1.8961729999999999e+01, 2.6244999999999999e+02, 0.,
    -1.8913580000000000e+01, 2.6250000000000000e+02, 0.,
    -1.8867010000000001e+01, 2.6255000000000001e+02, 0.,
    -1.8829249999999998e+01, 2.6260000000000002e+02, 0.,
    -1.8780249999999999e+01, 2.6265000000000003e+02, 0.,
    -1.8729550000000000e+01, 2.6269999999999999e+02, 0.,
    -1.8687550000000002e+01, 2.6275000000000000e+02, 0.,
    -1.8628930000000000e+01, 2.6280000000000001e+02, 0.,
    -1.8571420000000000e+01, 2.6285000000000002e+02, 0.,
    -1.8528580000000002e+01, 2.6290000000000003e+02, 0.,
    -1.8476739999999999e+01, 2.6294999999999999e+02, 0.,
    -1.8424040000000002e+01, 263., 0., -1.8380320000000001e+01,
    2.6305000000000001e+02, 0., -1.8337140000000002e+01,
    2.6310000000000002e+02, 0., -1.8294250000000002e+01,
    2.6315000000000003e+02, 0., -1.8251490000000000e+01,
    2.6319999999999999e+02, 0., -1.8193480000000001e+01,
    2.6325000000000000e+02, 0., -1.8132909999999999e+01,
    2.6330000000000001e+02, 0., -1.8085909999999998e+01,
    2.6335000000000002e+02, 0., -1.8028420000000001e+01,
    2.6340000000000003e+02, 0., -1.7974720000000001e+01,
    2.6344999999999999e+02, 0., -1.7941440000000000e+01,
    2.6350000000000000e+02, 0., -1.7901100000000000e+01,
    2.6355000000000001e+02, 0., -1.7859890000000000e+01,
    2.6360000000000002e+02, 0., -1.7821410000000000e+01,
    2.6365000000000003e+02, 0., -1.7770820000000001e+01,
    2.6369999999999999e+02, 0., -1.7716419999999999e+01,
    2.6375000000000000e+02, 0., -1.7666020000000000e+01,
    2.6380000000000001e+02, 0., -1.7610140000000001e+01,
    2.6385000000000002e+02, 0., -1.7560330000000000e+01,
    2.6390000000000003e+02, 0., -1.7524609999999999e+01,
    2.6394999999999999e+02, 0., -1.7480470000000000e+01, 264., 0.,
    -1.7436330000000002e+01, 2.6405000000000001e+02, 0.,
    -1.7399809999999999e+01, 2.6410000000000002e+02, 0.,
    -1.7356670000000001e+01, 2.6415000000000003e+02, 0.,
    -1.7314150000000001e+01, 2.6419999999999999e+02, 0.,
    -1.7276630000000001e+01, 2.6425000000000000e+02, 0.,
    -1.7229189999999999e+01, 2.6430000000000001e+02, 0.,
    -1.7178690000000000e+01, 2.6435000000000002e+02, 0.,
