%YAML:1.0
---
profile: [ 2.7994999999999999e+02, 0., -1.6535029999999999e+01, 280., 0.,
    -1.6384699999999999e+01, 2.8005000000000001e+02, 0.,
    -1.6280790000000000e+01, 2.8010000000000002e+02, 0.,
    -1.6215140000000002e+01, 2.8015000000000003e+02, 0.,
    -1.6173700000000000e+01, 2.8019999999999999e+02, 0.,
    -1.6116830000000000e+01, 2.8025000000000000e+02, 0.,
    -1.6055610000000001e+01, 2.8030000000000001e+02, 0.,
    -1.6003370000000000e+01, 2.8035000000000002e+02, 0.,
    -1.5948980000000001e+01, 2.8040000000000003e+02, 0.,
    -1.5902310000000000e+01, 2.8044999999999999e+02, 0.,
    -1.5871070000000000e+01, 2.8050000000000000e+02, 0.,
    -1.5830340000000000e+01, 2.8055000000000001e+02, 0.,
    -1.5781070000000000e+01, 2.8060000000000002e+02, 0.,
    -1.5722400000000000e+01, 2.8065000000000003e+02, 0.,
    -1.5684480000000001e+01, 2.8069999999999999e+02, 0.,
    -1.5640850000000000e+01, 2.8075000000000000e+02, 0.,
    -1.5598690000000000e+01, 2.8080000000000001e+02, 0.,
    -1.5561650000000000e+01, 2.8085000000000002e+02, 0.,
    -1.5511419999999999e+01, 2.8090000000000003e+02, 0.,
    -1.5459930000000000e+01, 2.8094999999999999e+02, 0.,
    -1.5420370000000000e+01, 281., 0., -1.5363329999999999e+01,
    2.8105000000000001e+02, 0., -1.5304930000000001e+01,
    2.8110000000000002e+02, 0., -1.5249520000000000e+01,
    2.8115000000000003e+02, 0., -1.5212520000000000e+01,
    2.8119999999999999e+02, 0., -1.5170019999999999e+01,
    2.8125000000000000e+02, 0., -1.5128790000000000e+01,
    2.8130000000000001e+02, 0., -1.5091790000000000e+01,
    2.8135000000000002e+02, 0., -1.5032100000000000e+01,
    2.8140000000000003e+02, 0., -1.4971610000000000e+01,
    2.8144999999999999e+02, 0., -1.4933009999999999e+01,
    2.8150000000000000e+02, 0., -1.4892260000000000e+01,
    2.8155000000000001e+02, 0., -1.4853380000000000e+01,
    2.8160000000000002e+02, 0., -1.4822260000000000e+01,
    2.8165000000000003e+02, 0., -1.4776750000000000e+01,
    2.8169999999999999e+02, 0., -1.4722479999999999e+01,
    2.8175000000000000e+02, 0., -1.4658849999999999e+01,
    2.8180000000000001e+02, 0., -1.4611810000000000e+01,
    2.8185000000000002e+02, 0., -1.4555289999999999e+01,
    2.8190000000000003e+02, 0., -1.4505950000000000e+01,
    2.8194999999999999e+02, 0., -1.4473269999999999e+01, 282., 0.,
    -1.4425660000000001e+01, 2.8205000000000001e+02, 0.,
    -1.4379770000000001e+01, 2.8210000000000002e+02, 0.,
    -1.4347170000000000e+01, 2.8215000000000003e+02, 0.,
    -1.4307200000000000e+01, 2.8219999999999999e+02, 0.,
    -1.4261320000000000e+01, 2.8225000000000000e+02, 0.,
    -1.4207260000000000e+01, 2.8230000000000001e+02, 0.,
    -1.4167140000000000e+01, 2.8235000000000002e+02, 0.,
    -1.4106870000000001e+01, 2.8240000000000003e+02, 0.,
    -1.4044870000000000e+01, 2.8244999999999999e+02, 0.,
    -1.4001310000000000e+01, 2.8250000000000000e+02, 0.,
    -1.3954490000000000e+01, 2.8255000000000001e+02, 0.,
    -1.3903070000000000e+01, 2.8260000000000002e+02, 0.,
    -1.3844139999999999e+01, 2.8265000000000003e+02, 0.,
    -1.3804060000000000e+01, 2.8269999999999999e+02, 0.,
    -1.3755800000000001e+01, 2.8275000000000000e+02, 0.,
    -1.3707179999999999e+01, 2.8280000000000001e+02, 0.,
    -1.3663180000000001e+01, 2.8285000000000002e+02, 0.,
    -1.3618729999999999e+01, 2.8290000000000003e+02, 0.,
    -1.3574030000000000e+01, 2.8294999999999999e+02, 0.,
    -1.3534789999999999e+01, 283., 0., -1.3478009999999999e+01,
    2.8305000000000001e+02, 0., -1.3426909999999999e+01,
    2.8310000000000002e+02, 0., -1.3380929999999999e+01,
    2.8315000000000003e+02, 0., -1.3344170000000000e+01,
    2.8319999999999999e+02, 0., -1.3297510000000001e+01,
    2.8325000000000000e+02, 0., -1.3250320000000000e+01,
    2.8330000000000001e+02, 0., -1.3212400000000001e+01,
    2.8335000000000002e+02, 0., -1.3166290000000000e+01,
    2.8340000000000003e+02, 0., -1.3120050000000001e+01,
    2.8344999999999999e+02, 0., -1.3082530000000000e+01,
    2.8350000000000000e+02, 0., -1.3034390000000000e+01,
    2.8355000000000001e+02, 0., -1.2990090000000000e+01,
    2.8360000000000002e+02, 0., -1.2947880000000000e+01,
    2.8365000000000003e+02, 0., -1.2912039999999999e+01,
    2.8369999999999999e+02, 0., -1.2860730000000000e+01,
    2.8375000000000000e+02, 0., -1.2807790000000001e+01,
    2.8380000000000001e+02, 0., -1.2768789999999999e+01,
    2.8385000000000002e+02, 0., -1.2719870000000000e+01,
    2.8390000000000003e+02, 0., -1.2670170000000001e+01,
    2.8394999999999999e+02, 0., -1.2617860000000000e+01, 284., 0.,
    -1.2571300000000001e+01, 2.8405000000000001e+02, 0.,
    -1.2511749999999999e+01, 2.8410000000000002e+02, 0.,
    -1.2455200000000000e+01, 2.8415000000000003e+02, 0.,
    -1.2414640000000000e+01, 2.8419999999999999e+02, 0.,
    -1.2364620000000000e+01, 2.8425000000000000e+02, 0.,
    -1.2316390000000000e+01, 2.8430000000000001e+02, 0.,
    -1.2271820000000000e+01, 2.8435000000000002e+02, 0.,
    -1.2240380000000000e+01, 2.8440000000000003e+02, 0.,
    -1.2196719999999999e+01, 2.8444999999999999e+02, 0.,
    -1.2147430000000000e+01, 2.8450000000000000e+02, 0.,
    -1.2099230000000000e+01, 2.8455000000000001e+02, 0.,
    -1.2041790000000001e+01, 2.8460000000000002e+02, 0.,
    -1.1981730000000001e+01, 2.8465000000000003e+02, 0.,
    -1.1920800000000000e+01, 2.8469999999999999e+02, 0.,
    -1.1885280000000000e+01, 2.8475000000000000e+02, 0.,
    -1.1838500000000000e+01, 2.8480000000000001e+02, 0.,
    -1.1790400000000000e+01, 2.8485000000000002e+02, 0.,
    -1.1752840000000001e+01, 2.8490000000000003e+02, 0.,
    -1.1708729999999999e+01, 2.8494999999999999e+02, 0.,
    -1.1657280000000000e+01, 285., 0., -1.1596109999999999e+01,
    2.8505000000000001e+02, 0., -1.1554869999999999e+01,
    2.8510000000000002e+02, 0., -1.1503299999999999e+01,
    2.8515000000000003e+02, 0., -1.1450559999999999e+01,
    2.8519999999999999e+02, 0., -1.1404560000000000e+01,
    2.8525000000000000e+02, 0., -1.1362520000000000e+01,
    2.8530000000000001e+02, 0., -1.1318440000000001e+01,
    2.8535000000000002e+02, 0., -1.1266700000000000e+01,
    2.8540000000000003e+02, 0., -1.1229020000000000e+01,
    2.8544999999999999e+02, 0., -1.1185430000000000e+01,
    2.8550000000000000e+02, 0., -1.1141930000000000e+01,
    2.8555000000000001e+02, 0., -1.1099850000000000e+01,
    2.8560000000000002e+02, 0., -1.1054740000000001e+01,
    2.8565000000000003e+02, 0., -1.1011110000000000e+01,
    2.8569999999999999e+02, 0., -1.0975750000000000e+01,
    2.8575000000000000e+02, 0., -1.0916090000000001e+01,
    2.8580000000000001e+02, 0., -1.0859900000000000e+01,
    2.8585000000000002e+02, 0., -1.0808280000000000e+01,
    2.8590000000000003e+02, 0., -1.0766120000000001e+01,
    2.8594999999999999e+02, 0., -1.0721100000000000e+01, 286., 0.,
    -1.0674680000000000e+01, 2.8605000000000001e+02, 0.,
    -1.0625159999999999e+01, 2.8610000000000002e+02, 0.,
    -1.0591600000000000e+01, 2.8615000000000003e+02, 0.,
    -1.0547090000000001e+01, 2.8619999999999999e+02, 0.,
    -1.0500090000000000e+01, 2.8625000000000000e+02, 0.,
    -1.0460010000000000e+01, 2.8630000000000001e+02, 0.,
    -1.0412350000000000e+01, 2.8635000000000002e+02, 0.,
    -1.0358720000000000e+01, 2.8640000000000003e+02, 0.,
    -1.0298510000000000e+01, 2.8644999999999999e+02, 0.,
    -1.0260910000000001e+01, 2.8650000000000000e+02, 0.,
    -1.0209880000000000e+01, 2.8655000000000001e+02, 0.,
    -1.0159140000000001e+01, 2.8660000000000002e+02, 0.,
    -1.0122100000000000e+01, 2.8665000000000003e+02, 0.,
    -1.0075220000000000e+01, 2.8669999999999999e+02, 0.,
    -1.0024910000000000e+01, 2.8675000000000000e+02, 0.,
    -9.9721499999999992e+00, 2.8680000000000001e+02, 0.,
    -9.9378299999999999e+00, 2.8685000000000002e+02, 0.,
    -9.8934400000000000e+00, 2.8690000000000003e+02, 0.,
    -9.8486700000000003e+00, 2.8694999999999999e+02, 0.,
    -9.8135499999999993e+00, 287., 0., -9.7695200000000000e+00,
