%YAML:1.0
---
profile: [ 2.2575000000000000e+02, 0., -9.9701500000000003e+00,
    2.2580000000000001e+02, 0., -9.8854699999999998e+00,
    2.2585000000000002e+02, 0., -9.7649699999999999e+00,
    2.2590000000000001e+02, 0., -9.6510499999999997e+00,
    2.2595000000000002e+02, 0., -9.5300600000000006e+00, 226., 0.,
    -9.4447799999999997e+00, 2.2605000000000001e+02, 0.,
    -9.3737600000000008e+00, 2.2610000000000002e+02, 0.,
    -9.3138000000000005e+00, 2.2615000000000001e+02, 0.,
    -9.2726000000000006e+00, 2.2620000000000002e+02, 0.,
    -9.2238900000000008e+00, 2.2625000000000000e+02, 0.,
    -9.1882900000000003e+00, 2.2630000000000001e+02, 0.,
    -9.1440199999999994e+00, 2.2635000000000002e+02, 0.,
    -1.3831239999999999e+01, 2.2640000000000001e+02, 0.,
    -2.3264740000000000e+01, 2.2645000000000002e+02, 0.,
    -2.3249140000000001e+01, 2.2650000000000000e+02, 0.,
    -2.3225670000000001e+01, 2.2655000000000001e+02, 0.,
    -2.3227100000000000e+01, 2.2660000000000002e+02, 0.,
    -2.3259340000000002e+01, 2.2665000000000001e+02, 0.,
    -2.3077220000000001e+01, 2.2670000000000002e+02, 0.,
    -2.2812899999999999e+01, 2.2675000000000000e+02, 0.,
    -2.2452050000000000e+01, 2.2680000000000001e+02, 0.,
    -2.2147169999999999e+01, 2.2685000000000002e+02, 0.,
    -2.1882819999999999e+01, 2.2690000000000001e+02, 0.,
    -2.1811620000000001e+01, 2.2695000000000002e+02, 0.,
    -2.1738710000000001e+01, 227., 0., -2.1688990000000000e+01,
    2.2705000000000001e+02, 0., -2.1619980000000002e+01,
    2.2710000000000002e+02, 0., -2.1550989999999999e+01,
    2.2715000000000001e+02, 0., -2.1501349999999999e+01,
    2.2720000000000002e+02, 0., -2.1446619999999999e+01,
    2.2725000000000000e+02, 0., -2.1411740000000002e+01,
    2.2730000000000001e+02, 0., -2.1402920000000002e+01,
    2.2735000000000002e+02, 0., -2.1390609999999999e+01,
    2.2740000000000001e+02, 0., -2.1341690000000000e+01,
    2.2745000000000002e+02, 0., -2.1268380000000001e+01,
    2.2750000000000000e+02, 0., -2.1195180000000001e+01,
    2.2755000000000001e+02, 0., -2.1200199999999999e+01,
    2.2760000000000002e+02, 0., -2.1262689999999999e+01,
    2.2765000000000001e+02, 0., -2.1290410000000001e+01,
    2.2770000000000002e+02, 0., -2.1314029999999999e+01,
    2.2775000000000000e+02, 0., -2.1326950000000000e+01,
    2.2780000000000001e+02, 0., -2.1371020000000001e+01,
    2.2785000000000002e+02, 0., -2.1422490000000000e+01,
    2.2790000000000001e+02, 0., -2.1464210000000001e+01,
    2.2855000000000001e+02, 0., -7.0221200000000001e+00,
    2.2860000000000002e+02, 0., -6.9780800000000003e+00,
    2.2865000000000001e+02, 0., -6.9201100000000002e+00,
    2.2870000000000002e+02, 0., -6.8621400000000001e+00,
    2.2875000000000000e+02, 0., -6.8181399999999996e+00,
    2.2880000000000001e+02, 0., -6.7693199999999996e+00,
    2.2885000000000002e+02, 0., -6.7336000000000000e+00,
    2.2890000000000001e+02, 0., -6.6878799999999998e+00,
    2.2895000000000002e+02, 0., -6.6428099999999999e+00, 229., 0.,
    -6.6078900000000003e+00, 2.2905000000000001e+02, 0.,
    -6.5533099999999997e+00, 2.2910000000000002e+02, 0.,
    -6.4952600000000000e+00, 2.2915000000000001e+02, 0.,
    -6.4610599999999998e+00, 2.2920000000000002e+02, 0.,
    -6.4143100000000004e+00, 2.2925000000000000e+02, 0.,
    -6.3721100000000002e+00, 2.2930000000000001e+02, 0.,
    -6.3232600000000003e+00, 2.2935000000000002e+02, 0.,
    -6.2770999999999999e+00, 2.2940000000000001e+02, 0.,
    -6.2422599999999999e+00, 2.2945000000000002e+02, 0.,
    -6.1866399999999997e+00, 2.2950000000000000e+02, 0.,
    -6.1261500000000000e+00, 2.2955000000000001e+02, 0.,
    -6.0878699999999997e+00, 2.2960000000000002e+02, 0.,
    -6.0341199999999997e+00, 2.2965000000000001e+02, 0.,
    -5.9841199999999999e+00, 2.2970000000000002e+02, 0.,
    -5.9318400000000002e+00, 2.2975000000000000e+02, 0.,
    -5.8815299999999997e+00, 2.2980000000000001e+02, 0.,
    -5.8405699999999996e+00, 2.2985000000000002e+02, 0.,
    -5.7903200000000004e+00, 2.2990000000000001e+02, 0.,
    -5.7419200000000004e+00, 2.2995000000000002e+02, 0.,
    -5.7072000000000003e+00, 230., 0., -5.6558000000000002e+00,
    2.3005000000000001e+02, 0., -5.6050800000000001e+00,
    2.3010000000000002e+02, 0., -5.5528300000000002e+00,
    2.3015000000000001e+02, 0., -5.4996000000000000e+00,
    2.3020000000000002e+02, 0., -5.4449600000000000e+00,
    2.3025000000000000e+02, 0., -5.3849200000000002e+00,
    2.3030000000000001e+02, 0., -5.3330399999999996e+00,
    2.3035000000000002e+02, 0., -5.2998000000000003e+00,
    2.3040000000000001e+02, 0., -5.2590100000000000e+00,
    2.3045000000000002e+02, 0., -5.2273699999999996e+00,
    2.3050000000000000e+02, 0., -5.1830600000000002e+00,
    2.3055000000000001e+02, 0., -5.1350300000000004e+00,
    2.3060000000000002e+02, 0., -5.0935899999999998e+00,
    2.3065000000000001e+02, 0., -5.0426700000000002e+00,
    2.3070000000000002e+02, 0., -4.9935799999999997e+00,
    2.3075000000000000e+02, 0., -4.9584200000000003e+00,
    2.3080000000000001e+02, 0., -4.9143100000000004e+00,
    2.3085000000000002e+02, 0., -4.8788299999999998e+00,
    2.3090000000000001e+02, 0., -4.8297200000000000e+00,
    2.3095000000000002e+02, 0., -4.7761300000000002e+00, 231., 0.,
    -4.7293300000000000e+00, 2.3105000000000001e+02, 0.,
    -4.6745900000000002e+00, 2.3110000000000002e+02, 0.,
    -4.6196299999999999e+00, 2.3115000000000001e+02, 0.,
    -4.5669500000000003e+00, 2.3120000000000002e+02, 0.,
    -4.5121099999999998e+00, 2.3125000000000000e+02, 0.,
    -4.4741900000000001e+00, 2.3130000000000001e+02, 0.,
    -4.4159400000000000e+00, 2.3135000000000002e+02, 0.,
    -4.3569599999999999e+00, 2.3140000000000001e+02, 0.,
    -4.3121600000000004e+00, 2.3145000000000002e+02, 0.,
    -4.2590300000000001e+00, 2.3150000000000000e+02, 0.,
    -4.2079100000000000e+00, 2.3155000000000001e+02, 0.,
    -4.1710700000000003e+00, 2.3160000000000002e+02, 0.,
    -4.1291300000000000e+00, 2.3165000000000001e+02, 0.,
    -4.0899200000000002e+00, 2.3170000000000002e+02, 0.,
    -4.0584400000000000e+00, 2.3175000000000000e+02, 0.,
    -4.0125000000000002e+00, 2.3180000000000001e+02, 0.,
    -3.9679000000000002e+00, 2.3185000000000002e+02, 0.,
    -3.9067699999999999e+00, 2.3190000000000001e+02, 0.,
    -3.8462600000000000e+00, 2.3195000000000002e+02, 0.,
    -3.8041000000000000e+00, 232., 0., -3.7537300000000000e+00,
    2.3205000000000001e+02, 0., -3.7065000000000001e+00,
    2.3210000000000002e+02, 0., -3.6737799999999998e+00,
    2.3215000000000001e+02, 0., -3.6333600000000001e+00,
    2.3220000000000002e+02, 0., -3.6013199999999999e+00,
    2.3225000000000000e+02, 0., -3.5502899999999999e+00,
    2.3230000000000001e+02, 0., -3.5001300000000000e+00,
    2.3235000000000002e+02, 0., -3.4642499999999998e+00,
    2.3240000000000001e+02, 0., -3.4259400000000002e+00,
    2.3245000000000002e+02, 0., -3.3844400000000001e+00,
    2.3250000000000000e+02, 0., -3.3359999999999999e+00,
    2.3255000000000001e+02, 0., -3.2790499999999998e+00,
    2.3260000000000002e+02, 0., -3.2257899999999999e+00,
    2.3265000000000001e+02, 0., -3.1875499999999999e+00,
    2.3270000000000002e+02, 0., -3.1386099999999999e+00,
    2.3275000000000000e+02, 0., -3.0981299999999998e+00,
    2.3280000000000001e+02, 0., -3.0481900000000000e+00,
    2.3285000000000002e+02, 0., -2.9973500000000000e+00,
    2.3290000000000001e+02, 0., -2.9553500000000001e+00,
    2.3295000000000002e+02, 0., -2.9094400000000000e+00, 233., 0.,
    -2.8627400000000001e+00, 2.3305000000000001e+02, 0.,
    -2.8176199999999998e+00, 2.3310000000000002e+02, 0.,
    -2.7588800000000000e+00, 2.3315000000000001e+02, 0.,
    -2.6981199999999999e+00, 2.3320000000000002e+02, 0.,
    -2.6478000000000002e+00, 2.3325000000000000e+02, 0.,
    -2.5871700000000000e+00, 2.3330000000000001e+02, 0.,
    -2.5414099999999999e+00, 2.3335000000000002e+02, 0.,
    -2.4904000000000002e+00, 2.3340000000000001e+02, 0.,
