%YAML:1.0
---
profile: [ 2.0540000000000001e+02, 0., -1.9273180000000000e+01,
    2.0545000000000002e+02, 0., -1.9273940000000000e+01,
    2.0550000000000000e+02, 0., -1.9275900000000000e+01,
    2.0555000000000001e+02, 0., -1.9280690000000000e+01,
    2.0560000000000002e+02, 0., -1.9287569999999999e+01,
    2.0565000000000001e+02, 0., -1.9293099999999999e+01,
    2.0570000000000002e+02, 0., -1.9297799999999999e+01,
    2.0575000000000000e+02, 0., -1.9301279999999998e+01,
    2.0580000000000001e+02, 0., -1.9304800000000000e+01,
    2.0585000000000002e+02, 0., -1.9307079999999999e+01,
    2.0590000000000001e+02, 0., -1.9308570000000000e+01,
    2.0595000000000002e+02, 0., -1.9310089999999999e+01, 206., 0.,
    -1.9311610000000002e+01, 2.0605000000000001e+02, 0.,
    -1.9316960000000002e+01, 2.0610000000000002e+02, 0.,
    -1.9324770000000001e+01, 2.0615000000000001e+02, 0.,
    -1.9331689999999998e+01, 2.0620000000000002e+02, 0.,
    -1.9340309999999999e+01, 2.0625000000000000e+02, 0.,
    -1.9347110000000001e+01, 2.0630000000000001e+02, 0.,
    -1.9354050000000001e+01, 2.0635000000000002e+02, 0.,
    -1.9363109999999999e+01, 2.0640000000000001e+02, 0.,
    -1.9373429999999999e+01, 2.0645000000000002e+02, 0.,
    -1.9379840000000002e+01, 2.0650000000000000e+02, 0.,
    -1.9384250000000002e+01, 2.0655000000000001e+02, 0.,
    -1.9386849999999999e+01, 2.0660000000000002e+02, 0.,
    -1.9389869999999998e+01, 2.0665000000000001e+02, 0.,
    -1.9392109999999999e+01, 2.0670000000000002e+02, 0.,
    -1.9393529999999998e+01, 2.0675000000000000e+02, 0.,
    -1.9395060000000001e+01, 2.0680000000000001e+02, 0.,
    -1.9396740000000001e+01, 2.0685000000000002e+02, 0.,
    -1.9399450000000002e+01, 2.0690000000000001e+02, 0.,
    -1.9402590000000000e+01, 2.0695000000000002e+02, 0.,
    -1.9406030000000001e+01, 207., 0., -1.9410060000000001e+01,
    2.0705000000000001e+02, 0., -1.9413060000000002e+01,
    2.0710000000000002e+02, 0., -1.9416429999999998e+01,
    2.0715000000000001e+02, 0., -1.9419570000000000e+01,
    2.0720000000000002e+02, 0., -1.9421810000000001e+01,
    2.0725000000000000e+02, 0., -1.9424240000000001e+01,
    2.0730000000000001e+02, 0., -1.9427070000000001e+01,
    2.0735000000000002e+02, 0., -1.9431349999999998e+01,
    2.0740000000000001e+02, 0., -1.9437449999999998e+01,
    2.0745000000000002e+02, 0., -1.9442689999999999e+01,
    2.0750000000000000e+02, 0., -1.9449130000000000e+01,
    2.0755000000000001e+02, 0., -1.9454090000000001e+01,
    2.0760000000000002e+02, 0., -1.9456289999999999e+01,
    2.0765000000000001e+02, 0., -1.9457989999999999e+01,
    2.0770000000000002e+02, 0., -1.9458739999999999e+01,
    2.0775000000000000e+02, 0., -1.9458700000000000e+01,
    2.0780000000000001e+02, 0., -1.9459879999999998e+01,
    2.0785000000000002e+02, 0., -1.9462360000000000e+01,
    2.0790000000000001e+02, 0., -1.9468080000000000e+01,
    2.0795000000000002e+02, 0., -1.9473800000000001e+01, 208., 0.,
    -1.9477480000000000e+01, 2.0805000000000001e+02, 0.,
    -1.9483820000000001e+01, 2.0810000000000002e+02, 0.,
    -1.9490900000000000e+01, 2.0815000000000001e+02, 0.,
    -1.9495380000000001e+01, 2.0820000000000002e+02, 0.,
    -1.9502170000000000e+01, 2.0825000000000000e+02, 0.,
    -1.9509010000000000e+01, 2.0830000000000001e+02, 0.,
    -1.9516719999999999e+01, 2.0835000000000002e+02, 0.,
    -1.9524239999999999e+01, 2.0840000000000001e+02, 0.,
    -1.9530239999999999e+01, 2.0845000000000002e+02, 0.,
    -1.9535830000000001e+01, 2.0850000000000000e+02, 0.,
    -1.9541020000000000e+01, 2.0855000000000001e+02, 0.,
    -1.9548020000000001e+01, 2.0860000000000002e+02, 0.,
    -1.9555520000000001e+01, 2.0865000000000001e+02, 0.,
    -1.9560800000000000e+01, 2.0870000000000002e+02, 0.,
    -1.9571660000000001e+01, 2.0875000000000000e+02, 0.,
    -1.9580670000000001e+01, 2.0880000000000001e+02, 0.,
    -1.9584470000000000e+01, 2.0885000000000002e+02, 0.,
    -1.9587060000000001e+01, 2.0890000000000001e+02, 0.,
    -1.9587389999999999e+01, 2.0895000000000002e+02, 0.,
    -1.9585190000000001e+01, 209., 0., -1.9582190000000001e+01,
    2.0905000000000001e+02, 0., -1.9579630000000002e+01,
    2.0910000000000002e+02, 0., -1.9578270000000000e+01,
    2.0915000000000001e+02, 0., -1.9577750000000002e+01,
    2.0920000000000002e+02, 0., -1.9578630000000000e+01,
    2.0925000000000000e+02, 0., -1.9581029999999998e+01,
    2.0930000000000001e+02, 0., -1.9584640000000000e+01,
    2.0935000000000002e+02, 0., -1.9588400000000000e+01,
    2.0940000000000001e+02, 0., -1.9593000000000000e+01,
    2.0945000000000002e+02, 0., -1.9596440000000001e+01,
    2.0950000000000000e+02, 0., -1.9601890000000001e+01,
    2.0955000000000001e+02, 0., -1.9607970000000002e+01,
    2.0960000000000002e+02, 0., -1.9614010000000000e+01,
    2.0965000000000001e+02, 0., -1.9622910000000001e+01,
    2.0970000000000002e+02, 0., -1.9631869999999999e+01,
    2.0975000000000000e+02, 0., -1.9636389999999999e+01,
    2.0980000000000001e+02, 0., -1.9640680000000000e+01,
    2.0985000000000002e+02, 0., -1.9642399999999999e+01,
    2.0990000000000001e+02, 0., -1.9645890000000001e+01,
    2.0995000000000002e+02, 0., -1.9650400000000001e+01, 210., 0.,
    -1.9656440000000000e+01, 2.1005000000000001e+02, 0.,
    -1.9668520000000001e+01, 2.1010000000000002e+02, 0.,
    -1.9682720000000000e+01, 2.1015000000000001e+02, 0.,
    -1.9690999999999999e+01, 2.1020000000000002e+02, 0.,
    -1.9698090000000001e+01, 2.1025000000000000e+02, 0.,
    -1.9699809999999999e+01, 2.1030000000000001e+02, 0.,
    -1.9696480000000001e+01, 2.1035000000000002e+02, 0.,
    -1.9691830000000000e+01, 2.1040000000000001e+02, 0.,
    -1.9688389999999998e+01, 2.1045000000000002e+02, 0.,
    -1.9687249999999999e+01, 2.1050000000000000e+02, 0.,
    -1.9687970000000000e+01, 2.1055000000000001e+02, 0.,
    -1.9691600000000001e+01, 2.1060000000000002e+02, 0.,
    -1.9697199999999999e+01, 2.1065000000000001e+02, 0.,
    -1.9703240000000001e+01, 2.1070000000000002e+02, 0.,
    -1.9708870000000001e+01, 2.1075000000000000e+02, 0.,
    -1.9713400000000000e+01, 2.1080000000000001e+02, 0.,
    -1.9717720000000000e+01, 2.1085000000000002e+02, 0.,
    -1.9722750000000001e+01, 2.1090000000000001e+02, 0.,
    -1.9726510000000001e+01, 2.1095000000000002e+02, 0.,
    -1.9728349999999999e+01, 211., 0., -1.9730899999999998e+01,
    2.1105000000000001e+02, 0., -1.9734660000000002e+01,
    2.1110000000000002e+02, 0., -1.9741160000000001e+01,
    2.1115000000000001e+02, 0., -1.9748410000000000e+01,
    2.1120000000000002e+02, 0., -1.9752730000000000e+01,
    2.1125000000000000e+02, 0., -1.9756039999999999e+01,
    2.1130000000000001e+02, 0., -1.9757560000000002e+01,
    2.1135000000000002e+02, 0., -1.9759709999999998e+01,
    2.1140000000000001e+02, 0., -1.9761780000000002e+01,
    2.1145000000000002e+02, 0., -1.9763300000000001e+01,
    2.1150000000000000e+02, 0., -1.9767959999999999e+01,
    2.1155000000000001e+02, 0., -1.9775069999999999e+01,
    2.1160000000000002e+02, 0., -1.9782630000000001e+01,
    2.1165000000000001e+02, 0., -1.9793099999999999e+01,
    2.1170000000000002e+02, 0., -1.9802579999999999e+01,
    2.1175000000000000e+02, 0., -1.9811019999999999e+01,
    2.1180000000000001e+02, 0., -1.9817110000000000e+01,
    2.1185000000000002e+02, 0., -1.9820110000000000e+01,
    2.1190000000000001e+02, 0., -1.9822260000000000e+01,
    2.1195000000000002e+02, 0., -1.9822720000000000e+01, 212., 0.,
    -1.9821200000000001e+01, 2.1205000000000001e+02, 0.,
    -1.9819140000000001e+01, 2.1210000000000002e+02, 0.,
    -1.9817380000000000e+01, 2.1215000000000001e+02, 0.,
    -1.9816099999999999e+01, 2.1220000000000002e+02, 0.,
    -1.9816400000000002e+01, 2.1225000000000000e+02, 0.,
    -1.9820640000000001e+01, 2.1230000000000001e+02, 0.,
    -1.9826760000000000e+01, 2.1235000000000002e+02, 0.,
    -1.9832000000000001e+01, 2.1240000000000001e+02, 0.,
    -1.9841100000000001e+01, 2.1245000000000002e+02, 0.,
