%YAML:1.0
---
profile: [ 2.4320000000000002e+02, 0., -8.4373600000000000e+00,
    2.4325000000000000e+02, 0., -8.4172399999999996e+00,
    2.4330000000000001e+02, 0., -8.3791399999999996e+00,
    2.4335000000000002e+02, 0., -8.3391699999999993e+00,
    2.4340000000000001e+02, 0., -8.3088899999999999e+00,
    2.4345000000000002e+02, 0., -8.2605000000000004e+00,
    2.4350000000000000e+02, 0., -8.2039399999999993e+00,
    2.4355000000000001e+02, 0., -8.1548200000000008e+00,
    2.4360000000000002e+02, 0., -8.0958199999999998e+00,
    2.4365000000000001e+02, 0., -8.0390700000000006e+00,
    2.4370000000000002e+02, 0., -7.9955499999999997e+00,
    2.4375000000000000e+02, 0., -7.9460499999999996e+00,
    2.4380000000000001e+02, 0., -7.9008000000000003e+00,
    2.4385000000000002e+02, 0., -7.8677599999999996e+00,
    2.4390000000000001e+02, 0., -7.8179999999999996e+00,
    2.4395000000000002e+02, 0., -7.7680800000000003e+00, 244., 0.,
    -7.6993999999999998e+00, 2.4405000000000001e+02, 0.,
    -7.6302700000000003e+00, 2.4410000000000002e+02, 0.,
    -7.5763499999999997e+00, 2.4415000000000001e+02, 0.,
    -7.5283199999999999e+00, 2.4420000000000002e+02, 0.,
    -7.4900700000000002e+00, 2.4425000000000000e+02, 0.,
    -7.4653499999999999e+00, 2.4430000000000001e+02, 0.,
    -7.4342800000000002e+00, 2.4435000000000002e+02, 0.,
    -7.4017299999999997e+00, 2.4440000000000001e+02, 0.,
    -7.3712499999999999e+00, 2.4445000000000002e+02, 0.,
    -7.3289099999999996e+00, 2.4450000000000000e+02, 0.,
    -7.2795600000000000e+00, 2.4455000000000001e+02, 0.,
    -7.2266000000000004e+00, 2.4460000000000002e+02, 0.,
    -7.1622800000000000e+00, 2.4465000000000001e+02, 0.,
    -7.1020200000000004e+00, 2.4470000000000002e+02, 0.,
    -7.0627399999999998e+00, 2.4475000000000000e+02, 0.,
    -7.0141000000000000e+00, 2.4480000000000001e+02, 0.,
    -6.9757800000000003e+00, 2.4485000000000002e+02, 0.,
    -6.9229599999999998e+00, 2.4490000000000001e+02, 0.,
    -6.8702100000000002e+00, 2.4495000000000002e+02, 0.,
    -6.8295700000000004e+00, 245., 0., -6.7762399999999996e+00,
    2.4505000000000001e+02, 0., -6.7219499999999996e+00,
    2.4510000000000002e+02, 0., -6.6781499999999996e+00,
    2.4515000000000001e+02, 0., -6.6297899999999998e+00,
    2.4520000000000002e+02, 0., -6.5856700000000004e+00,
    2.4525000000000000e+02, 0., -6.5535899999999998e+00,
    2.4530000000000001e+02, 0., -6.5106599999999997e+00,
    2.4535000000000002e+02, 0., -6.4645299999999999e+00,
    2.4540000000000001e+02, 0., -6.4232100000000001e+00,
    2.4545000000000002e+02, 0., -6.3684900000000004e+00,
    2.4550000000000000e+02, 0., -6.3131599999999999e+00,
    2.4555000000000001e+02, 0., -6.2734800000000002e+00,
    2.4560000000000002e+02, 0., -6.2225700000000002e+00,
    2.4565000000000001e+02, 0., -6.1714700000000002e+00,
    2.4570000000000002e+02, 0., -6.1325900000000004e+00,
    2.4575000000000000e+02, 0., -6.0773799999999998e+00,
    2.4580000000000001e+02, 0., -6.0201599999999997e+00,
    2.4585000000000002e+02, 0., -5.9820399999999996e+00,
    2.4590000000000001e+02, 0., -5.9339800000000000e+00,
    2.4595000000000002e+02, 0., -5.8951799999999999e+00, 246., 0.,
    -5.8409800000000001e+00, 2.4605000000000001e+02, 0.,
    -5.7902100000000001e+00, 2.4610000000000002e+02, 0.,
    -5.7553700000000001e+00, 2.4615000000000001e+02, 0.,
    -5.7118500000000001e+00, 2.4620000000000002e+02, 0.,
    -5.6662699999999999e+00, 2.4625000000000000e+02, 0.,
    -5.6274300000000004e+00, 2.4630000000000001e+02, 0.,
    -5.5726000000000004e+00, 2.4635000000000002e+02, 0.,
    -5.5130400000000002e+00, 2.4640000000000001e+02, 0.,
    -5.4615999999999998e+00, 2.4645000000000002e+02, 0.,
    -5.4076599999999999e+00, 2.4650000000000000e+02, 0.,
    -5.3602600000000002e+00, 2.4655000000000001e+02, 0.,
    -5.3271400000000000e+00, 2.4660000000000002e+02, 0.,
    -5.2884399999999996e+00, 2.4665000000000001e+02, 0.,
    -5.2481600000000004e+00, 2.4670000000000002e+02, 0.,
    -5.2087199999999996e+00, 2.4675000000000000e+02, 0.,
    -5.1594600000000002e+00, 2.4680000000000001e+02, 0.,
    -5.1108000000000002e+00, 2.4685000000000002e+02, 0.,
    -5.0737600000000000e+00, 2.4690000000000001e+02, 0.,
    -5.0274099999999997e+00, 2.4695000000000002e+02, 0.,
    -4.9771500000000000e+00, 247., 0., -4.9244300000000001e+00,
    2.4705000000000001e+02, 0., -4.8625800000000003e+00,
    2.4710000000000002e+02, 0., -4.8017399999999997e+00,
    2.4715000000000001e+02, 0., -4.7474999999999996e+00,
    2.4720000000000002e+02, 0., -4.6879000000000000e+00,
    2.4725000000000000e+02, 0., -4.6349900000000002e+00,
    2.4730000000000001e+02, 0., -4.5965499999999997e+00,
    2.4735000000000002e+02, 0., -4.5537299999999998e+00,
    2.4740000000000001e+02, 0., -4.5138499999999997e+00,
    2.4745000000000002e+02, 0., -4.4800899999999997e+00,
    2.4750000000000000e+02, 0., -4.4314799999999996e+00,
    2.4755000000000001e+02, 0., -4.3781699999999999e+00,
    2.4760000000000002e+02, 0., -4.3342099999999997e+00,
    2.4765000000000001e+02, 0., -4.2757699999999996e+00,
    2.4770000000000002e+02, 0., -4.2182000000000004e+00,
    2.4775000000000000e+02, 0., -4.1824800000000000e+00,
    2.4780000000000001e+02, 0., -4.1379799999999998e+00,
    2.4785000000000002e+02, 0., -4.1026600000000002e+00,
    2.4790000000000001e+02, 0., -4.0529799999999998e+00,
    2.4795000000000002e+02, 0., -4.0023999999999997e+00, 248., 0.,
    -3.9624400000000000e+00, 2.4805000000000001e+02, 0.,
    -3.9108900000000002e+00, 2.4810000000000002e+02, 0.,
    -3.8601600000000000e+00, 2.4815000000000001e+02, 0.,
    -3.8210400000000000e+00, 2.4820000000000002e+02, 0.,
    -3.7689300000000001e+00, 2.4825000000000000e+02, 0.,
    -3.7180499999999999e+00, 2.4830000000000001e+02, 0.,
    -3.6797700000000000e+00, 2.4835000000000002e+02, 0.,
    -3.6397200000000001e+00, 2.4840000000000001e+02, 0.,
    -3.5992099999999998e+00, 2.4845000000000002e+02, 0.,
    -3.5639699999999999e+00, 2.4850000000000000e+02, 0.,
    -3.5168800000000000e+00, 2.4855000000000001e+02, 0.,
    -3.4659200000000001e+00, 2.4860000000000002e+02, 0.,
    -3.4214400000000000e+00, 2.4865000000000001e+02, 0.,
    -3.3563800000000001e+00, 2.4870000000000002e+02, 0.,
    -3.2944599999999999e+00, 2.4875000000000000e+02, 0.,
    -3.2516200000000000e+00, 2.4880000000000001e+02, 0.,
    -3.1908900000000000e+00, 2.4885000000000002e+02, 0.,
    -3.1343000000000001e+00, 2.4890000000000001e+02, 0.,
    -3.0961799999999999e+00, 2.4895000000000002e+02, 0.,
    -3.0491100000000002e+00, 249., 0., -3.0042800000000001e+00,
    2.4905000000000001e+02, 0., -2.9708399999999999e+00,
    2.4910000000000002e+02, 0., -2.9259400000000002e+00,
    2.4915000000000001e+02, 0., -2.8723999999999998e+00,
    2.4920000000000002e+02, 0., -2.8201999999999998e+00,
    2.4925000000000000e+02, 0., -2.7698600000000000e+00,
    2.4930000000000001e+02, 0., -2.7231900000000002e+00,
    2.4935000000000002e+02, 0., -2.6858300000000002e+00,
    2.4940000000000001e+02, 0., -2.6400000000000001e+00,
    2.4945000000000002e+02, 0., -2.5939999999999999e+00,
    2.4950000000000000e+02, 0., -2.5567600000000001e+00,
    2.4955000000000001e+02, 0., -2.5070700000000001e+00,
    2.4960000000000002e+02, 0., -2.4577599999999999e+00,
    2.4965000000000001e+02, 0., -2.4198000000000000e+00,
    2.4970000000000002e+02, 0., -2.3731000000000000e+00,
    2.4975000000000000e+02, 0., -2.3300800000000002e+00,
    2.4980000000000001e+02, 0., -2.2998799999999999e+00,
    2.4985000000000002e+02, 0., -2.2528800000000002e+00,
    2.4990000000000001e+02, 0., -2.1961800000000000e+00,
    2.4995000000000002e+02, 0., -2.1420200000000000e+00, 250., 0.,
    -2.0828799999999998e+00, 2.5005000000000001e+02, 0.,
    -2.0262600000000002e+00, 2.5010000000000002e+02, 0.,
    -1.9814600000000000e+00, 2.5015000000000001e+02, 0.,
    -1.9362900000000001e+00, 2.5020000000000002e+02, 0.,
    -1.8949800000000001e+00, 2.5025000000000000e+02, 0.,
