%YAML:1.0
---
profile: [ 6.1600000000000001e+01, 0., -2.3480190000000000e+01,
    6.1650000000000006e+01, 0., -2.3471779999999999e+01,
    6.1700000000000003e+01, 0., -2.3458739999999999e+01,
    6.1750000000000000e+01, 0., -2.3436620000000001e+01,
    6.1800000000000004e+01, 0., -2.3411980000000000e+01,
    6.1850000000000001e+01, 0., -2.3364860000000000e+01,
    6.1900000000000006e+01, 0., -2.3318460000000002e+01,
    6.1950000000000003e+01, 0., -2.3251980000000000e+01, 62., 0.,
    -2.3190100000000001e+01, 6.2050000000000004e+01, 0.,
    -2.3162340000000000e+01, 6.2100000000000001e+01, 0.,
    -2.3115860000000001e+01, 6.2150000000000006e+01, 0.,
    -2.3064660000000000e+01, 6.2200000000000003e+01, 0.,
    -2.3020910000000001e+01, 6.2250000000000000e+01, 0.,
    -2.2983380000000000e+01, 6.2300000000000004e+01, 0.,
    -2.2957180000000001e+01, 6.2350000000000001e+01, 0.,
    -2.2925120000000000e+01, 6.2400000000000006e+01, 0.,
    -2.2900440000000000e+01, 6.2450000000000003e+01, 0.,
    -2.2864290000000000e+01, 6.2500000000000000e+01, 0.,
    -2.2832570000000000e+01, 6.2550000000000004e+01, 0.,
    -2.2760560000000002e+01, 6.2600000000000001e+01, 0.,
    -2.2698290000000000e+01, 6.2650000000000006e+01, 0.,
    -2.2705330000000000e+01, 6.2700000000000003e+01, 0.,
    -2.2690909999999999e+01, 6.2750000000000000e+01, 0.,
    -2.2666989999999998e+01, 6.2800000000000004e+01, 0.,
    -2.2602989999999998e+01, 6.2850000000000001e+01, 0.,
    -2.2535710000000002e+01, 6.2900000000000006e+01, 0.,
    -2.2498670000000001e+01, 6.2950000000000003e+01, 0.,
    -2.2452249999999999e+01, 63., 0., -2.2415050000000001e+01,
    6.3050000000000004e+01, 0., -2.2364640000000001e+01,
    6.3100000000000001e+01, 0., -2.2312950000000001e+01,
    6.3150000000000006e+01, 0., -2.2275710000000000e+01,
    6.3200000000000003e+01, 0., -2.2229279999999999e+01,
    6.3250000000000000e+01, 0., -2.2192280000000000e+01,
    6.3300000000000004e+01, 0., -2.2145969999999998e+01,
    6.3350000000000001e+01, 0., -2.2108969999999999e+01,
    6.3400000000000006e+01, 0., -2.2059510000000000e+01,
    6.3450000000000003e+01, 0., -2.2005400000000002e+01,
    6.3500000000000000e+01, 0., -2.1950040000000001e+01,
    6.3550000000000004e+01, 0., -2.1878460000000000e+01,
    6.3600000000000001e+01, 0., -2.1818460000000002e+01,
    6.3650000000000006e+01, 0., -2.1752770000000002e+01,
    6.3700000000000003e+01, 0., -2.1705210000000001e+01,
    6.3750000000000000e+01, 0., -2.1677550000000000e+01,
    6.3800000000000004e+01, 0., -2.1660000000000000e+01,
    6.3850000000000001e+01, 0., -2.1648599999999998e+01,
    6.3900000000000006e+01, 0., -2.1629110000000001e+01,
    6.3950000000000003e+01, 0., -2.1610790000000001e+01, 64., 0.,
    -2.1554539999999999e+01, 6.4049999999999997e+01, 0.,
    -2.1493259999999999e+01, 6.4100000000000009e+01, 0.,
    -2.1448219999999999e+01, 6.4150000000000006e+01, 0.,
    -2.1391800000000000e+01, 6.4200000000000003e+01, 0.,
    -2.1346679999999999e+01, 6.4250000000000000e+01, 0.,
    -2.1290299999999998e+01, 6.4299999999999997e+01, 0.,
    -2.1233960000000000e+01, 6.4350000000000009e+01, 0.,
    -2.1188839999999999e+01, 6.4400000000000006e+01, 0.,
    -2.1132490000000001e+01, 6.4450000000000003e+01, 0.,
    -2.1087489999999999e+01, 6.4500000000000000e+01, 0.,
    -2.1029969999999999e+01, 6.4549999999999997e+01, 0.,
    -2.0983370000000001e+01, 6.4600000000000009e+01, 0.,
    -2.0958600000000001e+01, 6.4650000000000006e+01, 0.,
    -2.0933520000000001e+01, 6.4700000000000003e+01, 0.,
    -2.0902999999999999e+01, 6.4750000000000000e+01, 0.,
    -2.0829969999999999e+01, 6.4799999999999997e+01, 0.,
    -2.0752970000000001e+01, 6.4850000000000009e+01, 0.,
    -2.0712330000000001e+01, 6.4900000000000006e+01, 0.,
    -2.0684059999999999e+01, 6.4950000000000003e+01, 0.,
    -2.0656260000000000e+01, 65., 0., -2.0634360000000001e+01,
    6.5049999999999997e+01, 0., -2.0623760000000001e+01,
    6.5100000000000009e+01, 0., -2.0493130000000001e+01,
    6.5150000000000006e+01, 0., -2.0358490000000000e+01,
    6.5200000000000003e+01, 0., -2.0331890000000001e+01,
    6.5250000000000000e+01, 0., -2.0334540000000001e+01,
    6.5299999999999997e+01, 0., -2.0379780000000000e+01,
    6.5350000000000009e+01, 0., -2.0406340000000000e+01,
    6.5400000000000006e+01, 0., -2.0423950000000001e+01,
    6.5450000000000003e+01, 0., -2.0433509999999998e+01,
    6.5500000000000000e+01, 0., -2.0445470000000000e+01,
    6.5549999999999997e+01, 0., -2.0457550000000001e+01,
    6.5600000000000009e+01, 0., -2.0467430000000000e+01,
    6.5650000000000006e+01, 0., -2.0480979999999999e+01,
    6.5700000000000003e+01, 0., -2.0493140000000000e+01,
    6.5750000000000000e+01, 0., -2.0506100000000000e+01,
    6.5799999999999997e+01, 0., -2.0525220000000001e+01,
    6.5850000000000009e+01, 0., -2.0561779999999999e+01,
    6.5900000000000006e+01, 0., -2.0595749999999999e+01,
    6.5950000000000003e+01, 0., -2.0619009999999999e+01, 66., 0.,
    -2.0628129999999999e+01, 6.6049999999999997e+01, 0.,
    -2.0665920000000000e+01, 6.6100000000000009e+01, 0.,
    -2.0727760000000000e+01, 6.6150000000000006e+01, 0.,
    -2.0750200000000000e+01, 6.6200000000000003e+01, 0.,
    -2.0790150000000001e+01, 6.6250000000000000e+01, 0.,
    -2.0859549999999999e+01, 6.6299999999999997e+01, 0.,
    -2.0914590000000000e+01, 6.6350000000000009e+01, 0.,
    -2.0953659999999999e+01, 6.6400000000000006e+01, 0.,
    -2.1001700000000000e+01, 6.6450000000000003e+01, 0.,
    -2.1027480000000001e+01, 6.6500000000000000e+01, 0.,
    -2.1029800000000002e+01, 6.6549999999999997e+01, 0.,
    -2.1073170000000001e+01, 6.6600000000000009e+01, 0.,
    -2.1125830000000001e+01, 6.6650000000000006e+01, 0.,
    -2.1166910000000001e+01, 6.6700000000000003e+01, 0.,
    -2.1195560000000000e+01, 6.6750000000000000e+01, 0.,
    -2.1224180000000000e+01, 6.6799999999999997e+01, 0.,
    -2.1265219999999999e+01, 6.6850000000000009e+01, 0.,
    -2.1305430000000001e+01, 6.6900000000000006e+01, 0.,
    -2.1344130000000000e+01, 6.6950000000000003e+01, 0.,
    -2.1393850000000000e+01, 67., 0., -2.1460880000000000e+01,
    6.7049999999999997e+01, 0., -2.1520360000000000e+01,
    6.7100000000000009e+01, 0., -2.1579910000000002e+01,
    6.7150000000000006e+01, 0., -2.1626149999999999e+01,
    6.7200000000000003e+01, 0., -2.1651550000000000e+01,
    6.7250000000000000e+01, 0., -2.1676320000000000e+01,
    6.7299999999999997e+01, 0., -2.1710780000000000e+01,
    6.7350000000000009e+01, 0., -2.1774780000000000e+01,
    6.7400000000000006e+01, 0., -2.1834489999999999e+01,
    6.7450000000000003e+01, 0., -2.1881580000000000e+01,
    6.7500000000000000e+01, 0., -2.1922300000000000e+01,
    6.7549999999999997e+01, 0., -2.1977480000000000e+01,
    6.7600000000000009e+01, 0., -2.2026679999999999e+01,
    6.7650000000000006e+01, 0., -2.2074280000000002e+01,
    6.7700000000000003e+01, 0., -2.2113080000000000e+01,
    6.7750000000000000e+01, 0., -2.2137720000000002e+01,
    6.7799999999999997e+01, 0., -2.2149439999999998e+01,
    6.7850000000000009e+01, 0., -2.2167999999999999e+01,
    6.7900000000000006e+01, 0., -2.2245600000000000e+01,
    6.7950000000000003e+01, 0., -2.2296550000000000e+01, 68., 0.,
    -2.2312750000000001e+01, 6.8049999999999997e+01, 0.,
    -2.2373200000000001e+01, 6.8100000000000009e+01, 0.,
    -2.2441600000000001e+01, 6.8150000000000006e+01, 0.,
    -2.2493760000000002e+01, 6.8200000000000003e+01, 0.,
    -2.2550039999999999e+01, 6.8250000000000000e+01, 0.,
    -2.2596119999999999e+01, 6.8299999999999997e+01, 0.,
    -2.2607640000000000e+01, 6.8350000000000009e+01, 0.,
    -2.2626280000000001e+01, 6.8400000000000006e+01, 0.,
    -2.2643400000000000e+01, 6.8450000000000003e+01, 0.,
    -2.2660959999999999e+01, 6.8500000000000000e+01, 0.,
    -2.2701350000000001e+01, 6.8549999999999997e+01, 0.,
    -2.2762229999999999e+01, 6.8600000000000009e+01, 0.,
    -2.2796009999999999e+01, 6.8650000000000006e+01, 0.,
    -2.2826740000000001e+01, 6.8700000000000003e+01, 0.,
