%YAML:1.0
---
profile: [ 1.8150000000000002e+01, 0., -1.0814010000000000e+01,
    1.8199999999999999e+01, 0., -1.0806810000000000e+01,
    1.8250000000000000e+01, 0., -1.0776510000000000e+01,
    1.8300000000000001e+01, 0., -1.0740910000000000e+01,
    1.8350000000000001e+01, 0., -1.0691800000000001e+01,
    1.8400000000000002e+01, 0., -1.0650080000000001e+01,
    1.8449999999999999e+01, 0., -1.0600230000000000e+01,
    1.8500000000000000e+01, 0., -1.0561669999999999e+01,
    1.8550000000000001e+01, 0., -1.0520210000000001e+01,
    1.8600000000000001e+01, 0., -1.0476010000000000e+01,
    1.8650000000000002e+01, 0., -1.0426250000000000e+01,
    1.8699999999999999e+01, 0., -1.0376490000000000e+01,
    1.8750000000000000e+01, 0., -1.0345890000000001e+01,
    1.8800000000000001e+01, 0., -1.0306240000000001e+01,
    1.8850000000000001e+01, 0., -1.0254280000000000e+01,
    1.8900000000000002e+01, 0., -1.0197780000000000e+01,
    1.8949999999999999e+01, 0., -1.0179980000000000e+01, 19., 0.,
    -1.0137570000000000e+01, 1.9050000000000001e+01, 0.,
    -1.0092930000000001e+01, 1.9100000000000001e+01, 0.,
    -1.0050890000000001e+01, 1.9150000000000002e+01, 0.,
    -1.0024609999999999e+01, 1.9200000000000003e+01, 0.,
    -9.9809999999999999e+00, 1.9250000000000000e+01, 0.,
    -9.9440000000000008e+00, 1.9300000000000001e+01, 0.,
    -9.9048599999999993e+00, 1.9350000000000001e+01, 0.,
    -9.8617699999999999e+00, 1.9400000000000002e+01, 0.,
    -9.8088499999999996e+00, 1.9450000000000003e+01, 0.,
    -9.7484699999999993e+00, 1.9500000000000000e+01, 0.,
    -9.7186699999999995e+00, 1.9550000000000001e+01, 0.,
    -9.6720199999999998e+00, 1.9600000000000001e+01, 0.,
    -9.6234999999999999e+00, 1.9650000000000002e+01, 0.,
    -9.5598899999999993e+00, 1.9700000000000003e+01, 0.,
    -9.5055700000000005e+00, 1.9750000000000000e+01, 0.,
    -9.4588199999999993e+00, 1.9800000000000001e+01, 0.,
    -9.4468599999999991e+00, 1.9850000000000001e+01, 0.,
    -9.4217499999999994e+00, 1.9900000000000002e+01, 0.,
    -9.3963099999999997e+00, 1.9950000000000003e+01, 0.,
    -9.3629999999999995e+00, 20., 0., -9.3314900000000005e+00,
    2.0050000000000001e+01, 0., -9.3131699999999995e+00,
    2.0100000000000001e+01, 0., -9.2674299999999992e+00,
    2.0150000000000002e+01, 0., -9.2035499999999999e+00,
    2.0200000000000003e+01, 0., -9.1366099999999992e+00,
    2.0250000000000000e+01, 0., -9.0986100000000008e+00,
    2.0300000000000001e+01, 0., -9.0363199999999999e+00,
    2.0350000000000001e+01, 0., -8.9688800000000004e+00,
    2.0400000000000002e+01, 0., -8.8986599999999996e+00,
    2.0450000000000003e+01, 0., -8.8593799999999998e+00,
    2.0500000000000000e+01, 0., -8.8079199999999993e+00,
    2.0550000000000001e+01, 0., -8.7639200000000006e+00,
    2.0600000000000001e+01, 0., -8.7238900000000008e+00,
    2.0650000000000002e+01, 0., -8.7099299999999999e+00,
    2.0700000000000003e+01, 0., -8.7029999999999994e+00,
    2.0750000000000000e+01, 0., -8.6930499999999995e+00,
    2.0800000000000001e+01, 0., -8.6669699999999992e+00,
    2.0850000000000001e+01, 0., -8.6108200000000004e+00,
    2.0900000000000002e+01, 0., -8.5376999999999992e+00,
    2.0950000000000003e+01, 0., -8.4605099999999993e+00, 21., 0.,
    -8.4159500000000005e+00, 2.1050000000000001e+01, 0.,
    -8.3673099999999998e+00, 2.1100000000000001e+01, 0.,
    -8.3368699999999993e+00, 2.1150000000000002e+01, 0.,
    -8.2844300000000004e+00, 2.1200000000000003e+01, 0.,
    -8.2348700000000008e+00, 2.1250000000000000e+01, 0.,
    -8.1846700000000006e+00, 2.1300000000000001e+01, 0.,
    -8.1508299999999991e+00, 2.1350000000000001e+01, 0.,
    -8.1056200000000000e+00, 2.1400000000000002e+01, 0.,
    -8.0621399999999994e+00, 2.1450000000000003e+01, 0.,
    -8.0351800000000004e+00, 2.1500000000000000e+01, 0.,
    -7.9986899999999999e+00, 2.1550000000000001e+01, 0.,
    -7.9607700000000001e+00, 2.1600000000000001e+01, 0.,
    -7.9146400000000003e+00, 2.1650000000000002e+01, 0.,
    -7.8794000000000004e+00, 2.1700000000000003e+01, 0.,
    -7.8361200000000002e+00, 2.1750000000000000e+01, 0.,
    -7.8019200000000000e+00, 2.1800000000000001e+01, 0.,
    -7.7258699999999996e+00, 2.1850000000000001e+01, 0.,
    -7.6473100000000001e+00, 2.1900000000000002e+01, 0.,
    -7.5845599999999997e+00, 2.1950000000000003e+01, 0.,
    -7.5533599999999996e+00, 22., 0., -7.5050499999999998e+00,
    2.2050000000000001e+01, 0., -7.4615299999999998e+00,
    2.2100000000000001e+01, 0., -7.4158600000000003e+00,
    2.2150000000000002e+01, 0., -7.3779500000000002e+00,
    2.2200000000000003e+01, 0., -7.3653899999999997e+00,
    2.2250000000000000e+01, 0., -7.3398399999999997e+00,
    2.2300000000000001e+01, 0., -7.3075999999999999e+00,
    2.2350000000000001e+01, 0., -7.2722800000000003e+00,
    2.2400000000000002e+01, 0., -7.2466799999999996e+00,
    2.2450000000000003e+01, 0., -7.1791900000000002e+00,
    2.2500000000000000e+01, 0., -7.1181099999999997e+00,
    2.2550000000000001e+01, 0., -7.0799500000000002e+00,
    2.2600000000000001e+01, 0., -7.0480600000000004e+00,
    2.2650000000000002e+01, 0., -7.0119400000000001e+00,
    2.2700000000000003e+01, 0., -6.9634000000000000e+00,
    2.2750000000000000e+01, 0., -6.9138000000000002e+00,
    2.2800000000000001e+01, 0., -6.8563099999999997e+00,
    2.2850000000000001e+01, 0., -6.8158300000000001e+00,
    2.2900000000000002e+01, 0., -6.7623600000000001e+00,
    2.2950000000000003e+01, 0., -6.7161600000000004e+00, 23., 0.,
    -6.6678300000000004e+00, 2.3050000000000001e+01, 0.,
    -6.6342699999999999e+00, 2.3100000000000001e+01, 0.,
    -6.6006499999999999e+00, 2.3150000000000002e+01, 0.,
    -6.5611699999999997e+00, 2.3200000000000003e+01, 0.,
    -6.5039300000000004e+00, 2.3250000000000000e+01, 0.,
    -6.4392600000000000e+00, 2.3300000000000001e+01, 0.,
    -6.4095399999999998e+00, 2.3350000000000001e+01, 0.,
    -6.3745399999999997e+00, 2.3400000000000002e+01, 0.,
    -6.3537400000000002e+00, 2.3450000000000003e+01, 0.,
    -6.3028399999999998e+00, 2.3500000000000000e+01, 0.,
    -6.2489200000000000e+00, 2.3550000000000001e+01, 0.,
    -6.1935500000000001e+00, 2.3600000000000001e+01, 0.,
    -6.1556699999999998e+00, 2.3650000000000002e+01, 0.,
    -6.1033200000000001e+00, 2.3700000000000003e+01, 0.,
    -6.0587999999999997e+00, 2.3750000000000000e+01, 0.,
    -6.0120800000000001e+00, 2.3800000000000001e+01, 0.,
    -5.9714299999999998e+00, 2.3850000000000001e+01, 0.,
    -5.9513499999999997e+00, 2.3900000000000002e+01, 0.,
    -5.9120999999999997e+00, 2.3950000000000003e+01, 0.,
    -5.8637800000000002e+00, 24., 0., -5.8157300000000003e+00,
    2.4050000000000001e+01, 0., -5.7922099999999999e+00,
    2.4100000000000001e+01, 0., -5.7637600000000004e+00,
    2.4150000000000002e+01, 0., -5.7416000000000000e+00,
    2.4200000000000003e+01, 0., -5.7123400000000002e+00,
    2.4250000000000000e+01, 0., -5.6603199999999996e+00,
    2.4300000000000001e+01, 0., -5.5918799999999997e+00,
    2.4350000000000001e+01, 0., -5.5156099999999997e+00,
    2.4400000000000002e+01, 0., -5.4843700000000002e+00,
    2.4450000000000003e+01, 0., -5.4298200000000003e+00,
    2.4500000000000000e+01, 0., -5.3675800000000002e+00,
    2.4550000000000001e+01, 0., -5.2990599999999999e+00,
    2.4600000000000001e+01, 0., -5.2554600000000002e+00,
    2.4650000000000002e+01, 0., -5.2149599999999996e+00,
    2.4700000000000003e+01, 0., -5.1901200000000003e+00,
    2.4750000000000000e+01, 0., -5.1645799999999999e+00,
    2.4800000000000001e+01, 0., -5.1381699999999997e+00,
    2.4850000000000001e+01, 0., -5.1098900000000000e+00,
    2.4900000000000002e+01, 0., -5.0762400000000003e+00,
    2.4950000000000003e+01, 0., -5.0514000000000001e+00, 25., 0.,
    -5.0058100000000003e+00, 2.5050000000000001e+01, 0.,
    -4.9616100000000003e+00, 2.5100000000000001e+01, 0.,
    -4.9021800000000004e+00, 2.5150000000000002e+01, 0.,
    -4.8524200000000004e+00, 2.5200000000000003e+01, 0.,
    -4.7946200000000001e+00, 2.5250000000000000e+01, 0.,
