%YAML:1.0
---
profile: [ 6.5299999999999997e+01, 0., -2.3513620000000000e+01,
    6.5350000000000009e+01, 0., -2.3504519999999999e+01,
    6.5400000000000006e+01, 0., -2.3499240000000000e+01,
    6.5450000000000003e+01, 0., -2.3493700000000000e+01,
    6.5500000000000000e+01, 0., -2.3489860000000000e+01,
    6.5549999999999997e+01, 0., -2.3484520000000000e+01,
    6.5600000000000009e+01, 0., -2.3474229999999999e+01,
    6.5650000000000006e+01, 0., -2.3460310000000000e+01,
    6.5700000000000003e+01, 0., -2.3434149999999999e+01,
    6.5750000000000000e+01, 0., -2.3408550000000002e+01,
    6.5799999999999997e+01, 0., -2.3359580000000001e+01,
    6.5850000000000009e+01, 0., -2.3305219999999998e+01,
    6.5900000000000006e+01, 0., -2.3258179999999999e+01,
    6.5950000000000003e+01, 0., -2.3210860000000000e+01, 66., 0.,
    -2.3179140000000000e+01, 6.6049999999999997e+01, 0.,
    -2.3133330000000001e+01, 6.6100000000000009e+01, 0.,
    -2.3088200000000001e+01, 6.6150000000000006e+01, 0.,
    -2.3059360000000002e+01, 6.6200000000000003e+01, 0.,
    -2.3017389999999999e+01, 6.6250000000000000e+01, 0.,
    -2.2976749999999999e+01, 6.6299999999999997e+01, 0.,
    -2.2937899999999999e+01, 6.6350000000000009e+01, 0.,
    -2.2901520000000001e+01, 6.6400000000000006e+01, 0.,
    -2.2870560000000001e+01, 6.6450000000000003e+01, 0.,
    -2.2829799999999999e+01, 6.6500000000000000e+01, 0.,
    -2.2794760000000000e+01, 6.6549999999999997e+01, 0.,
    -2.2746729999999999e+01, 6.6600000000000009e+01, 0.,
    -2.2696179999999998e+01, 6.6650000000000006e+01, 0.,
    -2.2656580000000002e+01, 6.6700000000000003e+01, 0.,
    -2.2600639999999999e+01, 6.6750000000000000e+01, 0.,
    -2.2548159999999999e+01, 6.6799999999999997e+01, 0.,
    -2.2495310000000000e+01, 6.6850000000000009e+01, 0.,
    -2.2459830000000000e+01, 6.6900000000000006e+01, 0.,
    -2.2426060000000000e+01, 6.6950000000000003e+01, 0.,
    -2.2389510000000001e+01, 67., 0., -2.2342829999999999e+01,
    6.7049999999999997e+01, 0., -2.2283580000000001e+01,
    6.7100000000000009e+01, 0., -2.2235700000000001e+01,
    6.7150000000000006e+01, 0., -2.2189080000000001e+01,
    6.7200000000000003e+01, 0., -2.2147300000000001e+01,
    6.7250000000000000e+01, 0., -2.2118860000000002e+01,
    6.7299999999999997e+01, 0., -2.2078990000000001e+01,
    6.7350000000000009e+01, 0., -2.2041989999999998e+01,
    6.7400000000000006e+01, 0., -2.1994309999999999e+01,
    6.7450000000000003e+01, 0., -2.1945519999999998e+01,
    6.7500000000000000e+01, 0., -2.1904080000000000e+01,
    6.7549999999999997e+01, 0., -2.1851839999999999e+01,
    6.7600000000000009e+01, 0., -2.1809640000000002e+01,
    6.7650000000000006e+01, 0., -2.1764849999999999e+01,
    6.7700000000000003e+01, 0., -2.1725259999999999e+01,
    6.7750000000000000e+01, 0., -2.1693100000000001e+01,
    6.7799999999999997e+01, 0., -2.1657080000000001e+01,
    6.7850000000000009e+01, 0., -2.1633400000000002e+01,
    6.7900000000000006e+01, 0., -2.1596599999999999e+01,
    6.7950000000000003e+01, 0., -2.1552610000000001e+01, 68., 0.,
    -2.1509730000000001e+01, 6.8049999999999997e+01, 0.,
    -2.1461130000000001e+01, 6.8100000000000009e+01, 0.,
    -2.1428290000000001e+01, 6.8150000000000006e+01, 0.,
    -2.1379159999999999e+01, 6.8200000000000003e+01, 0.,
    -2.1335560000000001e+01, 6.8250000000000000e+01, 0.,
    -2.1273140000000001e+01, 6.8299999999999997e+01, 0.,
    -2.1218060000000001e+01, 6.8350000000000009e+01, 0.,
    -2.1185220000000001e+01, 6.8400000000000006e+01, 0.,
    -2.1144690000000001e+01, 6.8450000000000003e+01, 0.,
    -2.1112610000000000e+01, 6.8500000000000000e+01, 0.,
    -2.1063320000000001e+01, 6.8549999999999997e+01, 0.,
    -2.1011119999999998e+01, 6.8600000000000009e+01, 0.,
    -2.0967479999999998e+01, 6.8650000000000006e+01, 0.,
    -2.0923259999999999e+01, 6.8700000000000003e+01, 0.,
    -2.0893460000000001e+01, 6.8750000000000000e+01, 0.,
    -2.0863800000000001e+01, 6.8799999999999997e+01, 0.,
    -2.0836780000000001e+01, 6.8850000000000009e+01, 0.,
    -2.0817580000000000e+01, 6.8900000000000006e+01, 0.,
    -2.0787310000000002e+01, 6.8950000000000003e+01, 0.,
    -2.0759830000000001e+01, 69., 0., -2.0701699999999999e+01,
    6.9049999999999997e+01, 0., -2.0632180000000002e+01,
    6.9100000000000009e+01, 0., -2.0558979999999998e+01,
    6.9150000000000006e+01, 0., -2.0490310000000001e+01,
    6.9200000000000003e+01, 0., -2.0447550000000000e+01,
    6.9250000000000000e+01, 0., -2.0386569999999999e+01,
    6.9299999999999997e+01, 0., -2.0328090000000000e+01,
    6.9350000000000009e+01, 0., -2.0295249999999999e+01,
    6.9400000000000006e+01, 0., -2.0256679999999999e+01,
    6.9450000000000003e+01, 0., -2.0228880000000000e+01,
    6.9500000000000000e+01, 0., -2.0195300000000000e+01,
    6.9549999999999997e+01, 0., -2.0157129999999999e+01,
    6.9600000000000009e+01, 0., -2.0110930000000000e+01,
    6.9650000000000006e+01, 0., -2.0059899999999999e+01,
    6.9700000000000003e+01, 0., -2.0022700000000000e+01,
    6.9750000000000000e+01, 0., -1.9985270000000000e+01,
    6.9799999999999997e+01, 0., -1.9947990000000001e+01,
    6.9850000000000009e+01, 0., -1.9911390000000001e+01,
    6.9900000000000006e+01, 0., -1.9862890000000000e+01,
    6.9950000000000003e+01, 0., -1.9822690000000001e+01, 70., 0.,
    -1.9770099999999999e+01, 7.0049999999999997e+01, 0.,
    -1.9715979999999998e+01, 7.0100000000000009e+01, 0.,
    -1.9669580000000000e+01, 7.0150000000000006e+01, 0.,
    -1.9622640000000001e+01, 7.0200000000000003e+01, 0.,
    -1.9598400000000002e+01, 7.0250000000000000e+01, 0.,
    -1.9574850000000001e+01, 7.0299999999999997e+01, 0.,
    -1.9549550000000000e+01, 7.0350000000000009e+01, 0.,
    -1.9518229999999999e+01, 7.0400000000000006e+01, 0.,
    -1.9478680000000001e+01, 7.0450000000000003e+01, 0.,
    -1.9446840000000002e+01, 7.0500000000000000e+01, 0.,
    -1.9395720000000001e+01, 7.0549999999999997e+01, 0.,
    -1.9338200000000001e+01, 7.0600000000000009e+01, 0.,
    -1.9281040000000001e+01, 7.0650000000000006e+01, 0.,
    -1.9220070000000000e+01, 7.0700000000000003e+01, 0.,
    -1.9176950000000001e+01, 7.0750000000000000e+01, 0.,
    -1.9126770000000000e+01, 7.0799999999999997e+01, 0.,
    -1.9076619999999998e+01, 7.0850000000000009e+01, 0.,
    -1.9033460000000002e+01, 7.0900000000000006e+01, 0.,
    -1.8989740000000001e+01, 7.0950000000000003e+01, 0.,
    -1.8960300000000000e+01, 71., 0., -1.8916660000000000e+01,
    7.1049999999999997e+01, 0., -1.8875889999999998e+01,
    7.1100000000000009e+01, 0., -1.8848730000000000e+01,
    7.1150000000000006e+01, 0., -1.8807970000000001e+01,
    7.1200000000000003e+01, 0., -1.8771770000000000e+01,
    7.1250000000000000e+01, 0., -1.8711870000000001e+01,
    7.1299999999999997e+01, 0., -1.8650359999999999e+01,
    7.1350000000000009e+01, 0., -1.8603639999999999e+01,
    7.1400000000000006e+01, 0., -1.8545809999999999e+01,
    7.1450000000000003e+01, 0., -1.8499890000000001e+01,
    7.1500000000000000e+01, 0., -1.8448830000000001e+01,
    7.1549999999999997e+01, 0., -1.8407450000000001e+01,
    7.1600000000000009e+01, 0., -1.8384129999999999e+01,
    7.1650000000000006e+01, 0., -1.8361490000000000e+01,
    7.1700000000000003e+01, 0., -1.8340090000000000e+01,
    7.1750000000000000e+01, 0., -1.8313009999999998e+01,
    7.1799999999999997e+01, 0., -1.8267099999999999e+01,
    7.1850000000000009e+01, 0., -1.8215979999999998e+01,
    7.1900000000000006e+01, 0., -1.8132410000000000e+01,
    7.1950000000000003e+01, 0., -1.8042510000000000e+01, 72., 0.,
    -1.7992190000000001e+01, 7.2049999999999997e+01, 0.,
    -1.7935490000000001e+01, 7.2100000000000009e+01, 0.,
    -1.7897690000000001e+01, 7.2150000000000006e+01, 0.,
    -1.7867889999999999e+01, 7.2200000000000003e+01, 0.,
    -1.7839810000000000e+01, 7.2250000000000000e+01, 0.,
    -1.7808969999999999e+01, 7.2299999999999997e+01, 0.,
    -1.7765210000000000e+01, 7.2350000000000009e+01, 0.,
    -1.7723970000000001e+01, 7.2400000000000006e+01, 0.,
