%YAML:1.0
---
profile: [ 2.3250000000000000e+01, 0., -2.3387499999999999e+01,
    2.3300000000000001e+01, 0., -2.3385880000000000e+01,
    2.3350000000000001e+01, 0., -2.3382200000000001e+01,
    2.3400000000000002e+01, 0., -2.3375610000000002e+01,
    2.3450000000000003e+01, 0., -2.3368050000000000e+01,
    2.3500000000000000e+01, 0., -2.3353410000000000e+01,
    2.3550000000000001e+01, 0., -2.3338970000000000e+01,
    2.3600000000000001e+01, 0., -2.3302219999999998e+01,
    2.3650000000000002e+01, 0., -2.3257439999999999e+01,
    2.3700000000000003e+01, 0., -2.3210799999999999e+01,
    2.3750000000000000e+01, 0., -2.3149519999999999e+01,
    2.3800000000000001e+01, 0., -2.3090959999999999e+01,
    2.3850000000000001e+01, 0., -2.3032399999999999e+01,
    2.3900000000000002e+01, 0., -2.2976299999999998e+01,
    2.3950000000000003e+01, 0., -2.2928090000000001e+01, 24., 0.,
    -2.2901250000000001e+01, 2.4050000000000001e+01, 0.,
    -2.2867760000000001e+01, 2.4100000000000001e+01, 0.,
    -2.2841159999999999e+01, 2.4150000000000002e+01, 0.,
    -2.2819489999999998e+01, 2.4200000000000003e+01, 0.,
    -2.2816170000000000e+01, 2.4250000000000000e+01, 0.,
    -2.2763690000000000e+01, 2.4300000000000001e+01, 0.,
    -2.2712050000000001e+01, 2.4350000000000001e+01, 0.,
    -2.2655600000000000e+01, 2.4400000000000002e+01, 0.,
    -2.2614879999999999e+01, 2.4450000000000003e+01, 0.,
    -2.2581060000000001e+01, 2.4500000000000000e+01, 0.,
    -2.2549019999999999e+01, 2.4550000000000001e+01, 0.,
    -2.2515619999999998e+01, 2.4600000000000001e+01, 0.,
    -2.2472960000000000e+01, 2.4650000000000002e+01, 0.,
    -2.2436160000000001e+01, 2.4700000000000003e+01, 0.,
    -2.2389720000000001e+01, 2.4750000000000000e+01, 0.,
    -2.2351479999999999e+01, 2.4800000000000001e+01, 0.,
    -2.2302980000000002e+01, 2.4850000000000001e+01, 0.,
    -2.2263459999999998e+01, 2.4900000000000002e+01, 0.,
    -2.2203859999999999e+01, 2.4950000000000003e+01, 0.,
    -2.2143940000000001e+01, 25., 0., -2.2077539999999999e+01,
    2.5050000000000001e+01, 0., -2.2034700000000001e+01,
    2.5100000000000001e+01, 0., -2.1983560000000001e+01,
    2.5150000000000002e+01, 0., -2.1945560000000000e+01,
    2.5200000000000003e+01, 0., -2.1899120000000000e+01,
    2.5250000000000000e+01, 0., -2.1863280000000000e+01,
    2.5300000000000001e+01, 0., -2.1818429999999999e+01,
    2.5350000000000001e+01, 0., -2.1782589999999999e+01,
    2.5400000000000002e+01, 0., -2.1737600000000000e+01,
    2.5450000000000003e+01, 0., -2.1701640000000001e+01,
    2.5500000000000000e+01, 0., -2.1662900000000000e+01,
    2.5550000000000001e+01, 0., -2.1618620000000000e+01,
    2.5600000000000001e+01, 0., -2.1560500000000001e+01,
    2.5650000000000002e+01, 0., -2.1502379999999999e+01,
    2.5700000000000003e+01, 0., -2.1442779999999999e+01,
    2.5750000000000000e+01, 0., -2.1387400000000000e+01,
    2.5800000000000001e+01, 0., -2.1346000000000000e+01,
    2.5850000000000001e+01, 0., -2.1296430000000001e+01,
    2.5900000000000002e+01, 0., -2.1263750000000002e+01,
    2.5950000000000003e+01, 0., -2.1224299999999999e+01, 26., 0.,
    -2.1194500000000001e+01, 2.6050000000000001e+01, 0.,
    -2.1166879999999999e+01, 2.6100000000000001e+01, 0.,
    -2.1156400000000001e+01, 2.6150000000000002e+01, 0.,
    -2.1127160000000000e+01, 2.6200000000000003e+01, 0.,
    -2.1095240000000000e+01, 2.6250000000000000e+01, 0.,
    -2.1046180000000000e+01, 2.6300000000000001e+01, 0.,
    -2.0995100000000001e+01, 2.6350000000000001e+01, 0.,
    -2.0955100000000002e+01, 2.6400000000000002e+01, 0.,
    -2.0900870000000001e+01, 2.6450000000000003e+01, 0.,
    -2.0843950000000000e+01, 2.6500000000000000e+01, 0.,
    -2.0776700000000002e+01, 2.6550000000000001e+01, 0.,
    -2.0735499999999998e+01, 2.6600000000000001e+01, 0.,
    -2.0684000000000001e+01, 2.6650000000000002e+01, 0.,
    -2.0643000000000001e+01, 2.6700000000000003e+01, 0.,
    -2.0588899999999999e+01, 2.6750000000000000e+01, 0.,
    -2.0542259999999999e+01, 2.6800000000000001e+01, 0.,
    -2.0487660000000002e+01, 2.6850000000000001e+01, 0.,
    -2.0448540000000001e+01, 2.6900000000000002e+01, 0.,
    -2.0397600000000001e+01, 2.6950000000000003e+01, 0.,
    -2.0354440000000000e+01, 27., 0., -2.0299630000000001e+01,
    2.7050000000000001e+01, 0., -2.0254909999999999e+01,
    2.7100000000000001e+01, 0., -2.0207300000000000e+01,
    2.7150000000000002e+01, 0., -2.0173660000000002e+01,
    2.7200000000000003e+01, 0., -2.0159530000000000e+01,
    2.7250000000000000e+01, 0., -2.0146159999999998e+01,
    2.7300000000000001e+01, 0., -2.0078119999999998e+01,
    2.7350000000000001e+01, 0., -2.0003820000000001e+01,
    2.7400000000000002e+01, 0., -1.9978980000000000e+01,
    2.7450000000000003e+01, 0., -1.9946020000000001e+01,
    2.7500000000000000e+01, 0., -1.9913540000000001e+01,
    2.7550000000000001e+01, 0., -1.9869910000000001e+01,
    2.7600000000000001e+01, 0., -1.9831430000000001e+01,
    2.7650000000000002e+01, 0., -1.9780889999999999e+01,
    2.7700000000000003e+01, 0., -1.9739249999999998e+01,
    2.7750000000000000e+01, 0., -1.9685150000000000e+01,
    2.7800000000000001e+01, 0., -1.9640870000000000e+01,
    2.7850000000000001e+01, 0., -1.9596650000000000e+01,
    2.7900000000000002e+01, 0., -1.9567250000000001e+01,
    2.7950000000000003e+01, 0., -1.9522919999999999e+01, 28., 0.,
    -1.9478770000000001e+01, 2.8050000000000001e+01, 0.,
    -1.9450009999999999e+01, 2.8100000000000001e+01, 0.,
    -1.9409739999999999e+01, 2.8150000000000002e+01, 0.,
    -1.9363740000000000e+01, 2.8200000000000003e+01, 0.,
    -1.9313140000000001e+01, 2.8250000000000000e+01, 0.,
    -1.9281020000000002e+01, 2.8300000000000001e+01, 0.,
    -1.9248619999999999e+01, 2.8350000000000001e+01, 0.,
    -1.9232140000000001e+01, 2.8400000000000002e+01, 0.,
    -1.9189969999999999e+01, 2.8450000000000003e+01, 0.,
    -1.9144770000000001e+01, 2.8500000000000000e+01, 0.,
    -1.9095949999999998e+01, 2.8550000000000001e+01, 0.,
    -1.9058470000000000e+01, 2.8600000000000001e+01, 0.,
    -1.9001660000000001e+01, 2.8650000000000002e+01, 0.,
    -1.8942830000000001e+01, 2.8700000000000003e+01, 0.,
    -1.8897349999999999e+01, 2.8750000000000000e+01, 0.,
    -1.8841290000000001e+01, 2.8800000000000001e+01, 0.,
    -1.8799209999999999e+01, 2.8850000000000001e+01, 0.,
    -1.8748100000000001e+01, 2.8900000000000002e+01, 0.,
    -1.8712100000000000e+01, 2.8950000000000003e+01, 0.,
    -1.8676060000000000e+01, 29., 0., -1.8658100000000001e+01,
    2.9050000000000001e+01, 0., -1.8622070000000001e+01,
    2.9100000000000001e+01, 0., -1.8586069999999999e+01,
    2.9150000000000002e+01, 0., -1.8542430000000000e+01,
    2.9200000000000003e+01, 0., -1.8507790000000000e+01,
    2.9250000000000000e+01, 0., -1.8445760000000000e+01,
    2.9300000000000001e+01, 0., -1.8377099999999999e+01,
    2.9350000000000001e+01, 0., -1.8315740000000002e+01,
    2.9400000000000002e+01, 0., -1.8250029999999999e+01,
    2.9450000000000003e+01, 0., -1.8232910000000000e+01,
    2.9500000000000000e+01, 0., -1.8203450000000000e+01,
    2.9550000000000001e+01, 0., -1.8170210000000001e+01,
    2.9600000000000001e+01, 0., -1.8126180000000002e+01,
    2.9650000000000002e+01, 0., -1.8087980000000002e+01,
    2.9700000000000003e+01, 0., -1.8061660000000000e+01,
    2.9750000000000000e+01, 0., -1.8052060000000001e+01,
    2.9800000000000001e+01, 0., -1.7997100000000000e+01,
    2.9850000000000001e+01, 0., -1.7944540000000000e+01,
    2.9900000000000002e+01, 0., -1.7870159999999998e+01,
    2.9950000000000003e+01, 0., -1.7808920000000001e+01, 30., 0.,
    -1.7759250000000002e+01, 3.0050000000000001e+01, 0.,
    -1.7716120000000000e+01, 3.0100000000000001e+01, 0.,
    -1.7680879999999998e+01, 3.0150000000000002e+01, 0.,
    -1.7623480000000001e+01, 3.0200000000000003e+01, 0.,
    -1.7561679999999999e+01, 3.0250000000000000e+01, 0.,
    -1.7509709999999998e+01, 3.0300000000000001e+01, 0.,
    -1.7498629999999999e+01, 3.0350000000000001e+01, 0.,
