%YAML:1.0
---
profile: [ 1.0065000000000001e+02, 0., -2.3494579999999999e+01,
    1.0070000000000000e+02, 0., -2.3484359999999999e+01,
    1.0075000000000000e+02, 0., -2.3480840000000001e+01,
    1.0080000000000001e+02, 0., -2.3477900000000002e+01,
    1.0085000000000001e+02, 0., -2.3476379999999999e+01,
    1.0090000000000001e+02, 0., -2.3473369999999999e+01,
    1.0095000000000000e+02, 0., -2.3467910000000000e+01, 101., 0.,
    -2.3460989999999999e+01, 1.0105000000000001e+02, 0.,
    -2.3442280000000000e+01, 1.0110000000000001e+02, 0.,
    -2.3406520000000000e+01, 1.0115000000000001e+02, 0.,
    -2.3344519999999999e+01, 1.0120000000000000e+02, 0.,
    -2.3278320000000001e+01, 1.0125000000000000e+02, 0.,
    -2.3222339999999999e+01, 1.0130000000000001e+02, 0.,
    -2.3186180000000000e+01, 1.0135000000000001e+02, 0.,
    -2.3144800000000000e+01, 1.0140000000000001e+02, 0.,
    -2.3113800000000001e+01, 1.0145000000000000e+02, 0.,
    -2.3076850000000000e+01, 1.0150000000000000e+02, 0.,
    -2.3037279999999999e+01, 1.0155000000000001e+02, 0.,
    -2.3002040000000001e+01, 1.0160000000000001e+02, 0.,
    -2.2953440000000001e+01, 1.0165000000000001e+02, 0.,
    -2.2904640000000001e+01, 1.0170000000000000e+02, 0.,
    -2.2866759999999999e+01, 1.0175000000000000e+02, 0.,
    -2.2818090000000002e+01, 1.0180000000000001e+02, 0.,
    -2.2772290000000002e+01, 1.0185000000000001e+02, 0.,
    -2.2747530000000001e+01, 1.0190000000000001e+02, 0.,
    -2.2715910000000001e+01, 1.0195000000000000e+02, 0.,
    -2.2680630000000001e+01, 102., 0., -2.2642109999999999e+01,
    1.0205000000000001e+02, 0., -2.2591139999999999e+01,
    1.0210000000000001e+02, 0., -2.2547020000000000e+01,
    1.0215000000000001e+02, 0., -2.2499800000000000e+01,
    1.0220000000000000e+02, 0., -2.2458559999999999e+01,
    1.0225000000000000e+02, 0., -2.2430440000000001e+01,
    1.0230000000000001e+02, 0., -2.2403990000000000e+01,
    1.0235000000000001e+02, 0., -2.2373180000000001e+01,
    1.0240000000000001e+02, 0., -2.2340779999999999e+01,
    1.0245000000000000e+02, 0., -2.2276430000000001e+01,
    1.0250000000000000e+02, 0., -2.2200790000000001e+01,
    1.0255000000000001e+02, 0., -2.2155030000000000e+01,
    1.0260000000000001e+02, 0., -2.2105709999999998e+01,
    1.0265000000000001e+02, 0., -2.2061679999999999e+01,
    1.0270000000000000e+02, 0., -2.2026479999999999e+01,
    1.0275000000000000e+02, 0., -2.1980530000000002e+01,
    1.0280000000000001e+02, 0., -2.1933039999999998e+01,
    1.0285000000000001e+02, 0., -2.1894400000000001e+01,
    1.0290000000000001e+02, 0., -2.1845020000000002e+01,
    1.0295000000000000e+02, 0., -2.1805019999999999e+01, 103., 0.,
    -2.1749310000000001e+01, 1.0305000000000001e+02, 0.,
    -2.1693480000000001e+01, 1.0310000000000001e+02, 0.,
    -2.1650359999999999e+01, 1.0315000000000001e+02, 0.,
    -2.1611440000000002e+01, 1.0320000000000000e+02, 0.,
    -2.1575450000000000e+01, 1.0325000000000000e+02, 0.,
    -2.1545649999999998e+01, 1.0330000000000001e+02, 0.,
    -2.1499580000000002e+01, 1.0335000000000001e+02, 0.,
    -2.1449950000000001e+01, 1.0340000000000001e+02, 0.,
    -2.1408590000000000e+01, 1.0345000000000000e+02, 0.,
    -2.1369840000000000e+01, 1.0350000000000000e+02, 0.,
    -2.1334009999999999e+01, 1.0355000000000001e+02, 0.,
    -2.1304210000000001e+01, 1.0360000000000001e+02, 0.,
    -2.1268129999999999e+01, 1.0365000000000001e+02, 0.,
    -2.1231780000000001e+01, 1.0370000000000000e+02, 0.,
    -2.1199420000000000e+01, 1.0375000000000000e+02, 0.,
    -2.1154979999999998e+01, 1.0380000000000001e+02, 0.,
    -2.1105730000000001e+01, 1.0385000000000001e+02, 0.,
    -2.1059210000000000e+01, 1.0390000000000001e+02, 0.,
    -2.0996009999999998e+01, 1.0395000000000000e+02, 0.,
    -2.0934529999999999e+01, 104., 0., -2.0901730000000001e+01,
    1.0405000000000001e+02, 0., -2.0860420000000001e+01,
    1.0410000000000001e+02, 0., -2.0827140000000000e+01,
    1.0415000000000001e+02, 0., -2.0796959999999999e+01,
    1.0420000000000000e+02, 0., -2.0770990000000001e+01,
    1.0425000000000000e+02, 0., -2.0751790000000000e+01,
    1.0430000000000001e+02, 0., -2.0727119999999999e+01,
    1.0435000000000001e+02, 0., -2.0695229999999999e+01,
    1.0440000000000001e+02, 0., -2.0647189999999998e+01,
    1.0445000000000000e+02, 0., -2.0568259999999999e+01,
    1.0450000000000000e+02, 0., -2.0495799999999999e+01,
    1.0455000000000001e+02, 0., -2.0460719999999998e+01,
    1.0460000000000001e+02, 0., -2.0416360000000001e+01,
    1.0465000000000001e+02, 0., -2.0373640000000002e+01,
    1.0470000000000000e+02, 0., -2.0345759999999999e+01,
    1.0475000000000000e+02, 0., -2.0299170000000000e+01,
    1.0480000000000001e+02, 0., -2.0245229999999999e+01,
    1.0485000000000001e+02, 0., -2.0203469999999999e+01,
    1.0490000000000001e+02, 0., -2.0142790000000002e+01,
    1.0495000000000000e+02, 0., -2.0076740000000001e+01, 105., 0.,
    -2.0024699999999999e+01, 1.0505000000000001e+02, 0.,
    -1.9968689999999999e+01, 1.0510000000000001e+02, 0.,
    -1.9921810000000001e+01, 1.0515000000000001e+02, 0.,
    -1.9894130000000001e+01, 1.0520000000000000e+02, 0.,
    -1.9863949999999999e+01, 1.0525000000000000e+02, 0.,
    -1.9835760000000001e+01, 1.0530000000000001e+02, 0.,
    -1.9809960000000000e+01, 1.0535000000000001e+02, 0.,
    -1.9768870000000000e+01, 1.0540000000000001e+02, 0.,
    -1.9725510000000000e+01, 1.0545000000000000e+02, 0.,
    -1.9637920000000001e+01, 1.0550000000000000e+02, 0.,
    -1.9571600000000000e+01, 1.0555000000000001e+02, 0.,
    -1.9528829999999999e+01, 1.0560000000000001e+02, 0.,
    -1.9506910000000001e+01, 1.0565000000000001e+02, 0.,
    -1.9477419999999999e+01, 1.0570000000000000e+02, 0.,
    -1.9451460000000001e+01, 1.0575000000000000e+02, 0.,
    -1.9423269999999999e+01, 1.0580000000000001e+02, 0.,
    -1.9397880000000001e+01, 1.0585000000000001e+02, 0.,
    -1.9379680000000000e+01, 1.0590000000000001e+02, 0.,
    -1.9353159999999999e+01, 1.0595000000000000e+02, 0.,
    -1.9321650000000002e+01, 106., 0., -1.9283609999999999e+01,
    1.0605000000000001e+02, 0., -1.9213880000000000e+01,
    1.0610000000000001e+02, 0., -1.9132500000000000e+01,
    1.0615000000000001e+02, 0., -1.9071140000000000e+01,
    1.0620000000000000e+02, 0., -1.9020350000000001e+01,
    1.0625000000000000e+02, 0., -1.8971309999999999e+01,
    1.0630000000000001e+02, 0., -1.8926430000000000e+01,
    1.0635000000000001e+02, 0., -1.8880569999999999e+01,
    1.0640000000000001e+02, 0., -1.8836870000000001e+01,
    1.0645000000000000e+02, 0., -1.8801469999999998e+01,
    1.0650000000000000e+02, 0., -1.8760899999999999e+01,
    1.0655000000000001e+02, 0., -1.8720720000000000e+01,
    1.0660000000000001e+02, 0., -1.8686920000000001e+01,
    1.0665000000000001e+02, 0., -1.8642180000000000e+01,
    1.0670000000000000e+02, 0., -1.8594870000000000e+01,
    1.0675000000000000e+02, 0., -1.8554269999999999e+01,
    1.0680000000000001e+02, 0., -1.8500219999999999e+01,
    1.0685000000000001e+02, 0., -1.8445250000000001e+01,
    1.0690000000000001e+02, 0., -1.8405529999999999e+01,
    1.0695000000000000e+02, 0., -1.8354450000000000e+01, 107., 0.,
    -1.8302470000000000e+01, 1.0705000000000001e+02, 0.,
    -1.8261030000000002e+01, 1.0710000000000001e+02, 0.,
    -1.8209849999999999e+01, 1.0715000000000001e+02, 0.,
    -1.8161210000000001e+01, 1.0720000000000000e+02, 0.,
    -1.8129090000000001e+01, 1.0725000000000000e+02, 0.,
    -1.8090290000000000e+01, 1.0730000000000001e+02, 0.,
    -1.8050319999999999e+01, 1.0735000000000001e+02, 0.,
    -1.8011520000000001e+01, 1.0740000000000001e+02, 0.,
    -1.7963539999999998e+01, 1.0745000000000000e+02, 0.,
    -1.7917059999999999e+01, 1.0750000000000000e+02, 0.,
    -1.7883459999999999e+01, 1.0755000000000001e+02, 0.,
    -1.7852399999999999e+01, 1.0760000000000001e+02, 0.,
    -1.7827780000000001e+01, 1.0765000000000001e+02, 0.,
    -1.7805380000000000e+01, 1.0770000000000000e+02, 0.,
