%YAML:1.0
---
profile: [ 6.1500000000000000e+01, 0., -2.3519400000000001e+01,
    6.1550000000000004e+01, 0., -2.3504120000000000e+01,
    6.1600000000000001e+01, 0., -2.3488610000000001e+01,
    6.1650000000000006e+01, 0., -2.3478619999999999e+01,
    6.1700000000000003e+01, 0., -2.3480260000000001e+01,
    6.1750000000000000e+01, 0., -2.3470350000000000e+01,
    6.1800000000000004e+01, 0., -2.3448070000000001e+01,
    6.1850000000000001e+01, 0., -2.3411690000000000e+01,
    6.1900000000000006e+01, 0., -2.3365069999999999e+01,
    6.1950000000000003e+01, 0., -2.3312830000000002e+01, 62., 0.,
    -2.3245660000000001e+01, 6.2050000000000004e+01, 0.,
    -2.3186140000000002e+01, 6.2100000000000001e+01, 0.,
    -2.3139299999999999e+01, 6.2150000000000006e+01, 0.,
    -2.3134979999999999e+01, 6.2200000000000003e+01, 0.,
    -2.3066559999999999e+01, 6.2250000000000000e+01, 0.,
    -2.2988019999999999e+01, 6.2300000000000004e+01, 0.,
    -2.2943259999999999e+01, 6.2350000000000001e+01, 0.,
    -2.2879880000000000e+01, 6.2400000000000006e+01, 0.,
    -2.2820360000000001e+01, 6.2450000000000003e+01, 0.,
    -2.2772649999999999e+01, 6.2500000000000000e+01, 0.,
    -2.2748770000000000e+01, 6.2550000000000004e+01, 0.,
    -2.2693280000000001e+01, 6.2600000000000001e+01, 0.,
    -2.2648930000000000e+01, 6.2650000000000006e+01, 0.,
    -2.2669329999999999e+01, 6.2700000000000003e+01, 0.,
    -2.2645900000000001e+01, 6.2750000000000000e+01, 0.,
    -2.2601060000000000e+01, 6.2800000000000004e+01, 0.,
    -2.2548900000000000e+01, 6.2850000000000001e+01, 0.,
    -2.2497699999999998e+01, 6.2900000000000006e+01, 0.,
    -2.2456659999999999e+01, 6.2950000000000003e+01, 0.,
    -2.2405390000000001e+01, 63., 0., -2.2364509999999999e+01,
    6.3050000000000004e+01, 0., -2.2313340000000000e+01,
    6.3100000000000001e+01, 0., -2.2272459999999999e+01,
    6.3150000000000006e+01, 0., -2.2221129999999999e+01,
    6.3200000000000003e+01, 0., -2.2168379999999999e+01,
    6.3250000000000000e+01, 0., -2.2121700000000001e+01,
    6.3300000000000004e+01, 0., -2.2067580000000000e+01,
    6.3350000000000001e+01, 0., -2.2026579999999999e+01,
    6.3400000000000006e+01, 0., -2.1975510000000000e+01,
    6.3450000000000003e+01, 0., -2.1924499999999998e+01,
    6.3500000000000000e+01, 0., -2.1883659999999999e+01,
    6.3550000000000004e+01, 0., -2.1829960000000000e+01,
    6.3600000000000001e+01, 0., -2.1783880000000000e+01,
    6.3650000000000006e+01, 0., -2.1752260000000000e+01,
    6.3700000000000003e+01, 0., -2.1734140000000000e+01,
    6.3750000000000000e+01, 0., -2.1707339999999999e+01,
    6.3800000000000004e+01, 0., -2.1682220000000001e+01,
    6.3850000000000001e+01, 0., -2.1672300000000000e+01,
    6.3900000000000006e+01, 0., -2.1626560000000001e+01,
    6.3950000000000003e+01, 0., -2.1572240000000001e+01, 64., 0.,
    -2.1513449999999999e+01, 6.4049999999999997e+01, 0.,
    -2.1455410000000001e+01, 6.4100000000000009e+01, 0.,
    -2.1403929999999999e+01, 6.4150000000000006e+01, 0.,
    -2.1344320000000000e+01, 6.4200000000000003e+01, 0.,
    -2.1299199999999999e+01, 6.4250000000000000e+01, 0.,
    -2.1242880000000000e+01, 6.4299999999999997e+01, 0.,
    -2.1186150000000001e+01, 6.4350000000000009e+01, 0.,
    -2.1139510000000001e+01, 6.4400000000000006e+01, 0.,
    -2.1099190000000000e+01, 6.4450000000000003e+01, 0.,
    -2.1088509999999999e+01, 6.4500000000000000e+01, 0.,
    -2.1055029999999999e+01, 6.4549999999999997e+01, 0.,
    -2.1009899999999998e+01, 6.4600000000000009e+01, 0.,
    -2.0979340000000001e+01, 6.4650000000000006e+01, 0.,
    -2.0943059999999999e+01, 6.4700000000000003e+01, 0.,
    -2.0916340000000002e+01, 6.4750000000000000e+01, 0.,
    -2.0879549999999998e+01, 6.4799999999999997e+01, 0.,
    -2.0848310000000001e+01, 6.4850000000000009e+01, 0.,
    -2.0762730000000001e+01, 6.4900000000000006e+01, 0.,
    -2.0661680000000000e+01, 6.4950000000000003e+01, 0.,
    -2.0568760000000001e+01, 65., 0., -2.0490790000000001e+01,
    6.5049999999999997e+01, 0., -2.0474309999999999e+01,
    6.5100000000000009e+01, 0., -2.0403189999999999e+01,
    6.5150000000000006e+01, 0., -2.0331469999999999e+01,
    6.5200000000000003e+01, 0., -2.0312470000000001e+01,
    6.5250000000000000e+01, 0., -2.0305199999999999e+01,
    6.5299999999999997e+01, 0., -2.0319120000000002e+01,
    6.5350000000000009e+01, 0., -2.0331720000000001e+01,
    6.5400000000000006e+01, 0., -2.0344110000000001e+01,
    6.5450000000000003e+01, 0., -2.0357150000000001e+01,
    6.5500000000000000e+01, 0., -2.0372830000000000e+01,
    6.5549999999999997e+01, 0., -2.0384989999999998e+01,
    6.5600000000000009e+01, 0., -2.0402850000000001e+01,
    6.5650000000000006e+01, 0., -2.0423069999999999e+01,
    6.5700000000000003e+01, 0., -2.0441350000000000e+01,
    6.5750000000000000e+01, 0., -2.0462689999999998e+01,
    6.5799999999999997e+01, 0., -2.0490790000000001e+01,
    6.5850000000000009e+01, 0., -2.0536069999999999e+01,
    6.5900000000000006e+01, 0., -2.0563910000000000e+01,
    6.5950000000000003e+01, 0., -2.0570750000000000e+01, 66., 0.,
    -2.0597750000000001e+01, 6.6049999999999997e+01, 0.,
    -2.0629349999999999e+01, 6.6100000000000009e+01, 0.,
    -2.0654589999999999e+01, 6.6150000000000006e+01, 0.,
    -2.0695200000000000e+01, 6.6200000000000003e+01, 0.,
    -2.0744340000000001e+01, 6.6250000000000000e+01, 0.,
    -2.0803619999999999e+01, 6.6299999999999997e+01, 0.,
    -2.0857469999999999e+01, 6.6350000000000009e+01, 0.,
    -2.0899979999999999e+01, 6.6400000000000006e+01, 0.,
    -2.0941020000000002e+01, 6.6450000000000003e+01, 0.,
    -2.0982790000000001e+01, 6.6500000000000000e+01, 0.,
    -2.1011070000000000e+01, 6.6549999999999997e+01, 0.,
    -2.1103750000000002e+01, 6.6600000000000009e+01, 0.,
    -2.1167529999999999e+01, 6.6650000000000006e+01, 0.,
    -2.1166689999999999e+01, 6.6700000000000003e+01, 0.,
    -2.1229399999999998e+01, 6.6750000000000000e+01, 0.,
    -2.1288440000000001e+01, 6.6799999999999997e+01, 0.,
    -2.1312159999999999e+01, 6.6850000000000009e+01, 0.,
    -2.1358129999999999e+01, 6.6900000000000006e+01, 0.,
    -2.1411930000000002e+01, 6.6950000000000003e+01, 0.,
    -2.1445170000000001e+01, 67., 0., -2.1481320000000000e+01,
    6.7049999999999997e+01, 0., -2.1507280000000002e+01,
    6.7100000000000009e+01, 0., -2.1562840000000001e+01,
    6.7150000000000006e+01, 0., -2.1617139999999999e+01,
    6.7200000000000003e+01, 0., -2.1652180000000001e+01,
    6.7250000000000000e+01, 0., -2.1686270000000000e+01,
    6.7299999999999997e+01, 0., -2.1726320000000001e+01,
    6.7350000000000009e+01, 0., -2.1785080000000001e+01,
    6.7400000000000006e+01, 0., -2.1828959999999999e+01,
    6.7450000000000003e+01, 0., -2.1860250000000001e+01,
    6.7500000000000000e+01, 0., -2.1907889999999998e+01,
    6.7549999999999997e+01, 0., -2.1961200000000002e+01,
    6.7600000000000009e+01, 0., -2.1996359999999999e+01,
    6.7650000000000006e+01, 0., -2.2049230000000001e+01,
    6.7700000000000003e+01, 0., -2.2101559999999999e+01,
    6.7750000000000000e+01, 0., -2.2140039999999999e+01,
    6.7799999999999997e+01, 0., -2.2192299999999999e+01,
    6.7850000000000009e+01, 0., -2.2247789999999998e+01,
    6.7900000000000006e+01, 0., -2.2293749999999999e+01,
    6.7950000000000003e+01, 0., -2.2327169999999999e+01, 68., 0.,
    -2.2341049999999999e+01, 6.8049999999999997e+01, 0.,
    -2.2416080000000001e+01, 6.8100000000000009e+01, 0.,
    -2.2486039999999999e+01, 6.8150000000000006e+01, 0.,
    -2.2518680000000000e+01, 6.8200000000000003e+01, 0.,
    -2.2576250000000002e+01, 6.8250000000000000e+01, 0.,
    -2.2632570000000001e+01, 6.8299999999999997e+01, 0.,
    -2.2660090000000000e+01, 6.8350000000000009e+01, 0.,
    -2.2681979999999999e+01, 6.8400000000000006e+01, 0.,
    -2.2692820000000001e+01, 6.8450000000000003e+01, 0.,
    -2.2717620000000000e+01, 6.8500000000000000e+01, 0.,
    -2.2748329999999999e+01, 6.8549999999999997e+01, 0.,
    -2.2776570000000000e+01, 6.8600000000000009e+01, 0.,
