%YAML:1.0
---
profile: [ 6.9250000000000000e+01, 0., -1.9484670000000001e+01,
    6.9299999999999997e+01, 0., -1.9490670000000001e+01,
    6.9350000000000009e+01, 0., -1.9491090000000000e+01,
    6.9400000000000006e+01, 0., -1.9481169999999999e+01,
    6.9450000000000003e+01, 0., -1.9455449999999999e+01,
    6.9500000000000000e+01, 0., -1.9421379999999999e+01,
    6.9549999999999997e+01, 0., -1.9391900000000000e+01,
    6.9600000000000009e+01, 0., -1.9345929999999999e+01,
    6.9650000000000006e+01, 0., -1.9292430000000000e+01,
    6.9700000000000003e+01, 0., -1.9244789999999998e+01,
    6.9750000000000000e+01, 0., -1.9184490000000000e+01,
    6.9799999999999997e+01, 0., -1.9135370000000002e+01,
    6.9850000000000009e+01, 0., -1.9073950000000000e+01,
    6.9900000000000006e+01, 0., -1.9024870000000000e+01,
    6.9950000000000003e+01, 0., -1.8972860000000001e+01, 70., 0.,
    -1.8929140000000000e+01, 7.0049999999999997e+01, 0.,
    -1.8901260000000001e+01, 7.0100000000000009e+01, 0.,
    -1.8865929999999999e+01, 7.0150000000000006e+01, 0.,
    -1.8830660000000002e+01, 7.0200000000000003e+01, 0.,
    -1.8803500000000000e+01, 7.0250000000000000e+01, 0.,
    -1.8767289999999999e+01, 7.0299999999999997e+01, 0.,
    -1.8735650000000000e+01, 7.0350000000000009e+01, 0.,
    -1.8689440000000001e+01, 7.0400000000000006e+01, 0.,
    -1.8639299999999999e+01, 7.0450000000000003e+01, 0.,
    -1.8600860000000001e+01, 7.0500000000000000e+01, 0.,
    -1.8549029999999998e+01, 7.0549999999999997e+01, 0.,
    -1.8503110000000000e+01, 7.0600000000000009e+01, 0.,
    -1.8442019999999999e+01, 7.0650000000000006e+01, 0.,
    -1.8382359999999998e+01, 7.0700000000000003e+01, 0.,
    -1.8347000000000001e+01, 7.0750000000000000e+01, 0.,
    -1.8306719999999999e+01, 7.0799999999999997e+01, 0.,
    -1.8279199999999999e+01, 7.0850000000000009e+01, 0.,
    -1.8246710000000000e+01, 7.0900000000000006e+01, 0.,
    -1.8213010000000001e+01, 7.0950000000000003e+01, 0.,
    -1.8180730000000001e+01, 71., 0., -1.8137580000000000e+01,
    7.1049999999999997e+01, 0., -1.8099779999999999e+01,
    7.1100000000000009e+01, 0., -1.8047509999999999e+01,
    7.1150000000000006e+01, 0., -1.7992220000000000e+01,
    7.1200000000000003e+01, 0., -1.7942460000000001e+01,
    7.1250000000000000e+01, 0., -1.7891089999999998e+01,
    7.1299999999999997e+01, 0., -1.7855810000000002e+01,
    7.1350000000000009e+01, 0., -1.7813970000000001e+01,
    7.1400000000000006e+01, 0., -1.7771480000000000e+01,
    7.1450000000000003e+01, 0., -1.7733760000000000e+01,
    7.1500000000000000e+01, 0., -1.7688440000000000e+01,
    7.1549999999999997e+01, 0., -1.7653240000000000e+01,
    7.1600000000000009e+01, 0., -1.7598929999999999e+01,
    7.1650000000000006e+01, 0., -1.7545000000000002e+01,
    7.1700000000000003e+01, 0., -1.7505320000000001e+01,
    7.1750000000000000e+01, 0., -1.7463590000000000e+01,
    7.1799999999999997e+01, 0., -1.7434429999999999e+01,
    7.1850000000000009e+01, 0., -1.7402190000000001e+01,
    7.1900000000000006e+01, 0., -1.7363679999999999e+01,
    7.1950000000000003e+01, 0., -1.7324040000000000e+01, 72., 0.,
    -1.7270849999999999e+01, 7.2049999999999997e+01, 0.,
    -1.7212340000000001e+01, 7.2100000000000009e+01, 0.,
    -1.7156220000000001e+01, 7.2150000000000006e+01, 0.,
    -1.7093150000000001e+01, 7.2200000000000003e+01, 0.,
    -1.7051269999999999e+01, 7.2250000000000000e+01, 0.,
    -1.7019010000000002e+01, 7.2299999999999997e+01, 0.,
    -1.6989139999999999e+01, 7.2350000000000009e+01, 0.,
    -1.6956980000000001e+01, 7.2400000000000006e+01, 0.,
    -1.6918700000000001e+01, 7.2450000000000003e+01, 0.,
    -1.6890460000000001e+01, 7.2500000000000000e+01, 0.,
    -1.6847519999999999e+01, 7.2549999999999997e+01, 0.,
    -1.6804140000000000e+01, 7.2600000000000009e+01, 0.,
    -1.6774300000000000e+01, 7.2650000000000006e+01, 0.,
    -1.6733609999999999e+01, 7.2700000000000003e+01, 0.,
    -1.6699330000000000e+01, 7.2750000000000000e+01, 0.,
    -1.6633690000000001e+01, 7.2799999999999997e+01, 0.,
    -1.6570830000000001e+01, 7.2850000000000009e+01, 0.,
    -1.6530670000000001e+01, 7.2900000000000006e+01, 0.,
    -1.6462779999999999e+01, 7.2950000000000003e+01, 0.,
    -1.6389820000000000e+01, 73., 0., -1.6352740000000001e+01,
    7.3049999999999997e+01, 0., -1.6308620000000001e+01,
    7.3100000000000009e+01, 0., -1.6276060000000001e+01,
    7.3150000000000006e+01, 0., -1.6236370000000001e+01,
    7.3200000000000003e+01, 0., -1.6197230000000001e+01,
    7.3250000000000000e+01, 0., -1.6165469999999999e+01,
    7.3299999999999997e+01, 0., -1.6117500000000000e+01,
    7.3350000000000009e+01, 0., -1.6069299999999998e+01,
    7.3400000000000006e+01, 0., -1.6018699999999999e+01,
    7.3450000000000003e+01, 0., -1.5973369999999999e+01,
    7.3500000000000000e+01, 0., -1.5946289999999999e+01,
    7.3549999999999997e+01, 0., -1.5912179999999999e+01,
    7.3600000000000009e+01, 0., -1.5884779999999999e+01,
    7.3650000000000006e+01, 0., -1.5841430000000001e+01,
    7.3700000000000003e+01, 0., -1.5792570000000000e+01,
    7.3750000000000000e+01, 0., -1.5749610000000001e+01,
    7.3799999999999997e+01, 0., -1.5691250000000000e+01,
    7.3850000000000009e+01, 0., -1.5634290000000000e+01,
    7.3900000000000006e+01, 0., -1.5603170000000000e+01,
    7.3950000000000003e+01, 0., -1.5563280000000001e+01, 74., 0.,
    -1.5530239999999999e+01, 7.4049999999999997e+01, 0.,
    -1.5495979999999999e+01, 7.4100000000000009e+01, 0.,
    -1.5459809999999999e+01, 7.4150000000000006e+01, 0.,
    -1.5419250000000000e+01, 7.4200000000000003e+01, 0.,
    -1.5373450000000000e+01, 7.4250000000000000e+01, 0.,
    -1.5339490000000000e+01, 7.4299999999999997e+01, 0.,
    -1.5276070000000001e+01, 7.4350000000000009e+01, 0.,
    -1.5210950000000000e+01, 7.4400000000000006e+01, 0.,
    -1.5163029999999999e+01, 7.4450000000000003e+01, 0.,
    -1.5102380000000000e+01, 7.4500000000000000e+01, 0.,
    -1.5048130000000000e+01, 7.4549999999999997e+01, 0.,
    -1.5026770000000001e+01, 7.4600000000000009e+01, 0.,
    -1.5000640000000001e+01, 7.4650000000000006e+01, 0.,
    -1.4980440000000000e+01, 7.4700000000000003e+01, 0.,
    -1.4955489999999999e+01, 7.4750000000000000e+01, 0.,
    -1.4924239999999999e+01, 7.4799999999999997e+01, 0.,
    -1.4878800000000000e+01, 7.4850000000000009e+01, 0.,
    -1.4821830000000000e+01, 7.4900000000000006e+01, 0.,
    -1.4776230000000000e+01, 7.4950000000000003e+01, 0.,
    -1.4720250000000000e+01, 75., 0., -1.4669930000000001e+01,
    7.5049999999999997e+01, 0., -1.4636170000000000e+01,
    7.5100000000000009e+01, 0., -1.4570740000000001e+01,
    7.5150000000000006e+01, 0., -1.4488820000000000e+01,
    7.5200000000000003e+01, 0., -1.4419820000000000e+01,
    7.5250000000000000e+01, 0., -1.4336589999999999e+01,
    7.5299999999999997e+01, 0., -1.4273709999999999e+01,
    7.5350000000000009e+01, 0., -1.4234489999999999e+01,
    7.5400000000000006e+01, 0., -1.4208060000000000e+01,
    7.5450000000000003e+01, 0., -1.4196339999999999e+01,
    7.5500000000000000e+01, 0., -1.4181039999999999e+01,
    7.5549999999999997e+01, 0., -1.4164600000000000e+01,
    7.5600000000000009e+01, 0., -1.4149160000000000e+01,
    7.5650000000000006e+01, 0., -1.4122479999999999e+01,
    7.5700000000000003e+01, 0., -1.4092320000000001e+01,
    7.5750000000000000e+01, 0., -1.4058380000000000e+01,
    7.5799999999999997e+01, 0., -1.4024410000000000e+01,
    7.5850000000000009e+01, 0., -1.3994249999999999e+01,
    7.5900000000000006e+01, 0., -1.3952180000000000e+01,
    7.5950000000000003e+01, 0., -1.3916219999999999e+01, 76., 0.,
    -1.3841970000000000e+01, 7.6049999999999997e+01, 0.,
    -1.3761160000000000e+01, 7.6100000000000009e+01, 0.,
    -1.3697520000000001e+01, 7.6150000000000006e+01, 0.,
    -1.3621530000000000e+01, 7.6200000000000003e+01, 0.,
    -1.3548510000000000e+01, 7.6250000000000000e+01, 0.,
    -1.3496750000000000e+01, 7.6299999999999997e+01, 0.,
    -1.3444480000000000e+01, 7.6350000000000009e+01, 0.,
