%YAML:1.0
---
profile: [ 7.7500000000000000e+01, 0., -2.3519700000000000e+01,
    7.7550000000000011e+01, 0., -2.3509060000000002e+01,
    7.7600000000000009e+01, 0., -2.3500119999999999e+01,
    7.7650000000000006e+01, 0., -2.3492770000000000e+01,
    7.7700000000000003e+01, 0., -2.3488330000000001e+01,
    7.7750000000000000e+01, 0., -2.3483149999999998e+01,
    7.7800000000000011e+01, 0., -2.3479270000000000e+01,
    7.7850000000000009e+01, 0., -2.3468129999999999e+01,
    7.7900000000000006e+01, 0., -2.3452700000000000e+01,
    7.7950000000000003e+01, 0., -2.3431460000000001e+01, 78., 0.,
    -2.3406230000000001e+01, 7.8050000000000011e+01, 0.,
    -2.3386830000000000e+01, 7.8100000000000009e+01, 0.,
    -2.3318180000000002e+01, 7.8150000000000006e+01, 0.,
    -2.3237760000000002e+01, 7.8200000000000003e+01, 0.,
    -2.3172680000000000e+01, 7.8250000000000000e+01, 0.,
    -2.3095960000000002e+01, 7.8300000000000011e+01, 0.,
    -2.3037080000000000e+01, 7.8350000000000009e+01, 0.,
    -2.2986070000000002e+01, 7.8400000000000006e+01, 0.,
    -2.2951100000000000e+01, 7.8450000000000003e+01, 0.,
    -2.2935620000000000e+01, 7.8500000000000000e+01, 0.,
    -2.2907240000000002e+01, 7.8550000000000011e+01, 0.,
    -2.2870100000000001e+01, 7.8600000000000009e+01, 0.,
    -2.2831379999999999e+01, 7.8650000000000006e+01, 0.,
    -2.2777539999999998e+01, 7.8700000000000003e+01, 0.,
    -2.2728059999999999e+01, 7.8750000000000000e+01, 0.,
    -2.2680879999999998e+01, 7.8800000000000011e+01, 0.,
    -2.2636399999999998e+01, 7.8850000000000009e+01, 0.,
    -2.2597719999999999e+01, 7.8900000000000006e+01, 0.,
    -2.2536880000000000e+01, 7.8950000000000003e+01, 0.,
    -2.2473360000000000e+01, 79., 0., -2.2398070000000001e+01,
    7.9050000000000011e+01, 0., -2.2325669999999999e+01,
    7.9100000000000009e+01, 0., -2.2273710000000001e+01,
    7.9150000000000006e+01, 0., -2.2236180000000001e+01,
    7.9200000000000003e+01, 0., -2.2220780000000001e+01,
    7.9250000000000000e+01, 0., -2.2179060000000000e+01,
    7.9300000000000011e+01, 0., -2.2134879999999999e+01,
    7.9350000000000009e+01, 0., -2.2103320000000000e+01,
    7.9400000000000006e+01, 0., -2.2056529999999999e+01,
    7.9450000000000003e+01, 0., -2.2005970000000001e+01,
    7.9500000000000000e+01, 0., -2.1969049999999999e+01,
    7.9550000000000011e+01, 0., -2.1920680000000001e+01,
    7.9600000000000009e+01, 0., -2.1879400000000000e+01,
    7.9650000000000006e+01, 0., -2.1823709999999998e+01,
    7.9700000000000003e+01, 0., -2.1766439999999999e+01,
    7.9750000000000000e+01, 0., -2.1718840000000000e+01,
    7.9800000000000011e+01, 0., -2.1669480000000000e+01,
    7.9850000000000009e+01, 0., -2.1642240000000001e+01,
    7.9900000000000006e+01, 0., -2.1595540000000000e+01,
    7.9950000000000003e+01, 0., -2.1545520000000000e+01, 80., 0.,
    -2.1505199999999999e+01, 8.0050000000000011e+01, 0.,
    -2.1458549999999999e+01, 8.0100000000000009e+01, 0.,
    -2.1423269999999999e+01, 8.0150000000000006e+01, 0.,
    -2.1362729999999999e+01, 8.0200000000000003e+01, 0.,
    -2.1302510000000002e+01, 8.0250000000000000e+01, 0.,
    -2.1259589999999999e+01, 8.0300000000000011e+01, 0.,
    -2.1198750000000000e+01, 8.0350000000000009e+01, 0.,
    -2.1135710000000000e+01, 8.0400000000000006e+01, 0.,
    -2.1093589999999999e+01, 8.0450000000000003e+01, 0.,
    -2.1043600000000001e+01, 8.0500000000000000e+01, 0.,
    -2.1006879999999999e+01, 8.0550000000000011e+01, 0.,
    -2.0964099999999998e+01, 8.0600000000000009e+01, 0.,
    -2.0917110000000001e+01, 8.0650000000000006e+01, 0.,
    -2.0863830000000000e+01, 8.0700000000000003e+01, 0.,
    -2.0804530000000000e+01, 8.0750000000000000e+01, 0.,
    -2.0761050000000001e+01, 8.0800000000000011e+01, 0.,
    -2.0703980000000001e+01, 8.0850000000000009e+01, 0.,
    -2.0654450000000001e+01, 8.0900000000000006e+01, 0.,
    -2.0624810000000000e+01, 8.0950000000000003e+01, 0.,
    -2.0579329999999999e+01, 81., 0., -2.0528759999999998e+01,
    8.1050000000000011e+01, 0., -2.0489879999999999e+01,
    8.1100000000000009e+01, 0., -2.0440680000000000e+01,
    8.1150000000000006e+01, 0., -2.0400720000000000e+01,
    8.1200000000000003e+01, 0., -2.0361059999999998e+01,
    8.1250000000000000e+01, 0., -2.0321310000000000e+01,
    8.1300000000000011e+01, 0., -2.0281110000000002e+01,
    8.1350000000000009e+01, 0., -2.0219960000000000e+01,
    8.1400000000000006e+01, 0., -2.0165240000000001e+01,
    8.1450000000000003e+01, 0., -2.0107009999999999e+01,
    8.1500000000000000e+01, 0., -2.0051500000000001e+01,
    8.1550000000000011e+01, 0., -2.0007259999999999e+01,
    8.1600000000000009e+01, 0., -1.9966640000000002e+01,
    8.1650000000000006e+01, 0., -1.9927910000000001e+01,
    8.1700000000000003e+01, 0., -1.9891349999999999e+01,
    8.1750000000000000e+01, 0., -1.9840080000000000e+01,
    8.1800000000000011e+01, 0., -1.9796160000000000e+01,
    8.1850000000000009e+01, 0., -1.9731269999999999e+01,
    8.1900000000000006e+01, 0., -1.9672370000000001e+01,
    8.1950000000000003e+01, 0., -1.9635330000000000e+01, 82., 0.,
    -1.9582439999999998e+01, 8.2050000000000011e+01, 0.,
    -1.9526039999999998e+01, 8.2100000000000009e+01, 0.,
    -1.9483720000000002e+01, 8.2150000000000006e+01, 0.,
    -1.9427779999999998e+01, 8.2200000000000003e+01, 0.,
    -1.9379500000000000e+01, 8.2250000000000000e+01, 0.,
    -1.9318210000000001e+01, 8.2300000000000011e+01, 0.,
    -1.9259399999999999e+01, 8.2350000000000009e+01, 0.,
    -1.9215599999999998e+01, 8.2400000000000006e+01, 0.,
    -1.9158110000000001e+01, 8.2450000000000003e+01, 0.,
    -1.9105519999999999e+01, 8.2500000000000000e+01, 0.,
    -1.9085120000000000e+01, 8.2550000000000011e+01, 0.,
    -1.9055980000000002e+01, 8.2600000000000009e+01, 0.,
    -1.9028340000000000e+01, 8.2650000000000006e+01, 0.,
    -1.8987400000000001e+01, 8.2700000000000003e+01, 0.,
    -1.8947130000000001e+01, 8.2750000000000000e+01, 0.,
    -1.8922129999999999e+01, 8.2800000000000011e+01, 0.,
    -1.8880140000000001e+01, 8.2850000000000009e+01, 0.,
    -1.8840900000000001e+01, 8.2900000000000006e+01, 0.,
    -1.8781030000000001e+01, 8.2950000000000003e+01, 0.,
    -1.8706900000000001e+01, 83., 0., -1.8633700000000001e+01,
    8.3050000000000011e+01, 0., -1.8559719999999999e+01,
    8.3100000000000009e+01, 0., -1.8493030000000001e+01,
    8.3150000000000006e+01, 0., -1.8449149999999999e+01,
    8.3200000000000003e+01, 0., -1.8394980000000000e+01,
    8.3250000000000000e+01, 0., -1.8345780000000001e+01,
    8.3300000000000011e+01, 0., -1.8321059999999999e+01,
    8.3350000000000009e+01, 0., -1.8283130000000000e+01,
    8.3400000000000006e+01, 0., -1.8244489999999999e+01,
    8.3450000000000003e+01, 0., -1.8192029999999999e+01,
    8.3500000000000000e+01, 0., -1.8132909999999999e+01,
    8.3550000000000011e+01, 0., -1.8067670000000000e+01,
    8.3600000000000009e+01, 0., -1.8001570000000001e+01,
    8.3650000000000006e+01, 0., -1.7946610000000000e+01,
    8.3700000000000003e+01, 0., -1.7905329999999999e+01,
    8.3750000000000000e+01, 0., -1.7861480000000000e+01,
    8.3800000000000011e+01, 0., -1.7835760000000001e+01,
    8.3850000000000009e+01, 0., -1.7803820000000002e+01,
    8.3900000000000006e+01, 0., -1.7765429999999999e+01,
    8.3950000000000003e+01, 0., -1.7713989999999999e+01, 84., 0.,
    -1.7642029999999998e+01, 8.4050000000000011e+01, 0.,
    -1.7573619999999998e+01, 8.4100000000000009e+01, 0.,
    -1.7546579999999999e+01, 8.4150000000000006e+01, 0.,
    -1.7509119999999999e+01, 8.4200000000000003e+01, 0.,
    -1.7474879999999999e+01, 8.4250000000000000e+01, 0.,
    -1.7427820000000001e+01, 8.4300000000000011e+01, 0.,
    -1.7385000000000002e+01, 8.4350000000000009e+01, 0.,
    -1.7357199999999999e+01, 8.4400000000000006e+01, 0.,
    -1.7309930000000001e+01, 8.4450000000000003e+01, 0.,
    -1.7242840000000001e+01, 8.4500000000000000e+01, 0.,
    -1.7152239999999999e+01, 8.4550000000000011e+01, 0.,
    -1.7050339999999998e+01, 8.4600000000000009e+01, 0.,
