%YAML:1.0
---
profile: [ 1.0015000000000001e+02, 0., -2.3483260000000001e+01,
    1.0020000000000000e+02, 0., -2.3480029999999999e+01,
    1.0025000000000000e+02, 0., -2.3477750000000000e+01,
    1.0030000000000001e+02, 0., -2.3473780000000001e+01,
    1.0035000000000001e+02, 0., -2.3469380000000001e+01,
    1.0040000000000001e+02, 0., -2.3464340000000000e+01,
    1.0045000000000000e+02, 0., -2.3457580000000000e+01,
    1.0050000000000000e+02, 0., -2.3446059999999999e+01,
    1.0055000000000001e+02, 0., -2.3428750000000001e+01,
    1.0060000000000001e+02, 0., -2.3413350000000001e+01,
    1.0065000000000001e+02, 0., -2.3377579999999998e+01,
    1.0070000000000000e+02, 0., -2.3334630000000001e+01,
    1.0075000000000000e+02, 0., -2.3296589999999998e+01,
    1.0080000000000001e+02, 0., -2.3247420000000002e+01,
    1.0085000000000001e+02, 0., -2.3175219999999999e+01,
    1.0090000000000001e+02, 0., -2.3090380000000000e+01,
    1.0095000000000000e+02, 0., -2.3003060000000001e+01, 101., 0.,
    -2.2927900000000001e+01, 1.0105000000000001e+02, 0.,
    -2.2876700000000000e+01, 1.0110000000000001e+02, 0.,
    -2.2825199999999999e+01, 1.0115000000000001e+02, 0.,
    -2.2778020000000001e+01, 1.0120000000000000e+02, 0.,
    -2.2741740000000000e+01, 1.0125000000000000e+02, 0.,
    -2.2686460000000000e+01, 1.0130000000000001e+02, 0.,
    -2.2624919999999999e+01, 1.0135000000000001e+02, 0.,
    -2.2576519999999999e+01, 1.0140000000000001e+02, 0.,
    -2.2488959999999999e+01, 1.0145000000000000e+02, 0.,
    -2.2390339999999998e+01, 1.0150000000000000e+02, 0.,
    -2.2333980000000000e+01, 1.0155000000000001e+02, 0.,
    -2.2275449999999999e+01, 1.0160000000000001e+02, 0.,
    -2.2225970000000000e+01, 1.0165000000000001e+02, 0.,
    -2.2189889999999998e+01, 1.0170000000000000e+02, 0.,
    -2.2144780000000001e+01, 1.0175000000000000e+02, 0.,
    -2.2098360000000000e+01, 1.0180000000000001e+02, 0.,
    -2.2057040000000001e+01, 1.0185000000000001e+02, 0.,
    -2.2016690000000001e+01, 1.0190000000000001e+02, 0.,
    -2.1990490000000001e+01, 1.0195000000000000e+02, 0.,
    -2.1949619999999999e+01, 102., 0., -2.1899680000000000e+01,
    1.0205000000000001e+02, 0., -2.1851279999999999e+01,
    1.0210000000000001e+02, 0., -2.1785599999999999e+01,
    1.0215000000000001e+02, 0., -2.1721699999999998e+01,
    1.0220000000000000e+02, 0., -2.1674299999999999e+01,
    1.0225000000000000e+02, 0., -2.1631589999999999e+01,
    1.0230000000000001e+02, 0., -2.1589130000000001e+01,
    1.0235000000000001e+02, 0., -2.1550529999999998e+01,
    1.0240000000000001e+02, 0., -2.1500979999999998e+01,
    1.0245000000000000e+02, 0., -2.1448750000000000e+01,
    1.0250000000000000e+02, 0., -2.1399509999999999e+01,
    1.0255000000000001e+02, 0., -2.1334160000000001e+01,
    1.0260000000000001e+02, 0., -2.1266010000000001e+01,
    1.0265000000000001e+02, 0., -2.1210690000000000e+01,
    1.0270000000000000e+02, 0., -2.1156759999999998e+01,
    1.0275000000000000e+02, 0., -2.1113820000000000e+01,
    1.0280000000000001e+02, 0., -2.1082300000000000e+01,
    1.0285000000000001e+02, 0., -2.1041460000000001e+01,
    1.0290000000000001e+02, 0., -2.0995979999999999e+01,
    1.0295000000000000e+02, 0., -2.0947900000000001e+01, 103., 0.,
    -2.0883769999999998e+01, 1.0305000000000001e+02, 0.,
    -2.0813960000000002e+01, 1.0310000000000001e+02, 0.,
    -2.0748519999999999e+01, 1.0315000000000001e+02, 0.,
    -2.0686290000000000e+01, 1.0320000000000000e+02, 0.,
    -2.0637969999999999e+01, 1.0325000000000000e+02, 0.,
    -2.0602209999999999e+01, 1.0330000000000001e+02, 0.,
    -2.0545780000000001e+01, 1.0335000000000001e+02, 0.,
    -2.0484310000000001e+01, 1.0340000000000001e+02, 0.,
    -2.0444230000000001e+01, 1.0345000000000000e+02, 0.,
    -2.0384340000000002e+01, 1.0350000000000000e+02, 0.,
    -2.0321520000000000e+01, 1.0355000000000001e+02, 0.,
    -2.0282760000000000e+01, 1.0360000000000001e+02, 0.,
    -2.0235410000000002e+01, 1.0365000000000001e+02, 0.,
    -2.0198889999999999e+01, 1.0370000000000000e+02, 0.,
    -2.0158439999999999e+01, 1.0375000000000000e+02, 0.,
    -2.0113270000000000e+01, 1.0380000000000001e+02, 0.,
    -2.0069949999999999e+01, 1.0385000000000001e+02, 0.,
    -2.0008740000000000e+01, 1.0390000000000001e+02, 0.,
    -1.9948850000000000e+01, 1.0395000000000000e+02, 0.,
    -1.9904610000000002e+01, 104., 0., -1.9850239999999999e+01,
    1.0405000000000001e+02, 0., -1.9794799999999999e+01,
    1.0410000000000001e+02, 0., -1.9748840000000001e+01,
    1.0415000000000001e+02, 0., -1.9694060000000000e+01,
    1.0420000000000000e+02, 0., -1.9647300000000001e+01,
    1.0425000000000000e+02, 0., -1.9618700000000000e+01,
    1.0430000000000001e+02, 0., -1.9562130000000000e+01,
    1.0435000000000001e+02, 0., -1.9507750000000001e+01,
    1.0440000000000001e+02, 0., -1.9473150000000000e+01,
    1.0445000000000000e+02, 0., -1.9388330000000000e+01,
    1.0450000000000000e+02, 0., -1.9307379999999998e+01,
    1.0455000000000001e+02, 0., -1.9259779999999999e+01,
    1.0460000000000001e+02, 0., -1.9207210000000000e+01,
    1.0465000000000001e+02, 0., -1.9158580000000001e+01,
    1.0470000000000000e+02, 0., -1.9122299999999999e+01,
    1.0475000000000000e+02, 0., -1.9080249999999999e+01,
    1.0480000000000001e+02, 0., -1.9038229999999999e+01,
    1.0485000000000001e+02, 0., -1.9003670000000000e+01,
    1.0490000000000001e+02, 0., -1.8960509999999999e+01,
    1.0495000000000000e+02, 0., -1.8926570000000002e+01, 105., 0.,
    -1.8910530000000001e+01, 1.0505000000000001e+02, 0.,
    -1.8869499999999999e+01, 1.0510000000000001e+02, 0.,
    -1.8812139999999999e+01, 1.0515000000000001e+02, 0.,
    -1.8758700000000001e+01, 1.0520000000000000e+02, 0.,
    -1.8649619999999999e+01, 1.0525000000000000e+02, 0.,
    -1.8546939999999999e+01, 1.0530000000000001e+02, 0.,
    -1.8506260000000001e+01, 1.0535000000000001e+02, 0.,
    -1.8457409999999999e+01, 1.0540000000000001e+02, 0.,
    -1.8407720000000001e+01, 1.0545000000000000e+02, 0.,
    -1.8366479999999999e+01, 1.0550000000000000e+02, 0.,
    -1.8332780000000000e+01, 1.0555000000000001e+02, 0.,
    -1.8294599999999999e+01, 1.0560000000000001e+02, 0.,
    -1.8253399999999999e+01, 1.0565000000000001e+02, 0.,
    -1.8191590000000001e+01, 1.0570000000000000e+02, 0.,
    -1.8127980000000001e+01, 1.0575000000000000e+02, 0.,
    -1.8078060000000001e+01, 1.0580000000000001e+02, 0.,
    -1.8008099999999999e+01, 1.0585000000000001e+02, 0.,
    -1.7933160000000001e+01, 1.0590000000000001e+02, 0.,
    -1.7869560000000000e+01, 1.0595000000000000e+02, 0.,
    -1.7804760000000002e+01, 106., 0., -1.7753450000000001e+01,
    1.0605000000000001e+02, 0., -1.7724129999999999e+01,
    1.0610000000000001e+02, 0., -1.7692810000000001e+01,
    1.0615000000000001e+02, 0., -1.7656800000000000e+01,
    1.0620000000000000e+02, 0., -1.7620840000000001e+01,
    1.0625000000000000e+02, 0., -1.7572230000000001e+01,
    1.0630000000000001e+02, 0., -1.7507050000000000e+01,
    1.0635000000000001e+02, 0., -1.7436090000000000e+01,
    1.0640000000000001e+02, 0., -1.7362490000000001e+01,
    1.0645000000000000e+02, 0., -1.7303500000000000e+01,
    1.0650000000000000e+02, 0., -1.7269259999999999e+01,
    1.0655000000000001e+02, 0., -1.7228169999999999e+01,
    1.0660000000000001e+02, 0., -1.7188189999999999e+01,
    1.0665000000000001e+02, 0., -1.7157109999999999e+01,
    1.0670000000000000e+02, 0., -1.7099670000000000e+01,
    1.0675000000000000e+02, 0., -1.7040070000000000e+01,
    1.0680000000000001e+02, 0., -1.6995349999999998e+01,
    1.0685000000000001e+02, 0., -1.6926240000000000e+01,
    1.0690000000000001e+02, 0., -1.6865220000000001e+01,
    1.0695000000000000e+02, 0., -1.6814889999999998e+01, 107., 0.,
    -1.6784730000000000e+01, 1.0705000000000001e+02, 0.,
    -1.6751130000000000e+01, 1.0710000000000001e+02, 0.,
    -1.6726450000000000e+01, 1.0715000000000001e+02, 0.,
    -1.6692860000000000e+01, 1.0720000000000000e+02, 0.,
