%YAML:1.0
---
profile: [ 6.9350000000000009e+01, 0., -1.9510330000000000e+01,
    6.9400000000000006e+01, 0., -1.9502749999999999e+01,
    6.9450000000000003e+01, 0., -1.9472470000000001e+01,
    6.9500000000000000e+01, 0., -1.9432720000000000e+01,
    6.9549999999999997e+01, 0., -1.9398679999999999e+01,
    6.9600000000000009e+01, 0., -1.9356349999999999e+01,
    6.9650000000000006e+01, 0., -1.9311460000000000e+01,
    6.9700000000000003e+01, 0., -1.9266780000000001e+01,
    6.9750000000000000e+01, 0., -1.9203769999999999e+01,
    6.9799999999999997e+01, 0., -1.9144810000000000e+01,
    6.9850000000000009e+01, 0., -1.9079049999999999e+01,
    6.9900000000000006e+01, 0., -1.9021799999999999e+01,
    6.9950000000000003e+01, 0., -1.8986319999999999e+01, 70., 0.,
    -1.8948760000000000e+01, 7.0049999999999997e+01, 0.,
    -1.8926919999999999e+01, 7.0100000000000009e+01, 0.,
    -1.8888120000000001e+01, 7.0150000000000006e+01, 0.,
    -1.8844230000000000e+01, 7.0200000000000003e+01, 0.,
    -1.8817070000000001e+01, 7.0250000000000000e+01, 0.,
    -1.8778980000000001e+01, 7.0299999999999997e+01, 0.,
    -1.8743580000000001e+01, 7.0350000000000009e+01, 0.,
    -1.8699999999999999e+01, 7.0400000000000006e+01, 0.,
    -1.8655500000000000e+01, 7.0450000000000003e+01, 0.,
    -1.8615539999999999e+01, 7.0500000000000000e+01, 0.,
    -1.8559310000000000e+01, 7.0549999999999997e+01, 0.,
    -1.8506830000000001e+01, 7.0600000000000009e+01, 0.,
    -1.8451470000000000e+01, 7.0650000000000006e+01, 0.,
    -1.8399670000000000e+01, 7.0700000000000003e+01, 0.,
    -1.8361310000000000e+01, 7.0750000000000000e+01, 0.,
    -1.8315310000000000e+01, 7.0799999999999997e+01, 0.,
    -1.8280909999999999e+01, 7.0850000000000009e+01, 0.,
    -1.8251190000000001e+01, 7.0900000000000006e+01, 0.,
    -1.8222149999999999e+01, 7.0950000000000003e+01, 0.,
    -1.8190349999999999e+01, 71., 0., -1.8150800000000000e+01,
    7.1049999999999997e+01, 0., -1.8119280000000000e+01,
    7.1100000000000009e+01, 0., -1.8071539999999999e+01,
    7.1150000000000006e+01, 0., -1.8017959999999999e+01,
    7.1200000000000003e+01, 0., -1.7963039999999999e+01,
    7.1250000000000000e+01, 0., -1.7911919999999999e+01,
    7.1299999999999997e+01, 0., -1.7880400000000002e+01,
    7.1350000000000009e+01, 0., -1.7835699999999999e+01,
    7.1400000000000006e+01, 0., -1.7789040000000000e+01,
    7.1450000000000003e+01, 0., -1.7749559999999999e+01,
    7.1500000000000000e+01, 0., -1.7702279999999998e+01,
    7.1549999999999997e+01, 0., -1.7665559999999999e+01,
    7.1600000000000009e+01, 0., -1.7610060000000001e+01,
    7.1650000000000006e+01, 0., -1.7556239999999999e+01,
    7.1700000000000003e+01, 0., -1.7518080000000001e+01,
    7.1750000000000000e+01, 0., -1.7475919999999999e+01,
    7.1799999999999997e+01, 0., -1.7445239999999998e+01,
    7.1850000000000009e+01, 0., -1.7411899999999999e+01,
    7.1900000000000006e+01, 0., -1.7378750000000000e+01,
    7.1950000000000003e+01, 0., -1.7350989999999999e+01, 72., 0.,
    -1.7300540000000002e+01, 7.2049999999999997e+01, 0.,
    -1.7235880000000002e+01, 7.2100000000000009e+01, 0.,
    -1.7172280000000001e+01, 7.2150000000000006e+01, 0.,
    -1.7104460000000000e+01, 7.2200000000000003e+01, 0.,
    -1.7064299999999999e+01, 7.2250000000000000e+01, 0.,
    -1.7021249999999998e+01, 7.2299999999999997e+01, 0.,
    -1.6982240000000001e+01, 7.2350000000000009e+01, 0.,
    -1.6958279999999998e+01, 7.2400000000000006e+01, 0.,
    -1.6925480000000000e+01, 7.2450000000000003e+01, 0.,
    -1.6897800000000000e+01, 7.2500000000000000e+01, 0.,
    -1.6852740000000001e+01, 7.2549999999999997e+01, 0.,
    -1.6807330000000000e+01, 7.2600000000000009e+01, 0.,
    -1.6778330000000000e+01, 7.2650000000000006e+01, 0.,
    -1.6740880000000001e+01, 7.2700000000000003e+01, 0.,
    -1.6710319999999999e+01, 7.2750000000000000e+01, 0.,
    -1.6666879999999999e+01, 7.2799999999999997e+01, 0.,
    -1.6614380000000001e+01, 7.2850000000000009e+01, 0.,
    -1.6563020000000002e+01, 7.2900000000000006e+01, 0.,
    -1.6495920000000002e+01, 7.2950000000000003e+01, 0.,
    -1.6429559999999999e+01, 73., 0., -1.6385079999999999e+01,
    7.3049999999999997e+01, 0., -1.6330510000000000e+01,
    7.3100000000000009e+01, 0., -1.6288229999999999e+01,
    7.3150000000000006e+01, 0., -1.6245120000000000e+01,
    7.3200000000000003e+01, 0., -1.6204460000000001e+01,
    7.3250000000000000e+01, 0., -1.6171939999999999e+01,
    7.3299999999999997e+01, 0., -1.6127260000000000e+01,
    7.3350000000000009e+01, 0., -1.6086700000000000e+01,
    7.3400000000000006e+01, 0., -1.6029820000000001e+01,
    7.3450000000000003e+01, 0., -1.5975280000000000e+01,
    7.3500000000000000e+01, 0., -1.5943960000000001e+01,
    7.3549999999999997e+01, 0., -1.5909380000000001e+01,
    7.3600000000000009e+01, 0., -1.5884180000000001e+01,
    7.3650000000000006e+01, 0., -1.5842269999999999e+01,
    7.3700000000000003e+01, 0., -1.5795890000000000e+01,
    7.3750000000000000e+01, 0., -1.5756610000000000e+01,
    7.3799999999999997e+01, 0., -1.5710270000000000e+01,
    7.3850000000000009e+01, 0., -1.5665369999999999e+01,
    7.3900000000000006e+01, 0., -1.5628330000000000e+01,
    7.3950000000000003e+01, 0., -1.5585260000000000e+01, 74., 0.,
    -1.5554779999999999e+01, 7.4049999999999997e+01, 0.,
    -1.5518230000000001e+01, 7.4100000000000009e+01, 0.,
    -1.5476820000000000e+01, 7.4150000000000006e+01, 0.,
    -1.5426860000000000e+01, 7.4200000000000003e+01, 0.,
    -1.5375299999999999e+01, 7.4250000000000000e+01, 0.,
    -1.5339860000000000e+01, 7.4299999999999997e+01, 0.,
    -1.5282830000000001e+01, 7.4350000000000009e+01, 0.,
    -1.5224970000000001e+01, 7.4400000000000006e+01, 0.,
    -1.5181490000000000e+01, 7.4450000000000003e+01, 0.,
    -1.5120509999999999e+01, 7.4500000000000000e+01, 0.,
    -1.5062329999999999e+01, 7.4549999999999997e+01, 0.,
    -1.5038770000000000e+01, 7.4600000000000009e+01, 0.,
    -1.5010949999999999e+01, 7.4650000000000006e+01, 0.,
    -1.4990750000000000e+01, 7.4700000000000003e+01, 0.,
    -1.4967290000000000e+01, 7.4750000000000000e+01, 0.,
    -1.4938340000000000e+01, 7.4799999999999997e+01, 0.,
    -1.4896260000000000e+01, 7.4850000000000009e+01, 0.,
    -1.4839869999999999e+01, 7.4900000000000006e+01, 0.,
    -1.4792790000000000e+01, 7.4950000000000003e+01, 0.,
    -1.4734760000000000e+01, 75., 0., -1.4683890000000000e+01,
    7.5049999999999997e+01, 0., -1.4651570000000000e+01,
    7.5100000000000009e+01, 0., -1.4595750000000001e+01,
    7.5150000000000006e+01, 0., -1.4523740000000000e+01,
    7.5200000000000003e+01, 0., -1.4447380000000001e+01,
    7.5250000000000000e+01, 0., -1.4352320000000001e+01,
    7.5299999999999997e+01, 0., -1.4276840000000000e+01,
    7.5350000000000009e+01, 0., -1.4229329999999999e+01,
    7.5400000000000006e+01, 0., -1.4197160000000000e+01,
    7.5450000000000003e+01, 0., -1.4182919999999999e+01,
    7.5500000000000000e+01, 0., -1.4167610000000000e+01,
    7.5549999999999997e+01, 0., -1.4153340000000000e+01,
    7.5600000000000009e+01, 0., -1.4140140000000001e+01,
    7.5650000000000006e+01, 0., -1.4117660000000001e+01,
    7.5700000000000003e+01, 0., -1.4092540000000000e+01,
    7.5750000000000000e+01, 0., -1.4059810000000001e+01,
    7.5799999999999997e+01, 0., -1.4027130000000000e+01,
    7.5850000000000009e+01, 0., -1.4002010000000000e+01,
    7.5900000000000006e+01, 0., -1.3961720000000000e+01,
    7.5950000000000003e+01, 0., -1.3912879999999999e+01, 76., 0.,
    -1.3865280000000000e+01, 7.6049999999999997e+01, 0.,
    -1.3794400000000000e+01, 7.6100000000000009e+01, 0.,
    -1.3724080000000001e+01, 7.6150000000000006e+01, 0.,
    -1.3658200000000001e+01, 7.6200000000000003e+01, 0.,
    -1.3595879999999999e+01, 7.6250000000000000e+01, 0.,
    -1.3539800000000000e+01, 7.6299999999999997e+01, 0.,
    -1.3487109999999999e+01, 7.6350000000000009e+01, 0.,
    -1.3454269999999999e+01, 7.6400000000000006e+01, 0.,
    -1.3415830000000000e+01, 7.6450000000000003e+01, 0.,
