%YAML:1.0
---
profile: [ 1.0145000000000000e+02, 0., -2.3472200000000001e+01,
    1.0150000000000000e+02, 0., -2.3465080000000000e+01,
    1.0155000000000001e+02, 0., -2.3431439999999998e+01,
    1.0160000000000001e+02, 0., -2.3383199999999999e+01,
    1.0165000000000001e+02, 0., -2.3334479999999999e+01,
    1.0170000000000000e+02, 0., -2.3234770000000001e+01,
    1.0175000000000000e+02, 0., -2.3139500000000002e+01,
    1.0180000000000001e+02, 0., -2.3080220000000001e+01,
    1.0185000000000001e+02, 0., -2.3016909999999999e+01,
    1.0190000000000001e+02, 0., -2.2932870000000001e+01,
    1.0195000000000000e+02, 0., -2.2837589999999999e+01, 102., 0.,
    -2.2742239999999999e+01, 1.0205000000000001e+02, 0.,
    -2.2659960000000002e+01, 1.0210000000000001e+02, 0.,
    -2.2602720000000001e+01, 1.0215000000000001e+02, 0.,
    -2.2538989999999998e+01, 1.0220000000000000e+02, 0.,
    -2.2471119999999999e+01, 1.0225000000000000e+02, 0.,
    -2.2409559999999999e+01, 1.0230000000000001e+02, 0.,
    -2.2318390000000001e+01, 1.0235000000000001e+02, 0.,
    -2.2234320000000000e+01, 1.0240000000000001e+02, 0.,
    -2.2179839999999999e+01, 1.0245000000000000e+02, 0.,
    -2.2092340000000000e+01, 1.0250000000000000e+02, 0.,
    -2.2003060000000001e+01, 1.0255000000000001e+02, 0.,
    -2.1935379999999999e+01, 1.0260000000000001e+02, 0.,
    -2.1815930000000002e+01, 1.0265000000000001e+02, 0.,
    -2.1709309999999999e+01, 1.0270000000000000e+02, 0.,
    -2.1626460000000002e+01, 1.0275000000000000e+02, 0.,
    -2.1590499999999999e+01, 1.0280000000000001e+02, 0.,
    -2.1534990000000001e+01, 1.0285000000000001e+02, 0.,
    -2.1478610000000000e+01, 1.0290000000000001e+02, 0.,
    -2.1453130000000002e+01, 1.0295000000000000e+02, 0.,
    -2.1368520000000000e+01, 103., 0., -2.1217449999999999e+01,
    1.0305000000000001e+02, 0., -2.1137010000000000e+01,
    1.0310000000000001e+02, 0., -2.1050730000000001e+01,
    1.0315000000000001e+02, 0., -2.0977959999999999e+01,
    1.0320000000000000e+02, 0., -2.0932520000000000e+01,
    1.0325000000000000e+02, 0., -2.0886099999999999e+01,
    1.0330000000000001e+02, 0., -2.0840499999999999e+01,
    1.0335000000000001e+02, 0., -2.0784659999999999e+01,
    1.0340000000000001e+02, 0., -2.0677289999999999e+01,
    1.0345000000000000e+02, 0., -2.0560829999999999e+01,
    1.0350000000000000e+02, 0., -2.0486789999999999e+01,
    1.0355000000000001e+02, 0., -2.0402069999999998e+01,
    1.0360000000000001e+02, 0., -2.0328099999999999e+01,
    1.0365000000000001e+02, 0., -2.0279460000000000e+01,
    1.0370000000000000e+02, 0., -2.0216000000000001e+01,
    1.0375000000000000e+02, 0., -2.0154910000000001e+01,
    1.0380000000000001e+02, 0., -2.0109749999999998e+01,
    1.0385000000000001e+02, 0., -2.0012599999999999e+01,
    1.0390000000000001e+02, 0., -1.9898180000000000e+01,
    1.0395000000000000e+02, 0., -1.9776250000000001e+01, 104., 0.,
    -1.9688810000000000e+01, 1.0405000000000001e+02, 0.,
    -1.9605450000000001e+01, 1.0410000000000001e+02, 0.,
    -1.9541340000000002e+01, 1.0415000000000001e+02, 0.,
    -1.9496340000000000e+01, 1.0420000000000000e+02, 0.,
    -1.9436190000000000e+01, 1.0425000000000000e+02, 0.,
    -1.9378810000000001e+01, 1.0430000000000001e+02, 0.,
    -1.9350249999999999e+01, 1.0435000000000001e+02, 0.,
    -1.9241360000000000e+01, 1.0440000000000001e+02, 0.,
    -1.9092340000000000e+01, 1.0445000000000000e+02, 0.,
    -1.8983460000000001e+01, 1.0450000000000000e+02, 0.,
    -1.8892230000000001e+01, 1.0455000000000001e+02, 0.,
    -1.8809979999999999e+01, 1.0460000000000001e+02, 0.,
    -1.8726420000000001e+01, 1.0465000000000001e+02, 0.,
    -1.8665900000000001e+01, 1.0470000000000000e+02, 0.,
    -1.8604579999999999e+01, 1.0475000000000000e+02, 0.,
    -1.8543800000000001e+01, 1.0480000000000001e+02, 0.,
    -1.8466120000000000e+01, 1.0485000000000001e+02, 0.,
    -1.8370300000000000e+01, 1.0490000000000001e+02, 0.,
    -1.8281700000000001e+01, 1.0495000000000000e+02, 0.,
    -1.8231020000000001e+01, 105., 0., -1.8138539999999999e+01,
    1.0505000000000001e+02, 0., -1.8050860000000000e+01,
    1.0510000000000001e+02, 0., -1.8009660000000000e+01,
    1.0515000000000001e+02, 0., -1.7928840000000001e+01,
    1.0520000000000000e+02, 0., -1.7850210000000001e+01,
    1.0525000000000000e+02, 0., -1.7798810000000000e+01,
    1.0530000000000001e+02, 0., -1.7693840000000002e+01,
    1.0535000000000001e+02, 0., -1.7603970000000000e+01,
    1.0540000000000001e+02, 0., -1.7524210000000000e+01,
    1.0545000000000000e+02, 0., -1.7438770000000002e+01,
    1.0550000000000000e+02, 0., -1.7358070000000001e+01,
    1.0555000000000001e+02, 0., -1.7286470000000001e+01,
    1.0560000000000001e+02, 0., -1.7202590000000001e+01,
    1.0565000000000001e+02, 0., -1.7118490000000001e+01,
    1.0570000000000000e+02, 0., -1.7048050000000000e+01,
    1.0575000000000000e+02, 0., -1.7001809999999999e+01,
    1.0580000000000001e+02, 0., -1.6894810000000000e+01,
    1.0585000000000001e+02, 0., -1.6816920000000000e+01,
    1.0590000000000001e+02, 0., -1.6752140000000001e+01,
    1.0595000000000000e+02, 0., -1.6654060000000001e+01, 106., 0.,
    -1.6519449999999999e+01, 1.0605000000000001e+02, 0.,
    -1.6414660000000001e+01, 1.0610000000000001e+02, 0.,
    -1.6376180000000002e+01, 1.0615000000000001e+02, 0.,
    -1.6296880000000002e+01, 1.0620000000000000e+02, 0.,
    -1.6232180000000000e+01, 1.0625000000000000e+02, 0.,
    -1.6207260000000002e+01, 1.0630000000000001e+02, 0.,
    -1.6110939999999999e+01, 1.0635000000000001e+02, 0.,
    -1.6036390000000001e+01, 1.0640000000000001e+02, 0.,
    -1.5977349999999999e+01, 1.0645000000000000e+02, 0.,
    -1.5898510000000000e+01, 1.0650000000000000e+02, 0.,
    -1.5787710000000001e+01, 1.0655000000000001e+02, 0.,
    -1.5685300000000000e+01, 1.0660000000000001e+02, 0.,
    -1.5623260000000000e+01, 1.0665000000000001e+02, 0.,
    -1.5536630000000001e+01, 1.0670000000000000e+02, 0.,
    -1.5458220000000001e+01, 1.0675000000000000e+02, 0.,
    -1.5408099999999999e+01, 1.0680000000000001e+02, 0.,
    -1.5294810000000000e+01, 1.0685000000000001e+02, 0.,
    -1.5201300000000000e+01, 1.0690000000000001e+02, 0.,
    -1.5125299999999999e+01, 1.0695000000000000e+02, 0.,
    -1.5051380000000000e+01, 107., 0., -1.4965370000000000e+01,
    1.0705000000000001e+02, 0., -1.4897030000000001e+01,
    1.0710000000000001e+02, 0., -1.4861630000000000e+01,
    1.0715000000000001e+02, 0., -1.4741940000000000e+01,
    1.0720000000000000e+02, 0., -1.4643570000000000e+01,
    1.0725000000000000e+02, 0., -1.4573480000000000e+01,
    1.0730000000000001e+02, 0., -1.4522320000000001e+01,
    1.0735000000000001e+02, 0., -1.4460770000000000e+01,
    1.0740000000000001e+02, 0., -1.4394460000000000e+01,
    1.0745000000000000e+02, 0., -1.4321180000000000e+01,
    1.0750000000000000e+02, 0., -1.4214720000000000e+01,
    1.0755000000000001e+02, 0., -1.4128560000000000e+01,
    1.0760000000000001e+02, 0., -1.4088480000000001e+01,
    1.0765000000000001e+02, 0., -1.4009900000000000e+01,
    1.0770000000000000e+02, 0., -1.3896649999999999e+01,
    1.0775000000000000e+02, 0., -1.3780900000000001e+01,
    1.0780000000000001e+02, 0., -1.3707380000000001e+01,
    1.0785000000000001e+02, 0., -1.3638669999999999e+01,
    1.0790000000000001e+02, 0., -1.3578820000000000e+01,
    1.0795000000000000e+02, 0., -1.3534540000000000e+01, 108., 0.,
    -1.3450250000000000e+01, 1.0805000000000001e+02, 0.,
    -1.3363530000000001e+01, 1.0810000000000001e+02, 0.,
    -1.3281380000000000e+01, 1.0815000000000001e+02, 0.,
    -1.3220020000000000e+01, 1.0820000000000000e+02, 0.,
    -1.3132110000000001e+01, 1.0825000000000000e+02, 0.,
    -1.3053879999999999e+01, 1.0830000000000001e+02, 0.,
    -1.3006320000000001e+01, 1.0835000000000001e+02, 0.,
    -1.2900200000000000e+01, 1.0840000000000001e+02, 0.,
    -1.2817410000000001e+01, 1.0845000000000000e+02, 0.,
    -1.2755530000000000e+01, 1.0850000000000000e+02, 0.,
