%YAML:1.0
---
profile: [ 7.1500000000000000e+01, 0., -2.3496990000000000e+01,
    7.1549999999999997e+01, 0., -2.3513670000000001e+01,
    7.1600000000000009e+01, 0., -2.3499240000000000e+01,
    7.1650000000000006e+01, 0., -2.3468879999999999e+01,
    7.1700000000000003e+01, 0., -2.3412350000000000e+01,
    7.1750000000000000e+01, 0., -2.3344139999999999e+01,
    7.1799999999999997e+01, 0., -2.3267060000000001e+01,
    7.1850000000000009e+01, 0., -2.3208720000000000e+01,
    7.1900000000000006e+01, 0., -2.3182359999999999e+01,
    7.1950000000000003e+01, 0., -2.3157200000000000e+01, 72., 0.,
    -2.3137029999999999e+01, 7.2049999999999997e+01, 0.,
    -2.3130830000000000e+01, 7.2100000000000009e+01, 0.,
    -2.3094090000000001e+01, 7.2150000000000006e+01, 0.,
    -2.3049250000000001e+01, 7.2200000000000003e+01, 0.,
    -2.3003930000000000e+01, 7.2250000000000000e+01, 0.,
    -2.2955320000000000e+01, 7.2299999999999997e+01, 0.,
    -2.2897040000000001e+01, 7.2350000000000009e+01, 0.,
    -2.2821510000000000e+01, 7.2400000000000006e+01, 0.,
    -2.2759709999999998e+01, 7.2450000000000003e+01, 0.,
    -2.2717980000000001e+01, 7.2500000000000000e+01, 0.,
    -2.2676449999999999e+01, 7.2549999999999997e+01, 0.,
    -2.2615449999999999e+01, 7.2600000000000009e+01, 0.,
    -2.2544560000000001e+01, 7.2650000000000006e+01, 0.,
    -2.2494319999999998e+01, 7.2700000000000003e+01, 0.,
    -2.2435469999999999e+01, 7.2750000000000000e+01, 0.,
    -2.2382420000000000e+01, 7.2799999999999997e+01, 0.,
    -2.2355460000000001e+01, 7.2850000000000009e+01, 0.,
    -2.2305720000000001e+01, 7.2900000000000006e+01, 0.,
    -2.2246720000000000e+01, 7.2950000000000003e+01, 0.,
    -2.2140339999999998e+01, 73., 0., -2.2039130000000000e+01,
    7.3049999999999997e+01, 0., -2.2000689999999999e+01,
    7.3100000000000009e+01, 0., -2.1949870000000001e+01,
    7.3150000000000006e+01, 0., -2.1905950000000001e+01,
    7.3200000000000003e+01, 0., -2.1856539999999999e+01,
    7.3250000000000000e+01, 0., -2.1807910000000000e+01,
    7.3299999999999997e+01, 0., -2.1767230000000001e+01,
    7.3350000000000009e+01, 0., -2.1703800000000001e+01,
    7.3400000000000006e+01, 0., -2.1638079999999999e+01,
    7.3450000000000003e+01, 0., -2.1589390000000002e+01,
    7.3500000000000000e+01, 0., -2.1553159999999998e+01,
    7.3549999999999997e+01, 0., -2.1537080000000000e+01,
    7.3600000000000009e+01, 0., -2.1511890000000001e+01,
    7.3650000000000006e+01, 0., -2.1485650000000000e+01,
    7.3700000000000003e+01, 0., -2.1439319999999999e+01,
    7.3750000000000000e+01, 0., -2.1386900000000001e+01,
    7.3799999999999997e+01, 0., -2.1336379999999998e+01,
    7.3850000000000009e+01, 0., -2.1269620000000000e+01,
    7.3900000000000006e+01, 0., -2.1211939999999998e+01,
    7.3950000000000003e+01, 0., -2.1145520000000001e+01, 74., 0.,
    -2.1083169999999999e+01, 7.4049999999999997e+01, 0.,
    -2.1041930000000001e+01, 7.4100000000000009e+01, 0.,
    -2.0999210000000001e+01, 7.4150000000000006e+01, 0.,
    -2.0975650000000002e+01, 7.4200000000000003e+01, 0.,
    -2.0920880000000000e+01, 7.4250000000000000e+01, 0.,
    -2.0855650000000001e+01, 7.4299999999999997e+01, 0.,
    -2.0790250000000000e+01, 7.4350000000000009e+01, 0.,
    -2.0714600000000001e+01, 7.4400000000000006e+01, 0.,
    -2.0657399999999999e+01, 7.4450000000000003e+01, 0.,
    -2.0584370000000000e+01, 7.4500000000000000e+01, 0.,
    -2.0516050000000000e+01, 7.4549999999999997e+01, 0.,
    -2.0477689999999999e+01, 7.4600000000000009e+01, 0.,
    -2.0446470000000001e+01, 7.4650000000000006e+01, 0.,
    -2.0430470000000000e+01, 7.4700000000000003e+01, 0.,
    -2.0395130000000002e+01, 7.4750000000000000e+01, 0.,
    -2.0358660000000000e+01, 7.4799999999999997e+01, 0.,
    -2.0332780000000000e+01, 7.4850000000000009e+01, 0.,
    -2.0270689999999998e+01, 7.4900000000000006e+01, 0.,
    -2.0205210000000001e+01, 7.4950000000000003e+01, 0.,
    -2.0158410000000000e+01, 75., 0., -2.0112340000000000e+01,
    7.5049999999999997e+01, 0., -2.0065899999999999e+01,
    7.5100000000000009e+01, 0., -2.0002960000000002e+01,
    7.5150000000000006e+01, 0., -1.9938389999999998e+01,
    7.5200000000000003e+01, 0., -1.9892029999999998e+01,
    7.5250000000000000e+01, 0., -1.9834060000000001e+01,
    7.5299999999999997e+01, 0., -1.9787780000000001e+01,
    7.5350000000000009e+01, 0., -1.9724930000000001e+01,
    7.5400000000000006e+01, 0., -1.9660390000000000e+01,
    7.5450000000000003e+01, 0., -1.9614149999999999e+01,
    7.5500000000000000e+01, 0., -1.9552589999999999e+01,
    7.5549999999999997e+01, 0., -1.9498830000000002e+01,
    7.5600000000000009e+01, 0., -1.9453579999999999e+01,
    7.5650000000000006e+01, 0., -1.9413509999999999e+01,
    7.5700000000000003e+01, 0., -1.9380630000000000e+01,
    7.5750000000000000e+01, 0., -1.9349959999999999e+01,
    7.5799999999999997e+01, 0., -1.9331040000000002e+01,
    7.5850000000000009e+01, 0., -1.9290620000000001e+01,
    7.5900000000000006e+01, 0., -1.9239629999999998e+01,
    7.5950000000000003e+01, 0., -1.9178270000000001e+01, 76., 0.,
    -1.9107309999999998e+01, 7.6049999999999997e+01, 0.,
    -1.9053629999999998e+01, 7.6100000000000009e+01, 0.,
    -1.8978880000000000e+01, 7.6150000000000006e+01, 0.,
    -1.8906120000000001e+01, 7.6200000000000003e+01, 0.,
    -1.8852560000000000e+01, 7.6250000000000000e+01, 0.,
    -1.8778549999999999e+01, 7.6299999999999997e+01, 0.,
    -1.8705819999999999e+01, 7.6350000000000009e+01, 0.,
    -1.8666620000000002e+01, 7.6400000000000006e+01, 0.,
    -1.8626429999999999e+01, 7.6450000000000003e+01, 0.,
    -1.8604910000000000e+01, 7.6500000000000000e+01, 0.,
    -1.8536300000000001e+01, 7.6549999999999997e+01, 0.,
    -1.8461490000000001e+01, 7.6600000000000009e+01, 0.,
    -1.8415089999999999e+01, 7.6650000000000006e+01, 0.,
    -1.8341699999999999e+01, 7.6700000000000003e+01, 0.,
    -1.8274860000000000e+01, 7.6750000000000000e+01, 0.,
    -1.8252849999999999e+01, 7.6800000000000011e+01, 0.,
    -1.8236619999999998e+01, 7.6850000000000009e+01, 0.,
    -1.8192820000000001e+01, 7.6900000000000006e+01, 0.,
    -1.8145600000000002e+01, 7.6950000000000003e+01, 0.,
    -1.8111840000000001e+01, 77., 0., -1.8078540000000000e+01,
    7.7050000000000011e+01, 0., -1.8033989999999999e+01,
    7.7100000000000009e+01, 0., -1.7982230000000001e+01,
    7.7150000000000006e+01, 0., -1.7908790000000000e+01,
    7.7200000000000003e+01, 0., -1.7840109999999999e+01,
    7.7250000000000000e+01, 0., -1.7819150000000000e+01,
    7.7300000000000011e+01, 0., -1.7792240000000000e+01,
    7.7350000000000009e+01, 0., -1.7770000000000000e+01,
    7.7400000000000006e+01, 0., -1.7730660000000000e+01,
    7.7450000000000003e+01, 0., -1.7683620000000001e+01,
    7.7500000000000000e+01, 0., -1.7630540000000000e+01,
    7.7550000000000011e+01, 0., -1.7569150000000000e+01,
    7.7600000000000009e+01, 0., -1.7522749999999998e+01,
    7.7650000000000006e+01, 0., -1.7458069999999999e+01,
    7.7700000000000003e+01, 0., -1.7395070000000000e+01,
    7.7750000000000000e+01, 0., -1.7348710000000001e+01,
    7.7800000000000011e+01, 0., -1.7285740000000001e+01,
    7.7850000000000009e+01, 0., -1.7219470000000001e+01,
    7.7900000000000006e+01, 0., -1.7166509999999999e+01,
    7.7950000000000003e+01, 0., -1.7105210000000000e+01, 78., 0.,
    -1.7058850000000000e+01, 7.8050000000000011e+01, 0.,
    -1.6994280000000000e+01, 7.8100000000000009e+01, 0.,
    -1.6931410000000000e+01, 7.8150000000000006e+01, 0.,
    -1.6885130000000000e+01, 7.8200000000000003e+01, 0.,
    -1.6822279999999999e+01, 7.8250000000000000e+01, 0.,
    -1.6757829999999998e+01, 7.8300000000000011e+01, 0.,
    -1.6711630000000000e+01, 7.8350000000000009e+01, 0.,
    -1.6650530000000000e+01, 7.8400000000000006e+01, 0.,
    -1.6597729999999999e+01, 7.8450000000000003e+01, 0.,
    -1.6538360000000001e+01, 7.8500000000000000e+01, 0.,
    -1.6479009999999999e+01, 7.8550000000000011e+01, 0.,
    -1.6426290000000002e+01, 7.8600000000000009e+01, 0.,
