%YAML:1.0
---
profile: [ 6.0200000000000003e+01, 0., -1.2584040000000000e+01,
    6.0250000000000000e+01, 0., -1.2538440000000000e+01,
    6.0300000000000004e+01, 0., -1.2486540000000000e+01,
    6.0350000000000001e+01, 0., -1.2441720000000000e+01,
    6.0400000000000006e+01, 0., -1.2412839999999999e+01,
    6.0450000000000003e+01, 0., -1.2371829999999999e+01,
    6.0500000000000000e+01, 0., -1.2336430000000000e+01,
    6.0550000000000004e+01, 0., -1.2280540000000000e+01,
    6.0600000000000001e+01, 0., -1.2210940000000001e+01,
    6.0650000000000006e+01, 0., -1.2142300000000001e+01,
    6.0700000000000003e+01, 0., -1.2063520000000000e+01,
    6.0750000000000000e+01, 0., -1.2004320000000000e+01,
    6.0800000000000004e+01, 0., -1.1935409999999999e+01,
    6.0850000000000001e+01, 0., -1.1872080000000000e+01,
    6.0900000000000006e+01, 0., -1.1835360000000000e+01,
    6.0950000000000003e+01, 0., -1.1788040000000001e+01, 61., 0.,
    -1.1748559999999999e+01, 6.1050000000000004e+01, 0.,
    -1.1702629999999999e+01, 6.1100000000000001e+01, 0.,
    -1.1653130000000001e+01, 6.1150000000000006e+01, 0.,
    -1.1599130000000001e+01, 6.1200000000000003e+01, 0.,
    -1.1534459999999999e+01, 6.1250000000000000e+01, 0.,
    -1.1486260000000000e+01, 6.1300000000000004e+01, 0.,
    -1.1422639999999999e+01, 6.1350000000000001e+01, 0.,
    -1.1353830000000000e+01, 6.1400000000000006e+01, 0.,
    -1.1289110000000001e+01, 6.1450000000000003e+01, 0.,
    -1.1226880000000000e+01, 6.1500000000000000e+01, 0.,
    -1.1199600000000000e+01, 6.1550000000000004e+01, 0.,
    -1.1132580000000001e+01, 6.1600000000000001e+01, 0.,
    -1.1061420000000000e+01, 6.1650000000000006e+01, 0.,
    -1.0999300000000000e+01, 6.1700000000000003e+01, 0.,
    -1.0936260000000001e+01, 6.1750000000000000e+01, 0.,
    -1.0876700000000000e+01, 6.1800000000000004e+01, 0.,
    -1.0831270000000000e+01, 6.1850000000000001e+01, 0.,
    -1.0810470000000000e+01, 6.1900000000000006e+01, 0.,
    -1.0789790000000000e+01, 6.1950000000000003e+01, 0.,
    -1.0753040000000000e+01, 62., 0., -1.0702880000000000e+01,
    6.2050000000000004e+01, 0., -1.0627250000000000e+01,
    6.2100000000000001e+01, 0., -1.0559889999999999e+01,
    6.2150000000000006e+01, 0., -1.0481450000000001e+01,
    6.2200000000000003e+01, 0., -1.0406590000000000e+01,
    6.2250000000000000e+01, 0., -1.0353550000000000e+01,
    6.2300000000000004e+01, 0., -1.0307779999999999e+01,
    6.2350000000000001e+01, 0., -1.0282180000000000e+01,
    6.2400000000000006e+01, 0., -1.0225009999999999e+01,
    6.2450000000000003e+01, 0., -1.0158910000000001e+01,
    6.2500000000000000e+01, 0., -1.0097470000000000e+01,
    6.2550000000000004e+01, 0., -1.0025690000000001e+01,
    6.2600000000000001e+01, 0., -9.9743700000000004e+00,
    6.2650000000000006e+01, 0., -9.9144100000000002e+00,
    6.2700000000000003e+01, 0., -9.8558900000000005e+00,
    6.2750000000000000e+01, 0., -9.8102900000000002e+00,
    6.2800000000000004e+01, 0., -9.7361599999999999e+00,
    6.2850000000000001e+01, 0., -9.6563199999999991e+00,
    6.2900000000000006e+01, 0., -9.5787600000000008e+00,
    6.2950000000000003e+01, 0., -9.5168999999999997e+00, 63., 0.,
    -9.4999000000000002e+00, 6.3050000000000004e+01, 0.,
    -9.4733300000000007e+00, 6.3100000000000001e+01, 0.,
    -9.4457699999999996e+00, 6.3150000000000006e+01, 0.,
    -9.3997600000000006e+00, 6.3200000000000003e+01, 0.,
    -9.3462899999999998e+00, 6.3250000000000000e+01, 0.,
    -9.2888099999999998e+00, 6.3300000000000004e+01, 0.,
    -9.2111900000000002e+00, 6.3350000000000001e+01, 0.,
    -9.1460299999999997e+00, 6.3400000000000006e+01, 0.,
    -9.0836100000000002e+00, 6.3450000000000003e+01, 0.,
    -9.0296000000000003e+00, 6.3500000000000000e+01, 0.,
    -8.9982399999999991e+00, 6.3550000000000004e+01, 0.,
    -8.9580199999999994e+00, 6.3600000000000001e+01, 0.,
    -8.9253800000000005e+00, 6.3650000000000006e+01, 0.,
    -8.8859100000000009e+00, 6.3700000000000003e+01, 0.,
    -8.8412799999999994e+00, 6.3750000000000000e+01, 0.,
    -8.7878799999999995e+00, 6.3800000000000004e+01, 0.,
    -8.7217699999999994e+00, 6.3850000000000001e+01, 0.,
    -8.6692499999999999e+00, 6.3900000000000006e+01, 0.,
    -8.5753299999999992e+00, 6.3950000000000003e+01, 0.,
    -8.4886800000000004e+00, 64., 0., -8.4651599999999991e+00,
    6.4049999999999997e+01, 0., -8.4157499999999992e+00,
    6.4100000000000009e+01, 0., -8.3655500000000007e+00,
    6.4150000000000006e+01, 0., -8.3063500000000001e+00,
    6.4200000000000003e+01, 0., -8.2445100000000000e+00,
    6.4250000000000000e+01, 0., -8.1839499999999994e+00,
    6.4299999999999997e+01, 0., -8.1133600000000001e+00,
    6.4350000000000009e+01, 0., -8.0596399999999999e+00,
    6.4400000000000006e+01, 0., -7.9930099999999999e+00,
    6.4450000000000003e+01, 0., -7.9339899999999997e+00,
    6.4500000000000000e+01, 0., -7.8958300000000001e+00,
    6.4549999999999997e+01, 0., -7.8519300000000003e+00,
    6.4600000000000009e+01, 0., -7.8188500000000003e+00,
    6.4650000000000006e+01, 0., -7.7621200000000004e+00,
    6.4700000000000003e+01, 0., -7.7057000000000002e+00,
    6.4750000000000000e+01, 0., -7.6655800000000003e+00,
    6.4799999999999997e+01, 0., -7.6087400000000001e+00,
    6.4850000000000009e+01, 0., -7.5440100000000001e+00,
    6.4900000000000006e+01, 0., -7.4812900000000004e+00,
    6.4950000000000003e+01, 0., -7.4004500000000002e+00, 65., 0.,
    -7.3328899999999999e+00, 6.5049999999999997e+01, 0.,
    -7.2659500000000001e+00, 6.5100000000000009e+01, 0.,
    -7.2147699999999997e+00, 6.5150000000000006e+01, 0.,
    -7.1866099999999999e+00, 6.5200000000000003e+01, 0.,
    -7.1478599999999997e+00, 6.5250000000000000e+01, 0.,
    -7.1126199999999997e+00, 6.5299999999999997e+01, 0.,
    -7.0708399999999996e+00, 6.5350000000000009e+01, 0.,
    -7.0216300000000000e+00, 6.5400000000000006e+01, 0.,
    -6.9566699999999999e+00, 6.5450000000000003e+01, 0.,
    -6.8773999999999997e+00, 6.5500000000000000e+01, 0.,
    -6.8150399999999998e+00, 6.5549999999999997e+01, 0.,
    -6.7539400000000001e+00, 6.5600000000000009e+01, 0.,
    -6.6976300000000002e+00, 6.5650000000000006e+01, 0.,
    -6.6545100000000001e+00, 6.5700000000000003e+01, 0.,
    -6.6024700000000003e+00, 6.5750000000000000e+01, 0.,
    -6.5619100000000001e+00, 6.5799999999999997e+01, 0.,
    -6.5005800000000002e+00, 6.5850000000000009e+01, 0.,
    -6.4384600000000001e+00, 6.5900000000000006e+01, 0.,
    -6.3909000000000002e+00, 6.5950000000000003e+01, 0.,
    -6.3198499999999997e+00, 66., 0., -6.2440600000000002e+00,
    6.6049999999999997e+01, 0., -6.1931000000000003e+00,
    6.6100000000000009e+01, 0., -6.1257599999999996e+00,
    6.6150000000000006e+01, 0., -6.0676399999999999e+00,
    6.6200000000000003e+01, 0., -6.0154399999999999e+00,
    6.6250000000000000e+01, 0., -5.9698200000000003e+00,
    6.6299999999999997e+01, 0., -5.9380600000000001e+00,
    6.6350000000000009e+01, 0., -5.8997099999999998e+00,
    6.6400000000000006e+01, 0., -5.8697900000000001e+00,
    6.6450000000000003e+01, 0., -5.8177500000000002e+00,
    6.6500000000000000e+01, 0., -5.7551199999999998e+00,
    6.6549999999999997e+01, 0., -5.6967600000000003e+00,
    6.6600000000000009e+01, 0., -5.6234900000000003e+00,
    6.6650000000000006e+01, 0., -5.5520500000000004e+00,
    6.6700000000000003e+01, 0., -5.5013300000000003e+00,
    6.6750000000000000e+01, 0., -5.4446399999999997e+00,
    6.6799999999999997e+01, 0., -5.4074000000000000e+00,
    6.6850000000000009e+01, 0., -5.3570799999999998e+00,
    6.6900000000000006e+01, 0., -5.3031899999999998e+00,
    6.6950000000000003e+01, 0., -5.2516299999999996e+00, 67., 0.,
    -5.1784999999999997e+00, 6.7049999999999997e+01, 0.,
    -5.1154200000000003e+00, 6.7100000000000009e+01, 0.,
    -5.0316999999999998e+00, 6.7150000000000006e+01, 0.,
    -4.9522800000000000e+00, 6.7200000000000003e+01, 0.,
    -4.9063600000000003e+00, 6.7250000000000000e+01, 0.,
    -4.8596599999999999e+00, 6.7299999999999997e+01, 0.,
