%YAML:1.0
---
profile: [ 8.1550000000000011e+01, 0., -1.6460999999999999e+01,
    8.1600000000000009e+01, 0., -1.6446600000000000e+01,
    8.1650000000000006e+01, 0., -1.6424959999999999e+01,
    8.1700000000000003e+01, 0., -1.6405719999999999e+01,
    8.1750000000000000e+01, 0., -1.6372840000000000e+01,
    8.1800000000000011e+01, 0., -1.6340319999999998e+01,
    8.1850000000000009e+01, 0., -1.6317319999999999e+01,
    8.1900000000000006e+01, 0., -1.6284140000000001e+01,
    8.1950000000000003e+01, 0., -1.6244470000000000e+01, 82., 0.,
    -1.6201270000000001e+01, 8.2050000000000011e+01, 0.,
    -1.6146820000000002e+01, 8.2100000000000009e+01, 0.,
    -1.6103059999999999e+01, 8.2150000000000006e+01, 0.,
    -1.6037960000000002e+01, 8.2200000000000003e+01, 0.,
    -1.5977480000000000e+01, 8.2250000000000000e+01, 0.,
    -1.5937720000000001e+01, 8.2300000000000011e+01, 0.,
    -1.5895930000000000e+01, 8.2350000000000009e+01, 0.,
    -1.5855240000000000e+01, 8.2400000000000006e+01, 0.,
    -1.5819879999999999e+01, 8.2450000000000003e+01, 0.,
    -1.5779999999999999e+01, 8.2500000000000000e+01, 0.,
    -1.5750439999999999e+01, 8.2550000000000011e+01, 0.,
    -1.5710020000000000e+01, 8.2600000000000009e+01, 0.,
    -1.5673930000000000e+01, 8.2650000000000006e+01, 0.,
    -1.5651249999999999e+01, 8.2700000000000003e+01, 0.,
    -1.5627820000000000e+01, 8.2750000000000000e+01, 0.,
    -1.5602860000000000e+01, 8.2800000000000011e+01, 0.,
    -1.5574140000000000e+01, 8.2850000000000009e+01, 0.,
    -1.5526840000000000e+01, 8.2900000000000006e+01, 0.,
    -1.5473000000000001e+01, 8.2950000000000003e+01, 0.,
    -1.5433080000000000e+01, 83., 0., -1.5387050000000000e+01,
    8.3050000000000011e+01, 0., -1.5354930000000000e+01,
    8.3100000000000009e+01, 0., -1.5321780000000000e+01,
    8.3150000000000006e+01, 0., -1.5287979999999999e+01,
    8.3200000000000003e+01, 0., -1.5253420000000000e+01,
    8.3250000000000000e+01, 0., -1.5196890000000000e+01,
    8.3300000000000011e+01, 0., -1.5131470000000000e+01,
    8.3350000000000009e+01, 0., -1.5079110000000000e+01,
    8.3400000000000006e+01, 0., -1.5022950000000000e+01,
    8.3450000000000003e+01, 0., -1.4989229999999999e+01,
    8.3500000000000000e+01, 0., -1.4963960000000000e+01,
    8.3550000000000011e+01, 0., -1.4943180000000000e+01,
    8.3600000000000009e+01, 0., -1.4926980000000000e+01,
    8.3650000000000006e+01, 0., -1.4891640000000001e+01,
    8.3700000000000003e+01, 0., -1.4839790000000001e+01,
    8.3750000000000000e+01, 0., -1.4777509999999999e+01,
    8.3800000000000011e+01, 0., -1.4700469999999999e+01,
    8.3850000000000009e+01, 0., -1.4639310000000000e+01,
    8.3900000000000006e+01, 0., -1.4588699999999999e+01,
    8.3950000000000003e+01, 0., -1.4548270000000000e+01, 84., 0.,
    -1.4520429999999999e+01, 8.4050000000000011e+01, 0.,
    -1.4492839999999999e+01, 8.4100000000000009e+01, 0.,
    -1.4464040000000001e+01, 8.4150000000000006e+01, 0.,
    -1.4431279999999999e+01, 8.4200000000000003e+01, 0.,
    -1.4380160000000000e+01, 8.4250000000000000e+01, 0.,
    -1.4323190000000000e+01, 8.4300000000000011e+01, 0.,
    -1.4280430000000001e+01, 8.4350000000000009e+01, 0.,
    -1.4232600000000000e+01, 8.4400000000000006e+01, 0.,
    -1.4197400000000000e+01, 8.4450000000000003e+01, 0.,
    -1.4150000000000000e+01, 8.4500000000000000e+01, 0.,
    -1.4102639999999999e+01, 8.4550000000000011e+01, 0.,
    -1.4065840000000000e+01, 8.4600000000000009e+01, 0.,
    -1.4025190000000000e+01, 8.4650000000000006e+01, 0.,
    -1.3987060000000000e+01, 8.4700000000000003e+01, 0.,
    -1.3960300000000000e+01, 8.4750000000000000e+01, 0.,
    -1.3926930000000000e+01, 8.4800000000000011e+01, 0.,
    -1.3894030000000001e+01, 8.4850000000000009e+01, 0.,
    -1.3869230000000000e+01, 8.4900000000000006e+01, 0.,
    -1.3826790000000001e+01, 8.4950000000000003e+01, 0.,
    -1.3779109999999999e+01, 85., 0., -1.3729630000000000e+01,
    8.5050000000000011e+01, 0., -1.3682190000000000e+01,
    8.5100000000000009e+01, 0., -1.3643750000000001e+01,
    8.5150000000000006e+01, 0., -1.3601900000000001e+01,
    8.5200000000000003e+01, 0., -1.3561470000000000e+01,
    8.5250000000000000e+01, 0., -1.3528870000000000e+01,
    8.5300000000000011e+01, 0., -1.3486250000000000e+01,
    8.5350000000000009e+01, 0., -1.3441810000000000e+01,
    8.5400000000000006e+01, 0., -1.3404489999999999e+01,
    8.5450000000000003e+01, 0., -1.3358510000000001e+01,
    8.5500000000000000e+01, 0., -1.3322630000000000e+01,
    8.5550000000000011e+01, 0., -1.3275210000000000e+01,
    8.5600000000000009e+01, 0., -1.3232150000000001e+01,
    8.5650000000000006e+01, 0., -1.3203670000000001e+01,
    8.5700000000000003e+01, 0., -1.3151280000000000e+01,
    8.5750000000000000e+01, 0., -1.3091400000000000e+01,
    8.5800000000000011e+01, 0., -1.3032999999999999e+01,
    8.5850000000000009e+01, 0., -1.2971280000000000e+01,
    8.5900000000000006e+01, 0., -1.2920240000000000e+01,
    8.5950000000000003e+01, 0., -1.2889400000000000e+01, 86., 0.,
    -1.2855350000000000e+01, 8.6050000000000011e+01, 0.,
    -1.2830510000000000e+01, 8.6100000000000009e+01, 0.,
    -1.2794340000000000e+01, 8.6150000000000006e+01, 0.,
    -1.2751870000000000e+01, 8.6200000000000003e+01, 0.,
    -1.2711950000000000e+01, 8.6250000000000000e+01, 0.,
    -1.2650380000000000e+01, 8.6300000000000011e+01, 0.,
    -1.2593170000000001e+01, 8.6350000000000009e+01, 0.,
    -1.2556130000000000e+01, 8.6400000000000006e+01, 0.,
    -1.2517620000000001e+01, 8.6450000000000003e+01, 0.,
    -1.2485400000000000e+01, 8.6500000000000000e+01, 0.,
    -1.2462999999999999e+01, 8.6550000000000011e+01, 0.,
    -1.2433059999999999e+01, 8.6600000000000009e+01, 0.,
    -1.2400880000000001e+01, 8.6650000000000006e+01, 0.,
    -1.2371840000000001e+01, 8.6700000000000003e+01, 0.,
    -1.2331400000000000e+01, 8.6750000000000000e+01, 0.,
    -1.2294119999999999e+01, 8.6800000000000011e+01, 0.,
    -1.2241680000000001e+01, 8.6850000000000009e+01, 0.,
    -1.2191900000000000e+01, 8.6900000000000006e+01, 0.,
    -1.2157060000000000e+01, 8.6950000000000003e+01, 0.,
    -1.2121580000000000e+01, 87., 0., -1.2085050000000001e+01,
    8.7050000000000011e+01, 0., -1.2046090000000000e+01,
    8.7100000000000009e+01, 0., -1.1994960000000001e+01,
    8.7150000000000006e+01, 0., -1.1942180000000000e+01,
    8.7200000000000003e+01, 0., -1.1900100000000000e+01,
    8.7250000000000000e+01, 0., -1.1856220000000000e+01,
    8.7300000000000011e+01, 0., -1.1825820000000000e+01,
    8.7350000000000009e+01, 0., -1.1781850000000000e+01,
    8.7400000000000006e+01, 0., -1.1731000000000000e+01,
    8.7450000000000003e+01, 0., -1.1683960000000001e+01,
    8.7500000000000000e+01, 0., -1.1635830000000000e+01,
    8.7550000000000011e+01, 0., -1.1589130000000001e+01,
    8.7600000000000009e+01, 0., -1.1550369999999999e+01,
    8.7650000000000006e+01, 0., -1.1507400000000001e+01,
    8.7700000000000003e+01, 0., -1.1463570000000001e+01,
    8.7750000000000000e+01, 0., -1.1421450000000000e+01,
    8.7800000000000011e+01, 0., -1.1360790000000000e+01,
    8.7850000000000009e+01, 0., -1.1300179999999999e+01,
    8.7900000000000006e+01, 0., -1.1268780000000000e+01,
    8.7950000000000003e+01, 0., -1.1233820000000000e+01, 88., 0.,
    -1.1200200000000001e+01, 8.8050000000000011e+01, 0.,
    -1.1168440000000000e+01, 8.8100000000000009e+01, 0.,
    -1.1120670000000000e+01, 8.8150000000000006e+01, 0.,
    -1.1072789999999999e+01, 8.8200000000000003e+01, 0.,
    -1.1003180000000000e+01, 8.8250000000000000e+01, 0.,
    -1.0941800000000001e+01, 8.8300000000000011e+01, 0.,
    -1.0905519999999999e+01, 8.8350000000000009e+01, 0.,
    -1.0873310000000000e+01, 8.8400000000000006e+01, 0.,
    -1.0846050000000000e+01, 8.8450000000000003e+01, 0.,
    -1.0826250000000000e+01, 8.8500000000000000e+01, 0.,
    -1.0796040000000000e+01, 8.8550000000000011e+01, 0.,
    -1.0760940000000000e+01, 8.8600000000000009e+01, 0.,
    -1.0721420000000000e+01, 8.8650000000000006e+01, 0.,
