%YAML:1.0
---
profile: [ 4.0000000000000002e-01, 0., -2.2600120000000000e+01,
    4.5000000000000001e-01, 0., -2.2606680000000001e+01,
    5.0000000000000000e-01, 0., -2.2611030000000000e+01,
    5.5000000000000004e-01, 0., -2.2615800000000000e+01,
    6.0000000000000009e-01, 0., -2.2624120000000001e+01,
    6.5000000000000002e-01, 0., -2.2638290000000001e+01,
    7.0000000000000007e-01, 0., -2.2654550000000000e+01,
    7.5000000000000000e-01, 0., -2.2666429999999998e+01,
    8.0000000000000004e-01, 0., -2.2680650000000000e+01,
    8.5000000000000009e-01, 0., -2.2692769999999999e+01,
    9.0000000000000002e-01, 0., -2.2696970000000000e+01,
    9.5000000000000007e-01, 0., -2.2701229999999999e+01, 1., 0.,
    -2.2703430000000001e+01, 1.0500000000000000e+00, 0.,
    -2.2705140000000000e+01, 1.1000000000000001e+00, 0.,
    -2.2708200000000001e+01, 1.1500000000000001e+00, 0.,
    -2.2715679999999999e+01, 1.2000000000000002e+00, 0.,
    -2.2719460000000002e+01, 1.2500000000000000e+00, 0.,
    -2.2720580000000002e+01, 1.3000000000000000e+00, 0.,
    -2.2724779999999999e+01, 1.3500000000000001e+00, 0.,
    -2.2728149999999999e+01, 1.4000000000000001e+00, 0.,
    -2.2728549999999998e+01, 1.4500000000000002e+00, 0.,
    -2.2731359999999999e+01, 1.5000000000000000e+00, 0.,
    -2.2735240000000001e+01, 1.5500000000000000e+00, 0.,
    -2.2740040000000000e+01, 1.6000000000000001e+00, 0.,
    -2.2747370000000000e+01, 1.6500000000000001e+00, 0.,
    -2.2753889999999998e+01, 1.7000000000000002e+00, 0.,
    -2.2764779999999998e+01, 1.7500000000000000e+00, 0.,
    -2.2778559999999999e+01, 1.8000000000000000e+00, 0.,
    -2.2792200000000001e+01, 1.8500000000000001e+00, 0.,
    -2.2796040000000001e+01, 1.9000000000000001e+00, 0.,
    -2.2800020000000000e+01, 1.9500000000000002e+00, 0.,
    -2.2807300000000001e+01, 2., 0., -2.2817889999999998e+01,
    2.0500000000000003e+00, 0., -2.2829580000000000e+01,
    2.1000000000000001e+00, 0., -2.2839340000000000e+01,
    2.1499999999999999e+00, 0., -2.2851160000000000e+01,
    2.2000000000000002e+00, 0., -2.2861650000000001e+01,
    2.2500000000000000e+00, 0., -2.2866610000000001e+01,
    2.3000000000000003e+00, 0., -2.2871410000000001e+01,
    2.3500000000000001e+00, 0., -2.2873570000000001e+01,
    2.4000000000000004e+00, 0., -2.2879120000000000e+01,
    2.4500000000000002e+00, 0., -2.2885290000000001e+01,
    2.5000000000000000e+00, 0., -2.2890090000000001e+01,
    2.5500000000000003e+00, 0., -2.2896090000000001e+01,
    2.6000000000000001e+00, 0., -2.2902000000000001e+01,
    2.6500000000000004e+00, 0., -2.2906160000000000e+01,
    2.7000000000000002e+00, 0., -2.2914339999999999e+01,
    2.7500000000000000e+00, 0., -2.2924420000000001e+01,
    2.8000000000000003e+00, 0., -2.2950310000000002e+01,
    2.8500000000000001e+00, 0., -2.2978179999999998e+01,
    2.9000000000000004e+00, 0., -2.2998860000000001e+01,
    2.9500000000000002e+00, 0., -2.3033359999999998e+01, 3., 0.,
    -2.3062770000000000e+01, 3.0500000000000003e+00, 0.,
    -2.3087350000000001e+01, 3.1000000000000001e+00, 0.,
    -2.3107189999999999e+01, 3.1500000000000004e+00, 0.,
    -2.3128050000000002e+01, 3.2000000000000002e+00, 0.,
    -2.3145189999999999e+01, 3.2500000000000000e+00, 0.,
    -2.3155590000000000e+01, 3.3000000000000003e+00, 0.,
    -2.3179120000000001e+01, 3.3500000000000001e+00, 0.,
    -2.3217099999999999e+01, 3.4000000000000004e+00, 0.,
    -2.3243060000000000e+01, 3.4500000000000002e+00, 0.,
    -2.3259679999999999e+01, 3.5000000000000000e+00, 0.,
    -2.3265059999999998e+01, 3.5500000000000003e+00, 0.,
    -2.3266940000000002e+01, 3.6000000000000001e+00, 0.,
    -2.3269929999999999e+01, 3.6500000000000004e+00, 0.,
    -2.3272970000000001e+01, 3.7000000000000002e+00, 0.,
    -2.3275649999999999e+01, 3.7500000000000000e+00, 0.,
    -2.3278379999999999e+01, 3.8000000000000003e+00, 0.,
    -2.3281420000000001e+01, 3.8500000000000001e+00, 0.,
    -2.3283819999999999e+01, 3.9000000000000004e+00, 0.,
    -2.3284900000000000e+01, 3.9500000000000002e+00, 0.,
    -2.3290870000000002e+01, 4., 0., -2.3297599999999999e+01,
    4.0499999999999998e+00, 0., -2.3302560000000000e+01,
    7.9500000000000002e+00, 0., -2.3326730000000001e+01, 8., 0.,
    -2.3316780000000001e+01, 8.0500000000000007e+00, 0.,
    -2.3316299999999998e+01, 8.0999999999999996e+00, 0.,
    -2.3316099999999999e+01, 8.1500000000000004e+00, 0.,
    -2.3316420000000001e+01, 8.2000000000000011e+00, 0.,
    -2.3316820000000000e+01, 8.2500000000000000e+00, 0.,
    -2.3317240000000002e+01, 8.3000000000000007e+00, 0.,
    -2.3317560000000000e+01, 8.3499999999999996e+00, 0.,
    -2.3316820000000000e+01, 8.4000000000000004e+00, 0.,
    -2.3315619999999999e+01, 8.4500000000000011e+00, 0.,
    -2.3316500000000001e+01, 8.5000000000000000e+00, 0.,
    -2.3317969999999999e+01, 8.5500000000000007e+00, 0.,
    -2.3319009999999999e+01, 8.5999999999999996e+00, 0.,
    -2.3320460000000001e+01, 8.6500000000000004e+00, 0.,
    -2.3321349999999999e+01, 8.7000000000000011e+00, 0.,
    -2.3320110000000000e+01, 8.7500000000000000e+00, 0.,
    -2.3321079999999998e+01, 8.8000000000000007e+00, 0.,
    -2.3324919999999999e+01, 8.8499999999999996e+00, 0.,
    -2.3325440000000000e+01, 8.9000000000000004e+00, 0.,
    -2.3324649999999998e+01, 8.9500000000000011e+00, 0.,
    -2.3323450000000001e+01, 9., 0., -2.3323619999999998e+01,
    9.0500000000000007e+00, 0., -2.3325780000000002e+01,
    9.0999999999999996e+00, 0., -2.3327449999999999e+01,
    9.1500000000000004e+00, 0., -2.3331350000000000e+01,
    9.2000000000000011e+00, 0., -2.3342350000000000e+01,
    9.2500000000000000e+00, 0., -2.3349499999999999e+01,
    9.3000000000000007e+00, 0., -2.3348030000000001e+01,
    9.3499999999999996e+00, 0., -2.3333670000000001e+01,
    9.4000000000000004e+00, 0., -2.3321480000000001e+01,
    9.4500000000000011e+00, 0., -2.3318760000000001e+01,
    9.5000000000000000e+00, 0., -2.3334940000000000e+01,
    3.5050000000000004e+01, 0., -1.6652999999999999e+01,
    3.5100000000000001e+01, 0., -1.6636759999999999e+01,
    3.5149999999999999e+01, 0., -1.6629439999999999e+01,
    3.5200000000000003e+01, 0., -1.6623349999999999e+01,
    3.5250000000000000e+01, 0., -1.6616070000000001e+01,
    3.5300000000000004e+01, 0., -1.6603560000000002e+01,
    3.5350000000000001e+01, 0., -1.6591799999999999e+01,
    3.5399999999999999e+01, 0., -1.6562159999999999e+01,
    3.5450000000000003e+01, 0., -1.6528630000000000e+01,
    3.5500000000000000e+01, 0., -1.6501310000000000e+01,
    3.5550000000000004e+01, 0., -1.6464120000000001e+01,
    3.5600000000000001e+01, 0., -1.6430840000000000e+01,
    3.5649999999999999e+01, 0., -1.6385909999999999e+01,
    3.5700000000000003e+01, 0., -1.6348189999999999e+01,
    3.5750000000000000e+01, 0., -1.6312130000000000e+01,
    3.5800000000000004e+01, 0., -1.6280419999999999e+01,
    3.5850000000000001e+01, 0., -1.6259820000000001e+01,
    3.5899999999999999e+01, 0., -1.6235859999999999e+01,
    3.5950000000000003e+01, 0., -1.6218940000000000e+01, 36., 0.,
    -1.6192750000000000e+01, 3.6050000000000004e+01, 0.,
    -1.6161100000000001e+01, 3.6100000000000001e+01, 0.,
    -1.6129300000000001e+01, 3.6149999999999999e+01, 0.,
    -1.6092150000000000e+01, 3.6200000000000003e+01, 0.,
    -1.6065550000000002e+01, 3.6250000000000000e+01, 0.,
    -1.6035060000000001e+01, 3.6300000000000004e+01, 0.,
    -1.6012180000000001e+01, 3.6350000000000001e+01, 0.,
    -1.5979860000000000e+01, 3.6399999999999999e+01, 0.,
    -1.5947920000000000e+01, 3.6450000000000003e+01, 0.,
    -1.5926560000000000e+01, 3.6500000000000000e+01, 0.,
    -1.5902780000000000e+01, 3.6550000000000004e+01, 0.,
    -1.5887340000000000e+01, 3.6600000000000001e+01, 0.,
    -1.5863009999999999e+01, 3.6649999999999999e+01, 0.,
    -1.5840890000000000e+01, 3.6700000000000003e+01, 0.,
    -1.5807300000000000e+01, 3.6750000000000000e+01, 0.,
    -1.5770580000000001e+01, 3.6800000000000004e+01, 0.,
    -1.5735900000000001e+01, 3.6850000000000001e+01, 0.,
