%YAML:1.0
---
profile: [ 4.6450000000000003e+01, 0., -2.3009049999999998e+01,
    4.6500000000000000e+01, 0., -2.2975970000000000e+01,
    4.6550000000000004e+01, 0., -2.2933060000000001e+01,
    4.6600000000000001e+01, 0., -2.2896979999999999e+01,
    4.6650000000000006e+01, 0., -2.2858799999999999e+01,
    4.6700000000000003e+01, 0., -2.2832039999999999e+01,
    4.6750000000000000e+01, 0., -2.2810780000000001e+01,
    4.6800000000000004e+01, 0., -2.2790350000000000e+01,
    4.6850000000000001e+01, 0., -2.2766790000000000e+01,
    4.6900000000000006e+01, 0., -2.2738340000000001e+01,
    4.6950000000000003e+01, 0., -2.2716180000000001e+01, 47., 0.,
    -2.2689180000000000e+01, 4.7050000000000004e+01, 0.,
    -2.2662389999999998e+01, 4.7100000000000001e+01, 0.,
    -2.2640989999999999e+01, 4.7150000000000006e+01, 0.,
    -2.2612990000000000e+01, 4.7200000000000003e+01, 0.,
    -2.2589189999999999e+01, 4.7250000000000000e+01, 0.,
    -2.2557189999999999e+01, 4.7300000000000004e+01, 0.,
    -2.2530390000000001e+01, 4.7350000000000001e+01, 0.,
    -2.2497640000000001e+01, 4.7400000000000006e+01, 0.,
    -2.2464289999999998e+01, 4.7450000000000003e+01, 0.,
    -2.2435130000000001e+01, 4.7500000000000000e+01, 0.,
    -2.2399410000000000e+01, 4.7550000000000004e+01, 0.,
    -2.2371810000000000e+01, 4.7600000000000001e+01, 0.,
    -2.2340150000000001e+01, 4.7650000000000006e+01, 0.,
    -2.2316389999999998e+01, 4.7700000000000003e+01, 0.,
    -2.2275900000000000e+01, 4.7750000000000000e+01, 0.,
    -2.2229590000000002e+01, 4.7800000000000004e+01, 0.,
    -2.2182670000000002e+01, 4.7850000000000001e+01, 0.,
    -2.2123300000000000e+01, 4.7900000000000006e+01, 0.,
    -2.2074940000000002e+01, 4.7950000000000003e+01, 0.,
    -2.2031150000000000e+01, 48., 0., -2.2005030000000001e+01,
    4.8050000000000004e+01, 0., -2.1987030000000001e+01,
    4.8100000000000001e+01, 0., -2.1975580000000001e+01,
    4.8150000000000006e+01, 0., -2.1975660000000001e+01,
    4.8200000000000003e+01, 0., -2.1969619999999999e+01,
    4.8250000000000000e+01, 0., -2.1957419999999999e+01,
    4.8300000000000004e+01, 0., -2.1929060000000000e+01,
    4.8350000000000001e+01, 0., -2.1893030000000000e+01,
    4.8400000000000006e+01, 0., -2.1850069999999999e+01,
    4.8450000000000003e+01, 0., -2.1802879999999998e+01,
    4.8500000000000000e+01, 0., -2.1773040000000002e+01,
    4.8550000000000004e+01, 0., -2.1742059999999999e+01,
    4.8600000000000001e+01, 0., -2.1720700000000001e+01,
    4.8650000000000006e+01, 0., -2.1693180000000002e+01,
    4.8700000000000003e+01, 0., -2.1663580000000000e+01,
    4.8750000000000000e+01, 0., -2.1633780000000002e+01,
    4.8800000000000004e+01, 0., -2.1593820000000001e+01,
    4.8850000000000001e+01, 0., -2.1558700000000002e+01,
    4.8900000000000006e+01, 0., -2.1519980000000000e+01,
    4.8950000000000003e+01, 0., -2.1491779999999999e+01, 49., 0.,
    -2.1461099999999998e+01, 4.9050000000000004e+01, 0.,
    -2.1429459999999999e+01, 4.9100000000000001e+01, 0.,
    -2.1397379999999998e+01, 4.9150000000000006e+01, 0.,
    -2.1359539999999999e+01, 4.9200000000000003e+01, 0.,
    -2.1332100000000001e+01, 4.9250000000000000e+01, 0.,
    -2.1300100000000000e+01, 4.9300000000000004e+01, 0.,
    -2.1270550000000000e+01, 4.9350000000000001e+01, 0.,
    -2.1249949999999998e+01, 4.9400000000000006e+01, 0.,
    -2.1228760000000001e+01, 4.9450000000000003e+01, 0.,
    -2.1217400000000001e+01, 4.9500000000000000e+01, 0.,
    -2.1210629999999998e+01, 4.9550000000000004e+01, 0.,
    -2.1209230000000002e+01, 4.9600000000000001e+01, 0.,
    -2.1198460000000001e+01, 4.9650000000000006e+01, 0.,
    -2.1180830000000000e+01, 4.9700000000000003e+01, 0.,
    -2.1161110000000001e+01, 4.9750000000000000e+01, 0.,
    -2.1122050000000002e+01, 4.9800000000000004e+01, 0.,
    -2.1083210000000001e+01, 4.9850000000000001e+01, 0.,
    -2.1013259999999999e+01, 4.9900000000000006e+01, 0.,
    -2.0941150000000000e+01, 4.9950000000000003e+01, 0.,
    -2.0893789999999999e+01, 50., 0., -2.0839169999999999e+01,
    5.0050000000000004e+01, 0., -2.0810410000000001e+01,
    5.0100000000000001e+01, 0., -2.0775430000000000e+01,
    5.0150000000000006e+01, 0., -2.0748670000000001e+01,
    5.0200000000000003e+01, 0., -2.0705559999999998e+01,
    5.0250000000000000e+01, 0., -2.0662330000000001e+01,
    5.0300000000000004e+01, 0., -2.0635050000000000e+01,
    5.0350000000000001e+01, 0., -2.0607030000000002e+01,
    5.0400000000000006e+01, 0., -2.0591989999999999e+01,
    5.0450000000000003e+01, 0., -2.0570329999999998e+01,
    5.0500000000000000e+01, 0., -2.0551490000000001e+01,
    5.0550000000000004e+01, 0., -2.0511160000000000e+01,
    5.0600000000000001e+01, 0., -2.0467749999999999e+01,
    5.0650000000000006e+01, 0., -2.0436710000000001e+01,
    5.0700000000000003e+01, 0., -2.0397849999999998e+01,
    5.0750000000000000e+01, 0., -2.0366810000000001e+01,
    5.0800000000000004e+01, 0., -2.0334430000000001e+01,
    5.0850000000000001e+01, 0., -2.0305530000000001e+01,
    5.0900000000000006e+01, 0., -2.0279769999999999e+01,
    5.0950000000000003e+01, 0., -2.0255189999999999e+01, 51., 0.,
    -2.0244669999999999e+01, 5.1050000000000004e+01, 0.,
    -2.0218910000000001e+01, 5.1100000000000001e+01, 0.,
    -2.0191630000000000e+01, 5.1150000000000006e+01, 0.,
    -2.0160530000000001e+01, 5.1200000000000003e+01, 0.,
    -2.0130410000000001e+01, 5.1250000000000000e+01, 0.,
    -2.0107050000000001e+01, 5.1300000000000004e+01, 0.,
    -2.0077760000000001e+01, 5.1350000000000001e+01, 0.,
    -2.0054320000000001e+01, 5.1400000000000006e+01, 0.,
    -2.0019700000000000e+01, 5.1450000000000003e+01, 0.,
    -1.9983319999999999e+01, 5.1500000000000000e+01, 0.,
    -1.9953040000000001e+01, 5.1550000000000004e+01, 0.,
    -1.9915959999999998e+01, 5.1600000000000001e+01, 0.,
    -1.9887239999999998e+01, 5.1650000000000006e+01, 0.,
    -1.9850200000000001e+01, 5.1700000000000003e+01, 0.,
    -1.9819959999999998e+01, 5.1750000000000000e+01, 0.,
    -1.9782879999999999e+01, 5.1800000000000004e+01, 0.,
    -1.9744689999999999e+01, 5.1850000000000001e+01, 0.,
    -1.9709930000000000e+01, 5.1900000000000006e+01, 0.,
    -1.9668759999999999e+01, 5.1950000000000003e+01, 0.,
    -1.9638559999999998e+01, 52., 0., -1.9608319999999999e+01,
    5.2050000000000004e+01, 0., -1.9579440000000002e+01,
    5.2100000000000001e+01, 0., -1.9554559999999999e+01,
    5.2150000000000006e+01, 0., -1.9519990000000000e+01,
    5.2200000000000003e+01, 0., -1.9488309999999998e+01,
    5.2250000000000000e+01, 0., -1.9449770000000001e+01,
    5.2300000000000004e+01, 0., -1.9419570000000000e+01,
    5.2350000000000001e+01, 0., -1.9382619999999999e+01,
    5.2400000000000006e+01, 0., -1.9346200000000000e+01,
    5.2450000000000003e+01, 0., -1.9318320000000000e+01,
    5.2500000000000000e+01, 0., -1.9290099999999999e+01,
    5.2550000000000004e+01, 0., -1.9275539999999999e+01,
    5.2600000000000001e+01, 0., -1.9258320000000001e+01,
    5.2650000000000006e+01, 0., -1.9239899999999999e+01,
    5.2700000000000003e+01, 0., -1.9220340000000000e+01,
    5.2750000000000000e+01, 0., -1.9187580000000001e+01,
    5.2800000000000004e+01, 0., -1.9151420000000002e+01,
    5.2850000000000001e+01, 0., -1.9102440000000001e+01,
    5.2900000000000006e+01, 0., -1.9054770000000001e+01,
    5.2950000000000003e+01, 0., -1.9023930000000000e+01, 53., 0.,
    -1.8981200000000001e+01, 5.3050000000000004e+01, 0.,
    -1.8942080000000001e+01, 5.3100000000000001e+01, 0.,
    -1.8914059999999999e+01, 5.3150000000000006e+01, 0.,
    -1.8902860000000000e+01, 5.3200000000000003e+01, 0.,
    -1.8885780000000000e+01, 5.3250000000000000e+01, 0.,
    -1.8865530000000000e+01, 5.3300000000000004e+01, 0.,
    -1.8841490000000000e+01, 5.3350000000000001e+01, 0.,
    -1.8818210000000001e+01, 5.3400000000000006e+01, 0.,
    -1.8803210000000000e+01, 5.3450000000000003e+01, 0.,
    -1.8758759999999999e+01, 5.3500000000000000e+01, 0.,
    -1.8709980000000002e+01, 5.3550000000000004e+01, 0.,
