%YAML:1.0
---
profile: [ 4.0000000000000002e-01, 0., -1.4161799999999999e+01,
    4.5000000000000001e-01, 0., -1.4164280000000000e+01,
    5.0000000000000000e-01, 0., -1.4136620000000001e+01,
    5.5000000000000004e-01, 0., -1.4099430000000000e+01,
    6.0000000000000009e-01, 0., -1.4063870000000000e+01,
    6.5000000000000002e-01, 0., -1.4026650000000000e+01,
    7.0000000000000007e-01, 0., -1.4020330000000000e+01,
    7.5000000000000000e-01, 0., -1.3999950000000000e+01,
    8.0000000000000004e-01, 0., -1.3968750000000000e+01,
    8.5000000000000009e-01, 0., -1.3932240000000000e+01,
    9.0000000000000002e-01, 0., -1.3904439999999999e+01,
    9.5000000000000007e-01, 0., -1.3867100000000001e+01, 1., 0.,
    -1.3835860000000000e+01, 1.0500000000000000e+00, 0.,
    -1.3800290000000000e+01, 1.1000000000000001e+00, 0.,
    -1.3772570000000000e+01, 1.1500000000000001e+00, 0.,
    -1.3736620000000000e+01, 1.2000000000000002e+00, 0.,
    -1.3707620000000000e+01, 1.2500000000000000e+00, 0.,
    -1.3675750000000001e+01, 1.3000000000000000e+00, 0.,
    -1.3642790000000000e+01, 1.3500000000000001e+00, 0.,
    -1.3609310000000001e+01, 1.4000000000000001e+00, 0.,
    -1.3574400000000001e+01, 1.4500000000000002e+00, 0.,
    -1.3568880000000000e+01, 1.5000000000000000e+00, 0.,
    -1.3557550000000001e+01, 1.5500000000000000e+00, 0.,
    -1.3546150000000001e+01, 1.6000000000000001e+00, 0.,
    -1.3512330000000000e+01, 1.6500000000000001e+00, 0.,
    -1.3481410000000000e+01, 1.7000000000000002e+00, 0.,
    -1.3424640000000000e+01, 1.7500000000000000e+00, 0.,
    -1.3375640000000001e+01, 1.8000000000000000e+00, 0.,
    -1.3333810000000000e+01, 1.8500000000000001e+00, 0.,
    -1.3304250000000000e+01, 1.9000000000000001e+00, 0.,
    -1.3251820000000000e+01, 1.9500000000000002e+00, 0.,
    -1.3206860000000001e+01, 2., 0., -1.3184939999999999e+01,
    2.0500000000000003e+00, 0., -1.3167059999999999e+01,
    2.1000000000000001e+00, 0., -1.3138220000000000e+01,
    2.1499999999999999e+00, 0., -1.3099230000000000e+01,
    2.2000000000000002e+00, 0., -1.3064550000000001e+01,
    2.2500000000000000e+00, 0., -1.3037580000000000e+01,
    2.3000000000000003e+00, 0., -1.3035740000000001e+01,
    2.3500000000000001e+00, 0., -1.3010050000000000e+01,
    2.4000000000000004e+00, 0., -1.2977090000000000e+01,
    2.4500000000000002e+00, 0., -1.2973350000000000e+01,
    2.5000000000000000e+00, 0., -1.2946520000000000e+01,
    2.5500000000000003e+00, 0., -1.2886080000000000e+01,
    2.6000000000000001e+00, 0., -1.2825640000000000e+01,
    2.6500000000000004e+00, 0., -1.2783140000000000e+01,
    2.7000000000000002e+00, 0., -1.2748790000000000e+01,
    2.7500000000000000e+00, 0., -1.2720670000000000e+01,
    2.8000000000000003e+00, 0., -1.2691520000000001e+01,
    2.8500000000000001e+00, 0., -1.2687720000000001e+01,
    2.9000000000000004e+00, 0., -1.2655189999999999e+01,
    2.9500000000000002e+00, 0., -1.2614350000000000e+01, 3., 0.,
    -1.2587619999999999e+01, 3.0500000000000003e+00, 0.,
    -1.2579219999999999e+01, 3.1000000000000001e+00, 0.,
    -1.2550540000000000e+01, 3.1500000000000004e+00, 0.,
    -1.2517010000000001e+01, 3.2000000000000002e+00, 0.,
    -1.2489129999999999e+01, 3.2500000000000000e+00, 0.,
    -1.2456360000000000e+01, 3.3000000000000003e+00, 0.,
    -1.2437080000000000e+01, 3.3500000000000001e+00, 0.,
    -1.2409210000000000e+01, 3.4000000000000004e+00, 0.,
    -1.2382410000000000e+01, 3.4500000000000002e+00, 0.,
    -1.2363750000000000e+01, 3.5000000000000000e+00, 0.,
    -1.2356830000000000e+01, 3.5500000000000003e+00, 0.,
    -1.2314340000000000e+01, 3.6000000000000001e+00, 0.,
    -1.2273619999999999e+01, 3.6500000000000004e+00, 0.,
    -1.2257140000000000e+01, 3.7000000000000002e+00, 0.,
    -1.2233620000000000e+01, 3.7500000000000000e+00, 0.,
    -1.2195940000000000e+01, 3.8000000000000003e+00, 0.,
    -1.2146739999999999e+01, 3.8500000000000001e+00, 0.,
    -1.2104939999999999e+01, 3.9000000000000004e+00, 0.,
    -1.2053800000000001e+01, 3.9500000000000002e+00, 0.,
    -1.2016800000000000e+01, 4., 0., -1.1969420000000000e+01,
    4.0499999999999998e+00, 0., -1.1928060000000000e+01,
    4.1000000000000005e+00, 0., -1.1893540000000000e+01,
    4.1500000000000004e+00, 0., -1.1886659999999999e+01,
    4.2000000000000002e+00, 0., -1.1869899999999999e+01,
    4.2500000000000000e+00, 0., -1.1852180000000001e+01,
    4.2999999999999998e+00, 0., -1.1834360000000000e+01,
    4.3500000000000005e+00, 0., -1.1812889999999999e+01,
    4.4000000000000004e+00, 0., -1.1780730000000000e+01,
    4.4500000000000002e+00, 0., -1.1743300000000000e+01,
    4.5000000000000000e+00, 0., -1.1716820000000000e+01,
    4.5499999999999998e+00, 0., -1.1681929999999999e+01,
    4.6000000000000005e+00, 0., -1.1651930000000000e+01,
    4.6500000000000004e+00, 0., -1.1616880000000000e+01,
    4.7000000000000002e+00, 0., -1.1590199999999999e+01,
    4.7500000000000000e+00, 0., -1.1554530000000000e+01,
    4.8000000000000007e+00, 0., -1.1524770000000000e+01,
    4.8500000000000005e+00, 0., -1.1490620000000000e+01,
    4.9000000000000004e+00, 0., -1.1463979999999999e+01,
    4.9500000000000002e+00, 0., -1.1427300000000001e+01, 5., 0.,
    -1.1389840000000000e+01, 5.0500000000000007e+00, 0.,
    -1.1360080000000000e+01, 5.1000000000000005e+00, 0.,
    -1.1324420000000000e+01, 5.1500000000000004e+00, 0.,
    -1.1297820000000000e+01, 5.2000000000000002e+00, 0.,
    -1.1262110000000000e+01, 5.2500000000000000e+00, 0.,
    -1.1230750000000000e+01, 5.3000000000000007e+00, 0.,
    -1.1206200000000001e+01, 5.3500000000000005e+00, 0.,
    -1.1194440000000000e+01, 5.4000000000000004e+00, 0.,
    -1.1226279999999999e+01, 5.4500000000000002e+00, 0.,
    -1.1214230000000001e+01, 5.5000000000000000e+00, 0.,
    -1.1174989999999999e+01, 5.5500000000000007e+00, 0.,
    -1.1114170000000000e+01, 5.6000000000000005e+00, 0.,
    -1.1059290000000001e+01, 5.6500000000000004e+00, 0.,
    -1.1025969999999999e+01, 5.7000000000000002e+00, 0.,
    -1.1041810000000000e+01, 5.7500000000000000e+00, 0.,
    -1.0988009999999999e+01, 5.8000000000000007e+00, 0.,
    -1.0930249999999999e+01, 5.8500000000000005e+00, 0.,
    -1.0902270000000000e+01, 5.9000000000000004e+00, 0.,
    -1.0900050000000000e+01, 5.9500000000000002e+00, 0.,
    -1.0886690000000000e+01, 6., 0., -1.0858599999999999e+01,
    6.0500000000000007e+00, 0., -1.0822520000000001e+01,
    6.1000000000000005e+00, 0., -1.0786540000000000e+01,
    6.1500000000000004e+00, 0., -1.0768860000000000e+01,
    6.2000000000000002e+00, 0., -1.0741390000000001e+01,
    6.2500000000000000e+00, 0., -1.0716550000000000e+01,
    6.3000000000000007e+00, 0., -1.0670999999999999e+01,
    6.3500000000000005e+00, 0., -1.0631679999999999e+01,
    6.4000000000000004e+00, 0., -1.0568099999999999e+01,
    6.4500000000000002e+00, 0., -1.0514379999999999e+01,
    6.5000000000000000e+00, 0., -1.0465109999999999e+01,
    6.5500000000000007e+00, 0., -1.0435230000000001e+01,
    6.6000000000000005e+00, 0., -1.0419400000000000e+01,
    6.6500000000000004e+00, 0., -1.0403990000000000e+01,
    6.7000000000000002e+00, 0., -1.0375629999999999e+01,
    6.7500000000000000e+00, 0., -1.0347270000000000e+01,
    6.8000000000000007e+00, 0., -1.0333230000000000e+01,
    6.8500000000000005e+00, 0., -1.0312329999999999e+01,
    6.9000000000000004e+00, 0., -1.0293889999999999e+01,
    6.9500000000000002e+00, 0., -1.0300330000000001e+01, 7., 0.,
    -1.0281940000000001e+01, 7.0500000000000007e+00, 0.,
    -1.0228660000000000e+01, 7.1000000000000005e+00, 0.,
    -1.0174510000000000e+01, 7.1500000000000004e+00, 0.,
    -1.0146150000000000e+01, 7.2000000000000002e+00, 0.,
    -1.0108850000000000e+01, 7.2500000000000000e+00, 0.,
    -1.0076890000000001e+01, 7.3000000000000007e+00, 0.,
    -1.0033880000000000e+01, 7.3500000000000005e+00, 0.,
    -9.9979200000000006e+00, 7.4000000000000004e+00, 0.,
    -9.9602699999999995e+00, 7.4500000000000002e+00, 0.,
    -9.9341100000000004e+00, 7.5000000000000000e+00, 0.,
