%YAML:1.0
---
profile: [ 1.4050000000000001e+01, 0., -9.8006700000000002e+00,
    1.4100000000000001e+01, 0., -9.7695000000000007e+00,
    1.4150000000000000e+01, 0., -9.7260600000000004e+00,
    1.4200000000000001e+01, 0., -9.6799999999999997e+00,
    1.4250000000000000e+01, 0., -9.6698000000000004e+00,
    1.4300000000000001e+01, 0., -9.6311300000000006e+00,
    1.4350000000000001e+01, 0., -9.5864499999999992e+00,
    1.4400000000000000e+01, 0., -9.5334299999999992e+00,
    1.4450000000000001e+01, 0., -9.4925499999999996e+00,
    1.4500000000000000e+01, 0., -9.4413800000000005e+00,
    1.4550000000000001e+01, 0., -9.4004600000000007e+00,
    1.4600000000000001e+01, 0., -9.3493399999999998e+00,
    1.4650000000000000e+01, 0., -9.3085000000000004e+00,
    1.4700000000000001e+01, 0., -9.2534500000000008e+00,
    1.4750000000000000e+01, 0., -9.2073699999999992e+00,
    1.4800000000000001e+01, 0., -9.1549800000000001e+00,
    1.4850000000000001e+01, 0., -9.1141799999999993e+00,
    1.4900000000000000e+01, 0., -9.0610199999999992e+00,
    1.4950000000000001e+01, 0., -9.0181400000000007e+00, 15., 0.,
    -8.9799799999999994e+00, 1.5050000000000001e+01, 0.,
    -8.9497599999999995e+00, 1.5100000000000001e+01, 0.,
    -8.9386799999999997e+00, 1.5150000000000000e+01, 0.,
    -8.9244500000000002e+00, 1.5200000000000001e+01, 0.,
    -8.9126100000000008e+00, 1.5250000000000000e+01, 0.,
    -8.8971099999999996e+00, 1.5300000000000001e+01, 0.,
    -8.8740500000000004e+00, 1.5350000000000001e+01, 0.,
    -8.8318899999999996e+00, 1.5400000000000000e+01, 0.,
    -8.7698400000000003e+00, 1.5450000000000001e+01, 0.,
    -8.6905199999999994e+00, 1.5500000000000000e+01, 0.,
    -8.6112000000000002e+00, 1.5550000000000001e+01, 0.,
    -8.5549999999999997e+00, 1.5600000000000001e+01, 0.,
    -8.5186399999999995e+00, 1.5650000000000000e+01, 0.,
    -8.4687400000000004e+00, 1.5700000000000001e+01, 0.,
    -8.4188700000000001e+00, 1.5750000000000000e+01, 0.,
    -8.3826699999999992e+00, 1.5800000000000001e+01, 0.,
    -8.3373500000000007e+00, 1.5850000000000001e+01, 0.,
    -8.3011099999999995e+00, 1.5900000000000000e+01, 0.,
    -8.2546199999999992e+00, 1.5950000000000001e+01, 0.,
    -8.2139000000000006e+00, 16., 0., -8.1652400000000007e+00,
    1.6050000000000001e+01, 0., -8.1290800000000001e+00,
    1.6100000000000001e+01, 0., -8.0815300000000008e+00,
    1.6150000000000002e+01, 0., -8.0408100000000005e+00,
    1.6199999999999999e+01, 0., -7.9933699999999996e+00,
    1.6250000000000000e+01, 0., -7.9572900000000004e+00,
    1.6300000000000001e+01, 0., -7.9081799999999998e+00,
    1.6350000000000001e+01, 0., -7.8667800000000003e+00,
    1.6400000000000002e+01, 0., -7.8263400000000001e+00,
    1.6449999999999999e+01, 0., -7.7867800000000003e+00,
    1.6500000000000000e+01, 0., -7.7489400000000002e+00,
    1.6550000000000001e+01, 0., -7.7015500000000001e+00,
    1.6600000000000001e+01, 0., -7.6635900000000001e+00,
    1.6650000000000002e+01, 0., -7.6149300000000002e+00,
    1.6699999999999999e+01, 0., -7.5724099999999996e+00,
    1.6750000000000000e+01, 0., -7.5215199999999998e+00,
    1.6800000000000001e+01, 0., -7.4836000000000000e+00,
    1.6850000000000001e+01, 0., -7.4324199999999996e+00,
    1.6900000000000002e+01, 0., -7.3871000000000002e+00,
    1.6949999999999999e+01, 0., -7.3341200000000004e+00, 17., 0.,
    -7.2937200000000004e+00, 1.7050000000000001e+01, 0.,
    -7.2433100000000001e+00, 1.7100000000000001e+01, 0.,
    -7.2030700000000003e+00, 1.7150000000000002e+01, 0.,
    -7.1489099999999999e+00, 1.7199999999999999e+01, 0.,
    -7.1035500000000003e+00, 1.7250000000000000e+01, 0.,
    -7.0519900000000000e+00, 1.7300000000000001e+01, 0.,
    -7.0118299999999998e+00, 1.7350000000000001e+01, 0.,
    -6.9614900000000004e+00, 1.7400000000000002e+01, 0.,
    -6.9212499999999997e+00, 1.7449999999999999e+01, 0.,
    -6.8659499999999998e+00, 1.7500000000000000e+01, 0.,
    -6.8106900000000001e+00, 1.7550000000000001e+01, 0.,
    -6.7704899999999997e+00, 1.7600000000000001e+01, 0.,
    -6.7201800000000000e+00, 1.7650000000000002e+01, 0.,
    -6.6799400000000002e+00, 1.7699999999999999e+01, 0.,
    -6.6268900000000004e+00, 1.7750000000000000e+01, 0.,
    -6.5758900000000002e+00, 1.7800000000000001e+01, 0.,
    -6.5321199999999999e+00, 1.7850000000000001e+01, 0.,
    -6.5211600000000001e+00, 1.7900000000000002e+01, 0.,
    -6.4854300000000000e+00, 1.7949999999999999e+01, 0.,
    -6.4451900000000002e+00, 18., 0., -6.3983200000000000e+00,
    1.8050000000000001e+01, 0., -6.3626800000000001e+00,
    1.8100000000000001e+01, 0., -6.3350200000000001e+00,
    1.8150000000000002e+01, 0., -6.3061800000000003e+00,
    1.8199999999999999e+01, 0., -6.2658199999999997e+00,
    1.8250000000000000e+01, 0., -6.2175099999999999e+00,
    1.8300000000000001e+01, 0., -6.1814700000000000e+00,
    1.8350000000000001e+01, 0., -6.1342800000000004e+00,
    1.8400000000000002e+01, 0., -6.0939600000000000e+00,
    1.8449999999999999e+01, 0., -6.0467399999999998e+00,
    1.8500000000000000e+01, 0., -6.0107400000000002e+00,
    1.8550000000000001e+01, 0., -5.9625100000000000e+00,
    1.8600000000000001e+01, 0., -5.9222299999999999e+00,
    1.8650000000000002e+01, 0., -5.8718100000000000e+00,
    1.8699999999999999e+01, 0., -5.8225300000000004e+00,
    1.8750000000000000e+01, 0., -5.7866099999999996e+00,
    1.8800000000000001e+01, 0., -5.7405799999999996e+00,
    1.8850000000000001e+01, 0., -5.7003399999999997e+00,
    1.8900000000000002e+01, 0., -5.6522199999999998e+00,
    1.8949999999999999e+01, 0., -5.6163800000000004e+00, 19., 0.,
    -5.5693500000000000e+00, 1.9050000000000001e+01, 0.,
    -5.5291499999999996e+00, 1.9100000000000001e+01, 0.,
    -5.4822100000000002e+00, 1.9150000000000002e+01, 0.,
    -5.4464499999999996e+00, 1.9200000000000003e+01, 0.,
    -5.3984600000000000e+00, 1.9250000000000000e+01, 0.,
    -5.3583400000000001e+00, 1.9300000000000001e+01, 0.,
    -5.3081399999999999e+00, 1.9350000000000001e+01, 0.,
    -5.2590899999999996e+00, 1.9400000000000002e+01, 0.,
    -5.2234499999999997e+00, 1.9450000000000003e+01, 0.,
    -5.1778000000000004e+00, 1.9500000000000000e+01, 0.,
    -5.1377600000000001e+00, 1.9550000000000001e+01, 0.,
    -5.0865200000000002e+00, 1.9600000000000001e+01, 0.,
    -5.0441599999999998e+00, 1.9650000000000002e+01, 0.,
    -4.9779299999999997e+00, 1.9700000000000003e+01, 0.,
    -4.9091300000000002e+00, 1.9750000000000000e+01, 0.,
    -4.8643400000000003e+00, 1.9800000000000001e+01, 0.,
    -4.8779000000000003e+00, 1.9850000000000001e+01, 0.,
    -4.8244100000000003e+00, 1.9900000000000002e+01, 0.,
    -4.7675299999999998e+00, 1.9950000000000003e+01, 0.,
    -4.7403000000000004e+00, 20., 0., -4.7318600000000002e+00,
    2.0050000000000001e+01, 0., -4.6912200000000004e+00,
    2.0100000000000001e+01, 0., -4.6483200000000000e+00,
    2.0150000000000002e+01, 0., -4.6235999999999997e+00,
    2.0200000000000003e+01, 0., -4.5812400000000002e+00,
    2.0250000000000000e+01, 0., -4.5413199999999998e+00,
    2.0300000000000001e+01, 0., -4.4958400000000003e+00,
    2.0350000000000001e+01, 0., -4.4603599999999997e+00,
    2.0400000000000002e+01, 0., -4.4116000000000000e+00,
    2.0450000000000003e+01, 0., -4.3628499999999999e+00,
    2.0500000000000000e+01, 0., -4.3274100000000004e+00,
    2.0550000000000001e+01, 0., -4.2819599999999998e+00,
    2.0600000000000001e+01, 0., -4.2421199999999999e+00,
    2.0650000000000002e+01, 0., -4.1923199999999996e+00,
    2.0700000000000003e+01, 0., -4.1524799999999997e+00,
    2.0750000000000000e+01, 0., -4.1060100000000004e+00,
    2.0800000000000001e+01, 0., -4.0706899999999999e+00,
    2.0850000000000001e+01, 0., -4.0231000000000003e+00,
    2.0900000000000002e+01, 0., -3.9832999999999998e+00,
    2.0950000000000003e+01, 0., -3.9335399999999998e+00, 21., 0.,
    -3.8849100000000001e+00, 2.1050000000000001e+01, 0.,
    -3.8496700000000001e+00, 2.1100000000000001e+01, 0.,
    -3.8044699999999998e+00, 2.1150000000000002e+01, 0.,
