%YAML:1.0
---
profile: [ 9.0500000000000000e+01, 0., -1.9603050000000000e+01,
    9.0550000000000011e+01, 0., -1.9592649999999999e+01,
    9.0600000000000009e+01, 0., -1.9575620000000001e+01,
    9.0650000000000006e+01, 0., -1.9554910000000000e+01,
    9.0700000000000003e+01, 0., -1.9529789999999998e+01,
    9.0750000000000000e+01, 0., -1.9486519999999999e+01,
    9.0800000000000011e+01, 0., -1.9434439999999999e+01,
    9.0850000000000009e+01, 0., -1.9389759999999999e+01,
    9.0900000000000006e+01, 0., -1.9326680000000000e+01,
    9.0950000000000003e+01, 0., -1.9267679999999999e+01, 91., 0.,
    -1.9198319999999999e+01, 9.1050000000000011e+01, 0.,
    -1.9133929999999999e+01, 9.1100000000000009e+01, 0.,
    -1.9087009999999999e+01, 9.1150000000000006e+01, 0.,
    -1.9050239999999999e+01, 9.1200000000000003e+01, 0.,
    -1.9019290000000002e+01, 9.1250000000000000e+01, 0.,
    -1.8995850000000001e+01, 9.1300000000000011e+01, 0.,
    -1.8962029999999999e+01, 9.1350000000000009e+01, 0.,
    -1.8919480000000000e+01, 9.1400000000000006e+01, 0.,
    -1.8867200000000000e+01, 9.1450000000000003e+01, 0.,
    -1.8798610000000000e+01, 9.1500000000000000e+01, 0.,
    -1.8739930000000001e+01, 9.1550000000000011e+01, 0.,
    -1.8681069999999998e+01, 9.1600000000000009e+01, 0.,
    -1.8632380000000001e+01, 9.1650000000000006e+01, 0.,
    -1.8601299999999998e+01, 9.1700000000000003e+01, 0.,
    -1.8564840000000000e+01, 9.1750000000000000e+01, 0.,
    -1.8524670000000000e+01, 9.1800000000000011e+01, 0.,
    -1.8478829999999999e+01, 9.1850000000000009e+01, 0.,
    -1.8431370000000001e+01, 9.1900000000000006e+01, 0.,
    -1.8392160000000001e+01, 9.1950000000000003e+01, 0.,
    -1.8366320000000002e+01, 92., 0., -1.8332419999999999e+01,
    9.2050000000000011e+01, 0., -1.8304459999999999e+01,
    9.2100000000000009e+01, 0., -1.8255330000000001e+01,
    9.2150000000000006e+01, 0., -1.8199169999999999e+01,
    9.2200000000000003e+01, 0., -1.8150089999999999e+01,
    9.2250000000000000e+01, 0., -1.8100860000000001e+01,
    9.2300000000000011e+01, 0., -1.8060400000000001e+01,
    9.2350000000000009e+01, 0., -1.8034880000000001e+01,
    9.2400000000000006e+01, 0., -1.7992439999999998e+01,
    9.2450000000000003e+01, 0., -1.7939850000000000e+01,
    9.2500000000000000e+01, 0., -1.7887409999999999e+01,
    9.2550000000000011e+01, 0., -1.7838640000000002e+01,
    9.2600000000000009e+01, 0., -1.7806719999999999e+01,
    9.2650000000000006e+01, 0., -1.7799199999999999e+01,
    9.2700000000000003e+01, 0., -1.7791380000000000e+01,
    9.2750000000000000e+01, 0., -1.7787060000000000e+01,
    9.2800000000000011e+01, 0., -1.7775449999999999e+01,
    9.2850000000000009e+01, 0., -1.7754610000000000e+01,
    9.2900000000000006e+01, 0., -1.7713370000000001e+01,
    9.2950000000000003e+01, 0., -1.7634160000000001e+01, 93., 0.,
    -1.7540060000000000e+01, 9.3050000000000011e+01, 0.,
    -1.7475899999999999e+01, 9.3100000000000009e+01, 0.,
    -1.7416850000000000e+01, 9.3150000000000006e+01, 0.,
    -1.7371479999999998e+01, 9.3200000000000003e+01, 0.,
    -1.7333760000000002e+01, 9.3250000000000000e+01, 0.,
    -1.7284590000000001e+01, 9.3300000000000011e+01, 0.,
    -1.7244230000000002e+01, 9.3350000000000009e+01, 0.,
    -1.7191279999999999e+01, 9.3400000000000006e+01, 0.,
    -1.7143789999999999e+01, 9.3450000000000003e+01, 0.,
    -1.7113070000000000e+01, 9.3500000000000000e+01, 0.,
    -1.7080580000000001e+01, 9.3550000000000011e+01, 0.,
    -1.7051500000000001e+01, 9.3600000000000009e+01, 0.,
    -1.7030580000000000e+01, 9.3650000000000006e+01, 0.,
    -1.6993110000000001e+01, 9.3700000000000003e+01, 0.,
    -1.6948160000000001e+01, 9.3750000000000000e+01, 0.,
    -1.6912320000000001e+01, 9.3800000000000011e+01, 0.,
    -1.6864999999999998e+01, 9.3850000000000009e+01, 0.,
    -1.6817160000000001e+01, 9.3900000000000006e+01, 0.,
    -1.6782760000000000e+01, 9.3950000000000003e+01, 0.,
    -1.6735209999999999e+01, 94., 0., -1.6691770000000002e+01,
    9.4050000000000011e+01, 0., -1.6628029999999999e+01,
    9.4100000000000009e+01, 0., -1.6560279999999999e+01,
    9.4150000000000006e+01, 0., -1.6504120000000000e+01,
    9.4200000000000003e+01, 0., -1.6440670000000001e+01,
    9.4250000000000000e+01, 0., -1.6387450000000001e+01,
    9.4300000000000011e+01, 0., -1.6355129999999999e+01,
    9.4350000000000009e+01, 0., -1.6323960000000000e+01,
    9.4400000000000006e+01, 0., -1.6292600000000000e+01,
    9.4450000000000003e+01, 0., -1.6259480000000000e+01,
    9.4500000000000000e+01, 0., -1.6211639999999999e+01,
    9.4550000000000011e+01, 0., -1.6161690000000000e+01,
    9.4600000000000009e+01, 0., -1.6128570000000000e+01,
    9.4650000000000006e+01, 0., -1.6085850000000001e+01,
    9.4700000000000003e+01, 0., -1.6040820000000000e+01,
    9.4750000000000000e+01, 0., -1.6000060000000001e+01,
    9.4800000000000011e+01, 0., -1.5954020000000000e+01,
    9.4850000000000009e+01, 0., -1.5919860000000000e+01,
    9.4900000000000006e+01, 0., -1.5877370000000001e+01,
    9.4950000000000003e+01, 0., -1.5834490000000001e+01, 95., 0.,
    -1.5799690000000000e+01, 9.5050000000000011e+01, 0.,
    -1.5753690000000001e+01, 9.5100000000000009e+01, 0.,
    -1.5705790000000000e+01, 9.5150000000000006e+01, 0.,
    -1.5665950000000000e+01, 9.5200000000000003e+01, 0.,
    -1.5610300000000001e+01, 9.5250000000000000e+01, 0.,
    -1.5559780000000000e+01, 9.5300000000000011e+01, 0.,
    -1.5527260000000000e+01, 9.5350000000000009e+01, 0.,
    -1.5477420000000000e+01, 9.5400000000000006e+01, 0.,
    -1.5421709999999999e+01, 9.5450000000000003e+01, 0.,
    -1.5377870000000000e+01, 9.5500000000000000e+01, 0.,
    -1.5331280000000000e+01, 9.5550000000000011e+01, 0.,
    -1.5292090000000000e+01, 9.5600000000000009e+01, 0.,
    -1.5266930000000000e+01, 9.5650000000000006e+01, 0.,
    -1.5235960000000000e+01, 9.5700000000000003e+01, 0.,
    -1.5204700000000001e+01, 9.5750000000000000e+01, 0.,
    -1.5177420000000000e+01, 9.5800000000000011e+01, 0.,
    -1.5138840000000000e+01, 9.5850000000000009e+01, 0.,
    -1.5102639999999999e+01, 9.5900000000000006e+01, 0.,
    -1.5038980000000000e+01, 9.5950000000000003e+01, 0.,
    -1.4973179999999999e+01, 96., 0., -1.4923539999999999e+01,
    9.6050000000000011e+01, 0., -1.4859220000000001e+01,
    9.6100000000000009e+01, 0., -1.4806839999999999e+01,
    9.6150000000000006e+01, 0., -1.4779999999999999e+01,
    9.6200000000000003e+01, 0., -1.4747299999999999e+01,
    9.6250000000000000e+01, 0., -1.4716900000000001e+01,
    9.6300000000000011e+01, 0., -1.4695140000000000e+01,
    9.6350000000000009e+01, 0., -1.4652160000000000e+01,
    9.6400000000000006e+01, 0., -1.4596410000000001e+01,
    9.6450000000000003e+01, 0., -1.4544650000000001e+01,
    9.6500000000000000e+01, 0., -1.4483510000000001e+01,
    9.6550000000000011e+01, 0., -1.4426670000000000e+01,
    9.6600000000000009e+01, 0., -1.4387269999999999e+01,
    9.6650000000000006e+01, 0., -1.4338160000000000e+01,
    9.6700000000000003e+01, 0., -1.4290979999999999e+01,
    9.6750000000000000e+01, 0., -1.4259140000000000e+01,
    9.6800000000000011e+01, 0., -1.4219320000000000e+01,
    9.6850000000000009e+01, 0., -1.4176640000000001e+01,
    9.6900000000000006e+01, 0., -1.4133319999999999e+01,
    9.6950000000000003e+01, 0., -1.4072070000000000e+01, 97., 0.,
    -1.4007270000000000e+01, 9.7050000000000011e+01, 0.,
    -1.3958950000000000e+01, 9.7100000000000009e+01, 0.,
    -1.3914720000000001e+01, 9.7150000000000006e+01, 0.,
    -1.3883789999999999e+01, 9.7200000000000003e+01, 0.,
    -1.3867030000000000e+01, 9.7250000000000000e+01, 0.,
    -1.3843970000000001e+01, 9.7300000000000011e+01, 0.,
    -1.3823130000000001e+01, 9.7350000000000009e+01, 0.,
    -1.3784549999999999e+01, 9.7400000000000006e+01, 0.,
    -1.3740320000000001e+01, 9.7450000000000003e+01, 0.,
    -1.3701960000000000e+01, 9.7500000000000000e+01, 0.,
    -1.3654800000000000e+01, 9.7550000000000011e+01, 0.,
    -1.3607080000000000e+01, 9.7600000000000009e+01, 0.,
