%YAML:1.0
---
profile: [ 5.3800000000000004e+01, 0., -1.2419000000000000e+01,
    5.3850000000000001e+01, 0., -1.2397900000000000e+01,
    5.3900000000000006e+01, 0., -1.2375500000000001e+01,
    5.3950000000000003e+01, 0., -1.2338200000000001e+01, 54., 0.,
    -1.2294240000000000e+01, 5.4050000000000004e+01, 0.,
    -1.2257400000000001e+01, 5.4100000000000001e+01, 0.,
    -1.2195370000000000e+01, 5.4150000000000006e+01, 0.,
    -1.2126690000000000e+01, 5.4200000000000003e+01, 0.,
    -1.2063580000000000e+01, 5.4250000000000000e+01, 0.,
    -1.2025259999999999e+01, 5.4300000000000004e+01, 0.,
    -1.1975170000000000e+01, 5.4350000000000001e+01, 0.,
    -1.1931250000000000e+01, 5.4400000000000006e+01, 0.,
    -1.1917610000000000e+01, 5.4450000000000003e+01, 0.,
    -1.1884639999999999e+01, 5.4500000000000000e+01, 0.,
    -1.1839200000000000e+01, 5.4550000000000004e+01, 0.,
    -1.1786600000000000e+01, 5.4600000000000001e+01, 0.,
    -1.1735460000000000e+01, 5.4650000000000006e+01, 0.,
    -1.1695860000000000e+01, 5.4700000000000003e+01, 0.,
    -1.1650930000000001e+01, 5.4750000000000000e+01, 0.,
    -1.1620609999999999e+01, 5.4800000000000004e+01, 0.,
    -1.1581120000000000e+01, 5.4850000000000001e+01, 0.,
    -1.1548760000000000e+01, 5.4900000000000006e+01, 0.,
    -1.1506840000000000e+01, 5.4950000000000003e+01, 0.,
    -1.1457640000000000e+01, 55., 0., -1.1410040000000000e+01,
    5.5050000000000004e+01, 0., -1.1351649999999999e+01,
    5.5100000000000001e+01, 0., -1.1305610000000000e+01,
    5.5150000000000006e+01, 0., -1.1258060000000000e+01,
    5.5200000000000003e+01, 0., -1.1211940000000000e+01,
    5.5250000000000000e+01, 0., -1.1171700000000000e+01,
    5.5300000000000004e+01, 0., -1.1127500000000000e+01,
    5.5350000000000001e+01, 0., -1.1099539999999999e+01,
    5.5400000000000006e+01, 0., -1.1063760000000000e+01,
    5.5450000000000003e+01, 0., -1.1024770000000000e+01,
    5.5500000000000000e+01, 0., -1.0983850000000000e+01,
    5.5550000000000004e+01, 0., -1.0930980000000000e+01,
    5.5600000000000001e+01, 0., -1.0886659999999999e+01,
    5.5650000000000006e+01, 0., -1.0841860000000000e+01,
    5.5700000000000003e+01, 0., -1.0800250000000000e+01,
    5.5750000000000000e+01, 0., -1.0768689999999999e+01,
    5.5800000000000004e+01, 0., -1.0731890000000000e+01,
    5.5850000000000001e+01, 0., -1.0705690000000001e+01,
    5.5900000000000006e+01, 0., -1.0667619999999999e+01,
    5.5950000000000003e+01, 0., -1.0628909999999999e+01, 56., 0.,
    -1.0600230000000000e+01, 5.6050000000000004e+01, 0.,
    -1.0555380000000000e+01, 5.6100000000000001e+01, 0.,
    -1.0508820000000000e+01, 5.6150000000000006e+01, 0.,
    -1.0438760000000000e+01, 5.6200000000000003e+01, 0.,
    -1.0376400000000000e+01, 5.6250000000000000e+01, 0.,
    -1.0306810000000000e+01, 5.6300000000000004e+01, 0.,
    -1.0250220000000001e+01, 5.6350000000000001e+01, 0.,
    -1.0217980000000001e+01, 5.6400000000000006e+01, 0.,
    -1.0173460000000000e+01, 5.6450000000000003e+01, 0.,
    -1.0135619999999999e+01, 5.6500000000000000e+01, 0.,
    -1.0091749999999999e+01, 5.6550000000000004e+01, 0.,
    -1.0050230000000001e+01, 5.6600000000000001e+01, 0.,
    -1.0021710000000001e+01, 5.6650000000000006e+01, 0.,
    -9.9887499999999996e+00, 5.6700000000000003e+01, 0.,
    -9.9638299999999997e+00, 5.6750000000000000e+01, 0.,
    -9.9146500000000000e+00, 5.6800000000000004e+01, 0.,
    -9.8591200000000008e+00, 5.6850000000000001e+01, 0.,
    -9.8086000000000002e+00, 5.6900000000000006e+01, 0.,
    -9.7517700000000005e+00, 5.6950000000000003e+01, 0.,
    -9.7096900000000002e+00, 57., 0., -9.6635299999999997e+00,
    5.7050000000000004e+01, 0., -9.6185799999999997e+00,
    5.7100000000000001e+01, 0., -9.5811799999999998e+00,
    5.7150000000000006e+01, 0., -9.5331299999999999e+00,
    5.7200000000000003e+01, 0., -9.4940099999999994e+00,
    5.7250000000000000e+01, 0., -9.4493600000000004e+00,
    5.7300000000000004e+01, 0., -9.4084299999999992e+00,
    5.7350000000000001e+01, 0., -9.3841500000000000e+00,
    5.7400000000000006e+01, 0., -9.3592300000000002e+00,
    5.7450000000000003e+01, 0., -9.3422699999999992e+00,
    5.7500000000000000e+01, 0., -9.3060500000000008e+00,
    5.7550000000000004e+01, 0., -9.2608999999999995e+00,
    5.7600000000000001e+01, 0., -9.2081800000000005e+00,
    5.7650000000000006e+01, 0., -9.1397300000000001e+00,
    5.7700000000000003e+01, 0., -9.0836900000000007e+00,
    5.7750000000000000e+01, 0., -9.0370600000000003e+00,
    5.7800000000000004e+01, 0., -8.9947099999999995e+00,
    5.7850000000000001e+01, 0., -8.9559099999999994e+00,
    5.7900000000000006e+01, 0., -8.9014199999999999e+00,
    5.7950000000000003e+01, 0., -8.8546600000000009e+00, 58., 0.,
    -8.7820599999999995e+00, 5.8050000000000004e+01, 0.,
    -8.7103599999999997e+00, 5.8100000000000001e+01, 0.,
    -8.6671999999999993e+00, 5.8150000000000006e+01, 0.,
    -8.6199399999999997e+00, 5.8200000000000003e+01, 0.,
    -8.5901800000000001e+00, 5.8250000000000000e+01, 0.,
    -8.5629600000000003e+00, 5.8300000000000004e+01, 0.,
    -8.5365199999999994e+00, 5.8350000000000001e+01, 0.,
    -8.5097199999999997e+00, 5.8400000000000006e+01, 0.,
    -8.4646200000000000e+00, 5.8450000000000003e+01, 0.,
    -8.4146199999999993e+00, 5.8500000000000000e+01, 0.,
    -8.3725500000000004e+00, 5.8550000000000004e+01, 0.,
    -8.3338699999999992e+00, 5.8600000000000001e+01, 0.,
    -8.2976700000000001e+00, 5.8650000000000006e+01, 0.,
    -8.2541700000000002e+00, 5.8700000000000003e+01, 0.,
    -8.2203700000000008e+00, 5.8750000000000000e+01, 0.,
    -8.1830499999999997e+00, 5.8800000000000004e+01, 0.,
    -8.1463599999999996e+00, 5.8850000000000001e+01, 0.,
    -8.1150800000000007e+00, 5.8900000000000006e+01, 0.,
    -8.0740300000000005e+00, 5.8950000000000003e+01, 0.,
    -8.0402299999999993e+00, 59., 0., -7.9874000000000001e+00,
    5.9050000000000004e+01, 0., -7.9280999999999997e+00,
    5.9100000000000001e+01, 0., -7.8684200000000004e+00,
    5.9150000000000006e+01, 0., -7.8101099999999999e+00,
    5.9200000000000003e+01, 0., -7.7721499999999999e+00,
    5.9250000000000000e+01, 0., -7.7335799999999999e+00,
    5.9300000000000004e+01, 0., -7.6935000000000002e+00,
    5.9350000000000001e+01, 0., -7.6569799999999999e+00,
    5.9400000000000006e+01, 0., -7.6065399999999999e+00,
    5.9450000000000003e+01, 0., -7.5636999999999999e+00,
    5.9500000000000000e+01, 0., -7.5051300000000003e+00,
    5.9550000000000004e+01, 0., -7.4484500000000002e+00,
    5.9600000000000001e+01, 0., -7.4132499999999997e+00,
    5.9650000000000006e+01, 0., -7.3756100000000000e+00,
    5.9700000000000003e+01, 0., -7.3489300000000002e+00,
    5.9750000000000000e+01, 0., -7.3151000000000002e+00,
    5.9800000000000004e+01, 0., -7.2817900000000000e+00,
    5.9850000000000001e+01, 0., -7.2559100000000001e+00,
    5.9900000000000006e+01, 0., -7.2068500000000002e+00,
    5.9950000000000003e+01, 0., -7.1457400000000000e+00, 60., 0.,
    -7.0938999999999997e+00, 6.0050000000000004e+01, 0.,
    -7.0286999999999997e+00, 6.0100000000000001e+01, 0.,
    -6.9761800000000003e+00, 6.0150000000000006e+01, 0.,
    -6.9240899999999996e+00, 6.0200000000000003e+01, 0.,
    -6.8834299999999997e+00, 6.0250000000000000e+01, 0.,
    -6.8583100000000004e+00, 6.0300000000000004e+01, 0.,
    -6.8206800000000003e+00, 6.0350000000000001e+01, 0.,
    -6.7831999999999999e+00, 6.0400000000000006e+01, 0.,
    -6.7381900000000003e+00, 6.0450000000000003e+01, 0.,
    -6.6945800000000002e+00, 6.0500000000000000e+01, 0.,
    -6.6627000000000001e+00, 6.0550000000000004e+01, 0.,
    -6.6237899999999996e+00, 6.0600000000000001e+01, 0.,
    -6.5932300000000001e+00, 6.0650000000000006e+01, 0.,
    -6.5633200000000000e+00, 6.0700000000000003e+01, 0.,
    -6.5316000000000001e+00, 6.0750000000000000e+01, 0.,
    -6.5016400000000001e+00, 6.0800000000000004e+01, 0.,
    -6.4391400000000001e+00, 6.0850000000000001e+01, 0.,
    -6.3758200000000000e+00, 6.0900000000000006e+01, 0.,
