%YAML:1.0
---
profile: [ 9.2350000000000009e+01, 0., -2.3480760000000000e+01,
    9.2400000000000006e+01, 0., -2.3482320000000001e+01,
    9.2450000000000003e+01, 0., -2.3481790000000000e+01,
    9.2500000000000000e+01, 0., -2.3479920000000000e+01,
    9.2550000000000011e+01, 0., -2.3476240000000001e+01,
    9.2600000000000009e+01, 0., -2.3471419999999998e+01,
    9.2650000000000006e+01, 0., -2.3467459999999999e+01,
    9.2700000000000003e+01, 0., -2.3462859999999999e+01,
    9.2750000000000000e+01, 0., -2.3454270000000001e+01,
    9.2800000000000011e+01, 0., -2.3442589999999999e+01,
    9.2850000000000009e+01, 0., -2.3420809999999999e+01,
    9.2900000000000006e+01, 0., -2.3391010000000001e+01,
    9.2950000000000003e+01, 0., -2.3356890000000000e+01, 93., 0.,
    -2.3305579999999999e+01, 9.3050000000000011e+01, 0.,
    -2.3254220000000000e+01, 9.3100000000000009e+01, 0.,
    -2.3196349999999999e+01, 9.3150000000000006e+01, 0.,
    -2.3149400000000000e+01, 9.3200000000000003e+01, 0.,
    -2.3123080000000002e+01, 9.3250000000000000e+01, 0.,
    -2.3087969999999999e+01, 9.3300000000000011e+01, 0.,
    -2.3049499999999998e+01, 9.3350000000000009e+01, 0.,
    -2.3012540000000001e+01, 9.3400000000000006e+01, 0.,
    -2.2963860000000000e+01, 9.3450000000000003e+01, 0.,
    -2.2923620000000000e+01, 9.3500000000000000e+01, 0.,
    -2.2858100000000000e+01, 9.3550000000000011e+01, 0.,
    -2.2797470000000001e+01, 9.3600000000000009e+01, 0.,
    -2.2759470000000000e+01, 9.3650000000000006e+01, 0.,
    -2.2716329999999999e+01, 9.3700000000000003e+01, 0.,
    -2.2679929999999999e+01, 9.3750000000000000e+01, 0.,
    -2.2657530000000001e+01, 9.3800000000000011e+01, 0.,
    -2.2631860000000000e+01, 9.3850000000000009e+01, 0.,
    -2.2606610000000000e+01, 9.3900000000000006e+01, 0.,
    -2.2582650000000001e+01, 9.3950000000000003e+01, 0.,
    -2.2544360000000001e+01, 94., 0., -2.2503760000000000e+01,
    9.4050000000000011e+01, 0., -2.2434729999999998e+01,
    9.4100000000000009e+01, 0., -2.2369850000000000e+01,
    9.4150000000000006e+01, 0., -2.2328450000000000e+01,
    9.4200000000000003e+01, 0., -2.2277220000000000e+01,
    9.4250000000000000e+01, 0., -2.2226520000000001e+01,
    9.4300000000000011e+01, 0., -2.2187080000000002e+01,
    9.4350000000000009e+01, 0., -2.2138290000000001e+01,
    9.4400000000000006e+01, 0., -2.2090350000000001e+01,
    9.4450000000000003e+01, 0., -2.2053509999999999e+01,
    9.4500000000000000e+01, 0., -2.2003019999999999e+01,
    9.4550000000000011e+01, 0., -2.1957339999999999e+01,
    9.4600000000000009e+01, 0., -2.1903700000000001e+01,
    9.4650000000000006e+01, 0., -2.1850570000000001e+01,
    9.4700000000000003e+01, 0., -2.1807610000000000e+01,
    9.4750000000000000e+01, 0., -2.1770700000000001e+01,
    9.4800000000000011e+01, 0., -2.1739730000000002e+01,
    9.4850000000000009e+01, 0., -2.1720410000000001e+01,
    9.4900000000000006e+01, 0., -2.1699780000000001e+01,
    9.4950000000000003e+01, 0., -2.1685179999999999e+01, 95., 0.,
    -2.1657789999999999e+01, 9.5050000000000011e+01, 0.,
    -2.1619840000000000e+01, 9.5100000000000009e+01, 0.,
    -2.1579519999999999e+01, 9.5150000000000006e+01, 0.,
    -2.1502790000000001e+01, 9.5200000000000003e+01, 0.,
    -2.1420400000000001e+01, 9.5250000000000000e+01, 0.,
    -2.1355560000000001e+01, 9.5300000000000011e+01, 0.,
    -2.1309449999999998e+01, 9.5350000000000009e+01, 0.,
    -2.1275390000000002e+01, 9.5400000000000006e+01, 0.,
    -2.1258749999999999e+01, 9.5450000000000003e+01, 0.,
    -2.1240539999999999e+01, 9.5500000000000000e+01, 0.,
    -2.1227419999999999e+01, 9.5550000000000011e+01, 0.,
    -2.1197019999999998e+01, 9.5600000000000009e+01, 0.,
    -2.1149090000000001e+01, 9.5650000000000006e+01, 0.,
    -2.1094010000000001e+01, 9.5700000000000003e+01, 0.,
    -2.1013780000000001e+01, 9.5750000000000000e+01, 0.,
    -2.0943449999999999e+01, 9.5800000000000011e+01, 0.,
    -2.0902450000000002e+01, 9.5850000000000009e+01, 0.,
    -2.0860099999999999e+01, 9.5900000000000006e+01, 0.,
    -2.0819710000000001e+01, 9.5950000000000003e+01, 0.,
    -2.0786629999999999e+01, 96., 0., -2.0738040000000002e+01,
    9.6050000000000011e+01, 0., -2.0684460000000001e+01,
    9.6100000000000009e+01, 0., -2.0640860000000000e+01,
    9.6150000000000006e+01, 0., -2.0595040000000001e+01,
    9.6200000000000003e+01, 0., -2.0563079999999999e+01,
    9.6250000000000000e+01, 0., -2.0529830000000000e+01,
    9.6300000000000011e+01, 0., -2.0499580000000002e+01,
    9.6350000000000009e+01, 0., -2.0476980000000001e+01,
    9.6400000000000006e+01, 0., -2.0431229999999999e+01,
    9.6450000000000003e+01, 0., -2.0382130000000000e+01,
    9.6500000000000000e+01, 0., -2.0344130000000000e+01,
    9.6550000000000011e+01, 0., -2.0285879999999999e+01,
    9.6600000000000009e+01, 0., -2.0223220000000001e+01,
    9.6650000000000006e+01, 0., -2.0181580000000000e+01,
    9.6700000000000003e+01, 0., -2.0134689999999999e+01,
    9.6750000000000000e+01, 0., -2.0092140000000001e+01,
    9.6800000000000011e+01, 0., -2.0060780000000001e+01,
    9.6850000000000009e+01, 0., -2.0020640000000000e+01,
    9.6900000000000006e+01, 0., -1.9988040000000002e+01,
    9.6950000000000003e+01, 0., -1.9942630000000001e+01, 97., 0.,
    -1.9898180000000000e+01, 9.7050000000000011e+01, 0.,
    -1.9865140000000000e+01, 9.7100000000000009e+01, 0.,
    -1.9817110000000000e+01, 9.7150000000000006e+01, 0.,
    -1.9767980000000001e+01, 9.7200000000000003e+01, 0.,
    -1.9729420000000001e+01, 9.7250000000000000e+01, 0.,
    -1.9666509999999999e+01, 9.7300000000000011e+01, 0.,
    -1.9597999999999999e+01, 9.7350000000000009e+01, 0.,
    -1.9556519999999999e+01, 9.7400000000000006e+01, 0.,
    -1.9514880000000002e+01, 9.7450000000000003e+01, 0.,
    -1.9477709999999998e+01, 9.7500000000000000e+01, 0.,
    -1.9440550000000002e+01, 9.7550000000000011e+01, 0.,
    -1.9384319999999999e+01, 9.7600000000000009e+01, 0.,
    -1.9325410000000002e+01, 9.7650000000000006e+01, 0.,
    -1.9290489999999998e+01, 9.7700000000000003e+01, 0.,
    -1.9254760000000001e+01, 9.7750000000000000e+01, 0.,
    -1.9235800000000001e+01, 9.7800000000000011e+01, 0.,
    -1.9212890000000002e+01, 9.7850000000000009e+01, 0.,
    -1.9183340000000001e+01, 9.7900000000000006e+01, 0.,
    -1.9151420000000002e+01, 9.7950000000000003e+01, 0.,
    -1.9074259999999999e+01, 98., 0., -1.8992640000000002e+01,
    9.8050000000000011e+01, 0., -1.8933160000000001e+01,
    9.8100000000000009e+01, 0., -1.8895600000000002e+01,
    9.8150000000000006e+01, 0., -1.8865359999999999e+01,
    9.8200000000000003e+01, 0., -1.8835239999999999e+01,
    9.8250000000000000e+01, 0., -1.8789159999999999e+01,
    9.8300000000000011e+01, 0., -1.8739409999999999e+01,
    9.8350000000000009e+01, 0., -1.8705729999999999e+01,
    9.8400000000000006e+01, 0., -1.8659849999999999e+01,
    9.8450000000000003e+01, 0., -1.8612639999999999e+01,
    9.8500000000000000e+01, 0., -1.8578800000000001e+01,
    9.8550000000000011e+01, 0., -1.8538250000000001e+01,
    9.8600000000000009e+01, 0., -1.8508050000000001e+01,
    9.8650000000000006e+01, 0., -1.8460059999999999e+01,
    9.8700000000000003e+01, 0., -1.8407850000000000e+01,
    9.8750000000000000e+01, 0., -1.8364049999999999e+01,
    9.8800000000000011e+01, 0., -1.8304880000000001e+01,
    9.8850000000000009e+01, 0., -1.8251149999999999e+01,
    9.8900000000000006e+01, 0., -1.8215990000000001e+01,
    9.8950000000000003e+01, 0., -1.8175630000000002e+01, 99., 0.,
    -1.8138259999999999e+01, 9.9050000000000011e+01, 0.,
    -1.8114979999999999e+01, 9.9100000000000009e+01, 0.,
    -1.8079550000000001e+01, 9.9150000000000006e+01, 0.,
    -1.8034730000000000e+01, 9.9200000000000003e+01, 0.,
    -1.7982450000000000e+01, 9.9250000000000000e+01, 0.,
    -1.7913160000000001e+01, 9.9300000000000011e+01, 0.,
    -1.7846209999999999e+01, 9.9350000000000009e+01, 0.,
    -1.7808570000000000e+01, 9.9400000000000006e+01, 0.,
    -1.7769140000000000e+01, 9.9450000000000003e+01, 0.,
