%YAML:1.0
---
profile: [ 8.9800000000000011e+01, 0., -2.3489719999999998e+01,
    8.9850000000000009e+01, 0., -2.3489719999999998e+01,
    8.9900000000000006e+01, 0., -2.3488320000000002e+01,
    8.9950000000000003e+01, 0., -2.3485720000000001e+01, 90., 0.,
    -2.3482600000000001e+01, 9.0050000000000011e+01, 0.,
    -2.3478429999999999e+01, 9.0100000000000009e+01, 0.,
    -2.3474830000000001e+01, 9.0150000000000006e+01, 0.,
    -2.3469200000000001e+01, 9.0200000000000003e+01, 0.,
    -2.3461790000000001e+01, 9.0250000000000000e+01, 0.,
    -2.3451110000000000e+01, 9.0300000000000011e+01, 0.,
    -2.3431799999999999e+01, 9.0350000000000009e+01, 0.,
    -2.3413239999999998e+01, 9.0400000000000006e+01, 0.,
    -2.3353629999999999e+01, 9.0450000000000003e+01, 0.,
    -2.3284579999999998e+01, 9.0500000000000000e+01, 0.,
    -2.3228940000000001e+01, 9.0550000000000011e+01, 0.,
    -2.3170860000000001e+01, 9.0600000000000009e+01, 0.,
    -2.3119160000000001e+01, 9.0650000000000006e+01, 0.,
    -2.3089079999999999e+01, 9.0700000000000003e+01, 0.,
    -2.3057120000000001e+01, 9.0750000000000000e+01, 0.,
    -2.3034640000000000e+01, 9.0800000000000011e+01, 0.,
    -2.2996520000000000e+01, 9.0850000000000009e+01, 0.,
    -2.2954860000000000e+01, 9.0900000000000006e+01, 0.,
    -2.2920380000000002e+01, 9.0950000000000003e+01, 0.,
    -2.2868690000000001e+01, 91., 0., -2.2813289999999999e+01,
    9.1050000000000011e+01, 0., -2.2763850000000001e+01,
    9.1100000000000009e+01, 0., -2.2701400000000000e+01,
    9.1150000000000006e+01, 0., -2.2641880000000000e+01,
    9.1200000000000003e+01, 0., -2.2605080000000001e+01,
    9.1250000000000000e+01, 0., -2.2562480000000001e+01,
    9.1300000000000011e+01, 0., -2.2532480000000000e+01,
    9.1350000000000009e+01, 0., -2.2499469999999999e+01,
    9.1400000000000006e+01, 0., -2.2466049999999999e+01,
    9.1450000000000003e+01, 0., -2.2434490000000000e+01,
    9.1500000000000000e+01, 0., -2.2396770000000000e+01,
    9.1550000000000011e+01, 0., -2.2361370000000001e+01,
    9.1600000000000009e+01, 0., -2.2336610000000000e+01,
    9.1650000000000006e+01, 0., -2.2302520000000001e+01,
    9.1700000000000003e+01, 0., -2.2271599999999999e+01,
    9.1750000000000000e+01, 0., -2.2214530000000000e+01,
    9.1800000000000011e+01, 0., -2.2155930000000001e+01,
    9.1850000000000009e+01, 0., -2.2112729999999999e+01,
    9.1900000000000006e+01, 0., -2.2061419999999998e+01,
    9.1950000000000003e+01, 0., -2.2013240000000000e+01, 92., 0.,
    -2.1978919999999999e+01, 9.2050000000000011e+01, 0.,
    -2.1940930000000002e+01, 9.2100000000000009e+01, 0.,
    -2.1913209999999999e+01, 9.2150000000000006e+01, 0.,
    -2.1856200000000001e+01, 9.2200000000000003e+01, 0.,
    -2.1787040000000001e+01, 9.2250000000000000e+01, 0.,
    -2.1723839999999999e+01, 9.2300000000000011e+01, 0.,
    -2.1667320000000000e+01, 9.2350000000000009e+01, 0.,
    -2.1620899999999999e+01, 9.2400000000000006e+01, 0.,
    -2.1598099999999999e+01, 9.2450000000000003e+01, 0.,
    -2.1576129999999999e+01, 9.2500000000000000e+01, 0.,
    -2.1557269999999999e+01, 9.2550000000000011e+01, 0.,
    -2.1538070000000001e+01, 9.2600000000000009e+01, 0.,
    -2.1501259999999998e+01, 9.2650000000000006e+01, 0.,
    -2.1456460000000000e+01, 9.2700000000000003e+01, 0.,
    -2.1371700000000001e+01, 9.2750000000000000e+01, 0.,
    -2.1298040000000000e+01, 9.2800000000000011e+01, 0.,
    -2.1261160000000000e+01, 9.2850000000000009e+01, 0.,
    -2.1208549999999999e+01, 9.2900000000000006e+01, 0.,
    -2.1154229999999998e+01, 9.2950000000000003e+01, 0.,
    -2.1119230000000002e+01, 93., 0., -2.1074059999999999e+01,
    9.3050000000000011e+01, 0., -2.1030130000000000e+01,
    9.3100000000000009e+01, 0., -2.1001809999999999e+01,
    9.3150000000000006e+01, 0., -2.0969650000000001e+01,
    9.3200000000000003e+01, 0., -2.0947810000000000e+01,
    9.3250000000000000e+01, 0., -2.0922409999999999e+01,
    9.3300000000000011e+01, 0., -2.0895700000000001e+01,
    9.3350000000000009e+01, 0., -2.0868500000000001e+01,
    9.3400000000000006e+01, 0., -2.0827390000000001e+01,
    9.3450000000000003e+01, 0., -2.0778260000000000e+01,
    9.3500000000000000e+01, 0., -2.0728539999999999e+01,
    9.3550000000000011e+01, 0., -2.0665800000000001e+01,
    9.3600000000000009e+01, 0., -2.0615359999999999e+01,
    9.3650000000000006e+01, 0., -2.0549560000000000e+01,
    9.3700000000000003e+01, 0., -2.0485630000000000e+01,
    9.3750000000000000e+01, 0., -2.0437590000000000e+01,
    9.3800000000000011e+01, 0., -2.0391549999999999e+01,
    9.3850000000000009e+01, 0., -2.0353459999999998e+01,
    9.3900000000000006e+01, 0., -2.0328299999999999e+01,
    9.3950000000000003e+01, 0., -2.0288820000000001e+01, 94., 0.,
    -2.0244440000000001e+01, 9.4050000000000011e+01, 0.,
    -2.0210519999999999e+01, 9.4100000000000009e+01, 0.,
    -2.0167439999999999e+01, 9.4150000000000006e+01, 0.,
    -2.0125560000000000e+01, 9.4200000000000003e+01, 0.,
    -2.0097280000000001e+01, 9.4250000000000000e+01, 0.,
    -2.0058650000000000e+01, 9.4300000000000011e+01, 0.,
    -2.0023890000000002e+01, 9.4350000000000009e+01, 0.,
    -1.9970910000000000e+01, 9.4400000000000006e+01, 0.,
    -1.9921270000000000e+01, 9.4450000000000003e+01, 0.,
    -1.9888470000000002e+01, 9.4500000000000000e+01, 0.,
    -1.9855049999999999e+01, 9.4550000000000011e+01, 0.,
    -1.9828090000000000e+01, 9.4600000000000009e+01, 0.,
    -1.9810730000000000e+01, 9.4650000000000006e+01, 0.,
    -1.9784320000000001e+01, 9.4700000000000003e+01, 0.,
    -1.9760760000000001e+01, 9.4750000000000000e+01, 0.,
    -1.9700009999999999e+01, 9.4800000000000011e+01, 0.,
    -1.9625940000000000e+01, 9.4850000000000009e+01, 0.,
    -1.9560060000000000e+01, 9.4900000000000006e+01, 0.,
    -1.9478400000000001e+01, 9.4950000000000003e+01, 0.,
    -1.9408259999999999e+01, 95., 0., -1.9365780000000001e+01,
    9.5050000000000011e+01, 0., -1.9318600000000000e+01,
    9.5100000000000009e+01, 0., -1.9273340000000001e+01,
    9.5150000000000006e+01, 0., -1.9237739999999999e+01,
    9.5200000000000003e+01, 0., -1.9197890000000001e+01,
    9.5250000000000000e+01, 0., -1.9160480000000000e+01,
    9.5300000000000011e+01, 0., -1.9128520000000002e+01,
    9.5350000000000009e+01, 0., -1.9087800000000001e+01,
    9.5400000000000006e+01, 0., -1.9047239999999999e+01,
    9.5450000000000003e+01, 0., -1.9017040000000001e+01,
    9.5500000000000000e+01, 0., -1.8968399999999999e+01,
    9.5550000000000011e+01, 0., -1.8916480000000000e+01,
    9.5600000000000009e+01, 0., -1.8851759999999999e+01,
    9.5650000000000006e+01, 0., -1.8789259999999999e+01,
    9.5700000000000003e+01, 0., -1.8741900000000001e+01,
    9.5750000000000000e+01, 0., -1.8685140000000001e+01,
    9.5800000000000011e+01, 0., -1.8631670000000000e+01,
    9.5850000000000009e+01, 0., -1.8592150000000000e+01,
    9.5900000000000006e+01, 0., -1.8551300000000001e+01,
    9.5950000000000003e+01, 0., -1.8515029999999999e+01, 96., 0.,
    -1.8493630000000000e+01, 9.6050000000000011e+01, 0.,
    -1.8468859999999999e+01, 9.6100000000000009e+01, 0.,
    -1.8443870000000000e+01, 9.6150000000000006e+01, 0.,
    -1.8419149999999998e+01, 9.6200000000000003e+01, 0.,
    -1.8375229999999998e+01, 9.6250000000000000e+01, 0.,
    -1.8324510000000000e+01, 9.6300000000000011e+01, 0.,
    -1.8268070000000002e+01, 9.6350000000000009e+01, 0.,
    -1.8219380000000001e+01, 9.6400000000000006e+01, 0.,
    -1.8187660000000001e+01, 9.6450000000000003e+01, 0.,
    -1.8148700000000002e+01, 9.6500000000000000e+01, 0.,
    -1.8105280000000000e+01, 9.6550000000000011e+01, 0.,
    -1.8064959999999999e+01, 9.6600000000000009e+01, 0.,
    -1.8015120000000000e+01, 9.6650000000000006e+01, 0.,
    -1.7965650000000000e+01, 9.6700000000000003e+01, 0.,
    -1.7926929999999999e+01, 9.6750000000000000e+01, 0.,
    -1.7881229999999999e+01, 9.6800000000000011e+01, 0.,
    -1.7834080000000000e+01, 9.6850000000000009e+01, 0.,
    -1.7786120000000000e+01, 9.6900000000000006e+01, 0.,
