%YAML:1.0
---
profile: [ 7.8550000000000011e+01, 0., -2.3521470000000001e+01,
    7.8600000000000009e+01, 0., -2.3511350000000000e+01,
    7.8650000000000006e+01, 0., -2.3501500000000000e+01,
    7.8700000000000003e+01, 0., -2.3497019999999999e+01,
    7.8750000000000000e+01, 0., -2.3491910000000001e+01,
    7.8800000000000011e+01, 0., -2.3486580000000000e+01,
    7.8850000000000009e+01, 0., -2.3481140000000000e+01,
    7.8900000000000006e+01, 0., -2.3472539999999999e+01,
    7.8950000000000003e+01, 0., -2.3464700000000001e+01, 79., 0.,
    -2.3431509999999999e+01, 7.9050000000000011e+01, 0.,
    -2.3386759999999999e+01, 7.9100000000000009e+01, 0.,
    -2.3344040000000000e+01, 7.9150000000000006e+01, 0.,
    -2.3291799999999999e+01, 7.9200000000000003e+01, 0.,
    -2.3250679999999999e+01, 7.9250000000000000e+01, 0.,
    -2.3205780000000001e+01, 7.9300000000000011e+01, 0.,
    -2.3163530000000002e+01, 7.9350000000000009e+01, 0.,
    -2.3130970000000001e+01, 7.9400000000000006e+01, 0.,
    -2.3090070000000001e+01, 7.9450000000000003e+01, 0.,
    -2.3049540000000000e+01, 7.9500000000000000e+01, 0.,
    -2.3018619999999999e+01, 7.9550000000000011e+01, 0.,
    -2.2975930000000002e+01, 7.9600000000000009e+01, 0.,
    -2.2937049999999999e+01, 7.9650000000000006e+01, 0.,
    -2.2887830000000001e+01, 7.9700000000000003e+01, 0.,
    -2.2838940000000001e+01, 7.9750000000000000e+01, 0.,
    -2.2801140000000000e+01, 7.9800000000000011e+01, 0.,
    -2.2755520000000001e+01, 7.9850000000000009e+01, 0.,
    -2.2721080000000001e+01, 7.9900000000000006e+01, 0.,
    -2.2680779999999999e+01, 7.9950000000000003e+01, 0.,
    -2.2640499999999999e+01, 80., 0., -2.2606140000000000e+01,
    8.0050000000000011e+01, 0., -2.2562310000000000e+01,
    8.0100000000000009e+01, 0., -2.2526830000000000e+01,
    8.0150000000000006e+01, 0., -2.2470340000000000e+01,
    8.0200000000000003e+01, 0., -2.2409620000000000e+01,
    8.0250000000000000e+01, 0., -2.2359539999999999e+01,
    8.0300000000000011e+01, 0., -2.2298150000000000e+01,
    8.0350000000000009e+01, 0., -2.2243549999999999e+01,
    8.0400000000000006e+01, 0., -2.2218950000000000e+01,
    8.0450000000000003e+01, 0., -2.2185520000000000e+01,
    8.0500000000000000e+01, 0., -2.2155639999999998e+01,
    8.0550000000000011e+01, 0., -2.2106590000000001e+01,
    8.0600000000000009e+01, 0., -2.2054469999999998e+01,
    8.0650000000000006e+01, 0., -2.2012309999999999e+01,
    8.0700000000000003e+01, 0., -2.1965850000000000e+01,
    8.0750000000000000e+01, 0., -2.1932050000000000e+01,
    8.0800000000000011e+01, 0., -2.1886710000000001e+01,
    8.0850000000000009e+01, 0., -2.1843280000000000e+01,
    8.0900000000000006e+01, 0., -2.1811800000000002e+01,
    8.0950000000000003e+01, 0., -2.1766439999999999e+01, 81., 0.,
    -2.1715460000000000e+01, 8.1050000000000011e+01, 0.,
    -2.1669460000000001e+01, 8.1100000000000009e+01, 0.,
    -2.1617880000000000e+01, 8.1150000000000006e+01, 0.,
    -2.1583760000000002e+01, 8.1200000000000003e+01, 0.,
    -2.1546050000000001e+01, 8.1250000000000000e+01, 0.,
    -2.1510359999999999e+01, 8.1300000000000011e+01, 0.,
    -2.1484120000000001e+01, 8.1350000000000009e+01, 0.,
    -2.1454889999999999e+01, 8.1400000000000006e+01, 0.,
    -2.1433489999999999e+01, 8.1450000000000003e+01, 0.,
    -2.1380880000000001e+01, 8.1500000000000000e+01, 0.,
    -2.1322530000000000e+01, 8.1550000000000011e+01, 0.,
    -2.1276689999999999e+01, 8.1600000000000009e+01, 0.,
    -2.1214440000000000e+01, 8.1650000000000006e+01, 0.,
    -2.1151720000000001e+01, 8.1700000000000003e+01, 0.,
    -2.1110520000000001e+01, 8.1750000000000000e+01, 0.,
    -2.1070840000000000e+01, 8.1800000000000011e+01, 0.,
    -2.1053400000000000e+01, 8.1850000000000009e+01, 0.,
    -2.1014710000000001e+01, 8.1900000000000006e+01, 0.,
    -2.0968340000000001e+01, 8.1950000000000003e+01, 0.,
    -2.0920380000000002e+01, 82., 0., -2.0857370000000000e+01,
    8.2050000000000011e+01, 0., -2.0805370000000000e+01,
    8.2100000000000009e+01, 0., -2.0733090000000001e+01,
    8.2150000000000006e+01, 0., -2.0672190000000001e+01,
    8.2200000000000003e+01, 0., -2.0639309999999998e+01,
    8.2250000000000000e+01, 0., -2.0605239999999998e+01,
    8.2300000000000011e+01, 0., -2.0576989999999999e+01,
    8.2350000000000009e+01, 0., -2.0557990000000000e+01,
    8.2400000000000006e+01, 0., -2.0526280000000000e+01,
    8.2450000000000003e+01, 0., -2.0491479999999999e+01,
    8.2500000000000000e+01, 0., -2.0444610000000001e+01,
    8.2550000000000011e+01, 0., -2.0390770000000000e+01,
    8.2600000000000009e+01, 0., -2.0328170000000000e+01,
    8.2650000000000006e+01, 0., -2.0258530000000000e+01,
    8.2700000000000003e+01, 0., -2.0207490000000000e+01,
    8.2750000000000000e+01, 0., -2.0149539999999998e+01,
    8.2800000000000011e+01, 0., -2.0098640000000000e+01,
    8.2850000000000009e+01, 0., -2.0064679999999999e+01,
    8.2900000000000006e+01, 0., -2.0032620000000001e+01,
    8.2950000000000003e+01, 0., -2.0002310000000001e+01, 83., 0.,
    -1.9975390000000001e+01, 8.3050000000000011e+01, 0.,
    -1.9940809999999999e+01, 8.3100000000000009e+01, 0.,
    -1.9912690000000001e+01, 8.3150000000000006e+01, 0.,
    -1.9868259999999999e+01, 8.3200000000000003e+01, 0.,
    -1.9820830000000001e+01, 8.3250000000000000e+01, 0.,
    -1.9782109999999999e+01, 8.3300000000000011e+01, 0.,
    -1.9730170000000001e+01, 8.3350000000000009e+01, 0.,
    -1.9678960000000000e+01, 8.3400000000000006e+01, 0.,
    -1.9647880000000001e+01, 8.3450000000000003e+01, 0.,
    -1.9610209999999999e+01, 8.3500000000000000e+01, 0.,
    -1.9581610000000001e+01, 8.3550000000000011e+01, 0.,
    -1.9534549999999999e+01, 8.3600000000000009e+01, 0.,
    -1.9489039999999999e+01, 8.3650000000000006e+01, 0.,
    -1.9457960000000000e+01, 8.3700000000000003e+01, 0.,
    -1.9408010000000001e+01, 8.3750000000000000e+01, 0.,
    -1.9351530000000000e+01, 8.3800000000000011e+01, 0.,
    -1.9309130000000000e+01, 8.3850000000000009e+01, 0.,
    -1.9254870000000000e+01, 8.3900000000000006e+01, 0.,
    -1.9209949999999999e+01, 8.3950000000000003e+01, 0.,
    -1.9156359999999999e+01, 84., 0., -1.9109520000000000e+01,
    8.4050000000000011e+01, 0., -1.9079319999999999e+01,
    8.4100000000000009e+01, 0., -1.9037030000000001e+01,
    8.4150000000000006e+01, 0., -1.8991160000000001e+01,
    8.4200000000000003e+01, 0., -1.8952719999999999e+01,
    8.4250000000000000e+01, 0., -1.8906600000000001e+01,
    8.4300000000000011e+01, 0., -1.8872119999999999e+01,
    8.4350000000000009e+01, 0., -1.8842770000000002e+01,
    8.4400000000000006e+01, 0., -1.8817860000000000e+01,
    8.4450000000000003e+01, 0., -1.8799060000000001e+01,
    8.4500000000000000e+01, 0., -1.8761920000000000e+01,
    8.4550000000000011e+01, 0., -1.8710840000000001e+01,
    8.4600000000000009e+01, 0., -1.8654399999999999e+01,
    8.4650000000000006e+01, 0., -1.8585000000000001e+01,
    8.4700000000000003e+01, 0., -1.8530880000000000e+01,
    8.4750000000000000e+01, 0., -1.8482099999999999e+01,
    8.4800000000000011e+01, 0., -1.8446670000000001e+01,
    8.4850000000000009e+01, 0., -1.8428670000000000e+01,
    8.4900000000000006e+01, 0., -1.8397710000000000e+01,
    8.4950000000000003e+01, 0., -1.8361499999999999e+01, 85., 0.,
    -1.8333620000000000e+01, 8.5050000000000011e+01, 0.,
    -1.8286480000000001e+01, 8.5100000000000009e+01, 0.,
    -1.8234079999999999e+01, 8.5150000000000006e+01, 0.,
    -1.8162459999999999e+01, 8.5200000000000003e+01, 0.,
    -1.8103169999999999e+01, 8.5250000000000000e+01, 0.,
    -1.8072369999999999e+01, 8.5300000000000011e+01, 0.,
    -1.8029859999999999e+01, 8.5350000000000009e+01, 0.,
    -1.7980680000000000e+01, 8.5400000000000006e+01, 0.,
    -1.7928280000000001e+01, 8.5450000000000003e+01, 0.,
    -1.7873310000000000e+01, 8.5500000000000000e+01, 0.,
    -1.7835030000000000e+01, 8.5550000000000011e+01, 0.,
    -1.7797149999999998e+01, 8.5600000000000009e+01, 0.,
    -1.7758700000000001e+01, 8.5650000000000006e+01, 0.,
