%YAML:1.0
---
profile: [ 5.9950000000000003e+01, 0., -4.4202899999999996e+00, 60., 0.,
    -4.3832100000000001e+00, 6.0050000000000004e+01, 0.,
    -4.3251400000000002e+00, 6.0100000000000001e+01, 0.,
    -4.2647399999999998e+00, 6.0150000000000006e+01, 0.,
    -4.2008799999999997e+00, 6.0200000000000003e+01, 0.,
    -4.1414700000000000e+00, 6.0250000000000000e+01, 0.,
    -4.0990300000000000e+00, 6.0300000000000004e+01, 0.,
    -4.0464300000000000e+00, 6.0350000000000001e+01, 0.,
    -4.0049099999999997e+00, 6.0400000000000006e+01, 0.,
    -3.9608800000000000e+00, 6.0450000000000003e+01, 0.,
    -3.9166799999999999e+00, 6.0500000000000000e+01, 0.,
    -3.8742800000000002e+00, 6.0550000000000004e+01, 0.,
    -3.8162099999999999e+00, 6.0600000000000001e+01, 0.,
    -3.7637299999999998e+00, 6.0650000000000006e+01, 0.,
    -3.7034099999999999e+00, 6.0700000000000003e+01, 0.,
    -3.6480000000000001e+00, 6.0750000000000000e+01, 0.,
    -3.6152000000000002e+00, 6.0800000000000004e+01, 0.,
    -3.5808700000000000e+00, 6.0850000000000001e+01, 0.,
    -3.5570300000000001e+00, 6.0900000000000006e+01, 0.,
    -3.5111200000000000e+00, 6.0950000000000003e+01, 0.,
    -3.4709400000000001e+00, 61., 0., -3.4504600000000001e+00,
    6.1050000000000004e+01, 0., -3.3980700000000001e+00,
    6.1100000000000001e+01, 0., -3.3419500000000002e+00,
    6.1150000000000006e+01, 0., -3.2817799999999999e+00,
    6.1200000000000003e+01, 0., -3.2263199999999999e+00,
    6.1250000000000000e+01, 0., -3.1846000000000001e+00,
    6.1300000000000004e+01, 0., -3.1438700000000002e+00,
    6.1350000000000001e+01, 0., -3.1067700000000000e+00,
    6.1400000000000006e+01, 0., -3.0643699999999998e+00,
    6.1450000000000003e+01, 0., -3.0169500000000000e+00,
    6.1500000000000000e+01, 0., -2.9858300000000000e+00,
    6.1550000000000004e+01, 0., -2.9480499999999998e+00,
    6.1600000000000001e+01, 0., -2.9000900000000001e+00,
    6.1650000000000006e+01, 0., -2.8283299999999998e+00,
    6.1700000000000003e+01, 0., -2.7596900000000000e+00,
    6.1750000000000000e+01, 0., -2.7301700000000002e+00,
    6.1800000000000004e+01, 0., -2.6797499999999999e+00,
    6.1850000000000001e+01, 0., -2.6265999999999998e+00,
    6.1900000000000006e+01, 0., -2.5862400000000001e+00,
    6.1950000000000003e+01, 0., -2.5384300000000000e+00, 62., 0.,
    -2.5016699999999998e+00, 6.2050000000000004e+01, 0.,
    -2.4529299999999998e+00, 6.2100000000000001e+01, 0.,
    -2.4025900000000000e+00, 6.2150000000000006e+01, 0.,
    -2.3611900000000001e+00, 6.2200000000000003e+01, 0.,
    -2.3085399999999998e+00, 6.2250000000000000e+01, 0.,
    -2.2575300000000000e+00, 6.2300000000000004e+01, 0.,
    -2.2237300000000002e+00, 6.2350000000000001e+01, 0.,
    -2.1801699999999999e+00, 6.2400000000000006e+01, 0.,
    -2.1438899999999999e+00, 6.2450000000000003e+01, 0.,
    -2.1036800000000002e+00, 6.2500000000000000e+01, 0.,
    -2.0634800000000002e+00, 6.2550000000000004e+01, 0.,
    -2.0271599999999999e+00, 6.2600000000000001e+01, 0.,
    -1.9785500000000000e+00, 6.2650000000000006e+01, 0.,
    -1.9379900000000001e+00, 6.2700000000000003e+01, 0.,
    -1.8860300000000001e+00, 6.2750000000000000e+01, 0.,
    -1.8330400000000000e+00, 6.2800000000000004e+01, 0.,
    -1.7897600000000000e+00, 6.2850000000000001e+01, 0.,
    -1.7332799999999999e+00, 6.2900000000000006e+01, 0.,
    -1.6757299999999999e+00, 6.2950000000000003e+01, 0.,
    -1.6311300000000000e+00, 63., 0., -1.5752999999999999e+00,
    6.3050000000000004e+01, 0., -1.5305400000000000e+00,
    6.3100000000000001e+01, 0., -1.4869399999999999e+00,
    6.3150000000000006e+01, 0., -1.4456899999999999e+00,
    6.3200000000000003e+01, 0., -1.4102100000000000e+00,
    6.3250000000000000e+01, 0., -1.3635900000000001e+00,
    6.3300000000000004e+01, 0., -1.3251100000000000e+00,
    6.3350000000000001e+01, 0., -1.2591200000000000e+00,
    6.3400000000000006e+01, 0., -1.1919200000000001e+00,
    6.3450000000000003e+01, 0., -1.1419999999999999e+00,
    6.3500000000000000e+01, 0., -1.0800000000000001e+00,
    6.3550000000000004e+01, 0., -1.0212000000000001e+00,
    6.3600000000000001e+01, 0., -9.8348000000000002e-01,
    6.3650000000000006e+01, 0., -9.3864000000000003e-01,
    6.3700000000000003e+01, 0., -9.0556000000000003e-01,
    6.3750000000000000e+01, 0., -8.7099000000000004e-01,
    6.3800000000000004e+01, 0., -8.3531000000000000e-01,
    6.3850000000000001e+01, 0., -7.9766999999999999e-01,
    6.3900000000000006e+01, 0., -7.4753999999999998e-01,
    6.3950000000000003e+01, 0., -7.0582000000000000e-01, 64., 0.,
    -6.4236000000000004e-01, 6.4049999999999997e+01, 0.,
    -5.8440000000000003e-01, 6.4100000000000009e+01, 0.,
    -5.4808000000000001e-01, 6.4150000000000006e+01, 0.,
    -5.0456999999999996e-01, 6.4200000000000003e+01, 0.,
    -4.6307999999999999e-01, 6.4250000000000000e+01, 0.,
    -4.3240000000000001e-01, 6.4299999999999997e+01, 0.,
    -3.8980999999999999e-01, 6.4350000000000009e+01, 0.,
    -3.5353000000000001e-01, 6.4400000000000006e+01, 0.,
    -2.9221999999999998e-01, 6.4450000000000003e+01, 0.,
    -2.3158999999999999e-01, 6.4500000000000000e+01, 0.,
    -1.8862999999999999e-01, 6.4549999999999997e+01, 0.,
    -1.3378000000000001e-01, 6.4600000000000009e+01, 0.,
    -7.9909999999999995e-02, 6.4650000000000006e+01, 0.,
    -4.2349999999999999e-02, 6.4700000000000003e+01, 0.,
    6.8900000000000003e-03, 6.4750000000000000e+01, 0.,
    4.9009999999999998e-02, 6.4799999999999997e+01, 0.,
    9.4740000000000005e-02, 6.4850000000000009e+01, 0.,
    1.4593000000000000e-01, 6.4900000000000006e+01, 0.,
    1.9549000000000000e-01, 6.4950000000000003e+01, 0.,
    2.2198000000000001e-01, 65., 0., 2.4267000000000000e-01,
    6.5049999999999997e+01, 0., 3.1627000000000000e-01,
    6.5100000000000009e+01, 0., 3.7642999999999999e-01,
    6.5150000000000006e+01, 0., 3.8630999999999999e-01,
    6.5200000000000003e+01, 0., 4.3080000000000002e-01,
    6.5250000000000000e+01, 0., 4.8136000000000001e-01,
    6.5299999999999997e+01, 0., 5.1944000000000001e-01,
    6.5350000000000009e+01, 0., 5.7740999999999998e-01,
    6.5400000000000006e+01, 0., 6.3982000000000006e-01,
    6.5450000000000003e+01, 0., 6.8186000000000002e-01,
    6.5500000000000000e+01, 0., 7.3782000000000003e-01,
    6.5549999999999997e+01, 0., 7.8657999999999995e-01,
    6.5600000000000009e+01, 0., 8.4145999999999999e-01,
    6.5650000000000006e+01, 0., 8.9061000000000001e-01,
    6.5700000000000003e+01, 0., 9.1644999999999999e-01,
    6.5750000000000000e+01, 0., 9.6136999999999995e-01,
    6.5799999999999997e+01, 0., 1.0086900000000001e+00,
    6.5850000000000009e+01, 0., 1.0273300000000001e+00,
    6.5900000000000006e+01, 0., 1.0416799999999999e+00,
    6.5950000000000003e+01, 0., 1.0424000000000000e+00, 66., 0.,
    1.1080000000000001e+00, 6.6049999999999997e+01, 0.,
    1.1846900000000000e+00, 6.6100000000000009e+01, 0.,
    1.2398899999999999e+00, 6.6150000000000006e+01, 0.,
    1.3091100000000000e+00, 6.6200000000000003e+01, 0.,
    1.3748899999999999e+00, 6.6250000000000000e+01, 0.,
    1.4160500000000000e+00, 6.6299999999999997e+01, 0.,
    1.4662999999999999e+00, 6.6350000000000009e+01, 0.,
    1.5050200000000000e+00, 6.6400000000000006e+01, 0.,
    1.5488200000000001e+00, 6.6450000000000003e+01, 0.,
    1.5890500000000001e+00, 6.6500000000000000e+01, 0.,
    1.6182099999999999e+00, 6.6549999999999997e+01, 0.,
    1.6555400000000000e+00, 6.6600000000000009e+01, 0.,
    1.6962900000000001e+00, 6.6650000000000006e+01, 0.,
    1.7379700000000000e+00, 6.6700000000000003e+01, 0.,
    1.7976099999999999e+00, 6.6750000000000000e+01, 0.,
    1.8492900000000001e+00, 6.6799999999999997e+01, 0.,
    1.9227900000000000e+00, 6.6850000000000009e+01, 0.,
    1.9847900000000001e+00, 6.6900000000000006e+01, 0.,
    2.0179100000000001e+00, 6.6950000000000003e+01, 0.,
    2.0594399999999999e+00, 67., 0., 2.1031599999999999e+00,
    6.7049999999999997e+01, 0., 2.1447600000000002e+00,
