%YAML:1.0
---
profile: [ 3.8100000000000001e+01, 0., -6.5133299999999998e+00,
    3.8149999999999999e+01, 0., -6.4945700000000004e+00,
    3.8200000000000003e+01, 0., -6.4637099999999998e+00,
    3.8250000000000000e+01, 0., -6.4351500000000001e+00,
    3.8300000000000004e+01, 0., -6.3854899999999999e+00,
    3.8350000000000001e+01, 0., -6.3370600000000001e+00,
    3.8400000000000006e+01, 0., -6.3134600000000001e+00,
    3.8450000000000003e+01, 0., -6.2866000000000000e+00,
    3.8500000000000000e+01, 0., -6.2683999999999997e+00,
    3.8550000000000004e+01, 0., -6.2130299999999998e+00,
    3.8600000000000001e+01, 0., -6.1495100000000003e+00,
    3.8650000000000006e+01, 0., -6.0987900000000002e+00,
    3.8700000000000003e+01, 0., -6.0389999999999997e+00,
    3.8750000000000000e+01, 0., -6.0028800000000002e+00,
    3.8800000000000004e+01, 0., -5.9611499999999999e+00,
    3.8850000000000001e+01, 0., -5.9319899999999999e+00,
    3.8900000000000006e+01, 0., -5.8823900000000000e+00,
    3.8950000000000003e+01, 0., -5.8357900000000003e+00, 39., 0.,
    -5.7872599999999998e+00, 3.9050000000000004e+01, 0.,
    -5.7397499999999999e+00, 3.9100000000000001e+01, 0.,
    -5.6973099999999999e+00, 3.9150000000000006e+01, 0.,
    -5.6421900000000003e+00, 3.9200000000000003e+01, 0.,
    -5.5956299999999999e+00, 3.9250000000000000e+01, 0.,
    -5.5405100000000003e+00, 3.9300000000000004e+01, 0.,
    -5.4981099999999996e+00, 3.9350000000000001e+01, 0.,
    -5.4513600000000002e+00, 3.9400000000000006e+01, 0.,
    -5.4069099999999999e+00, 3.9450000000000003e+01, 0.,
    -5.3736300000000004e+00, 3.9500000000000000e+01, 0.,
    -5.3295000000000003e+00, 3.9550000000000004e+01, 0.,
    -5.2912999999999997e+00, 3.9600000000000001e+01, 0.,
    -5.2399699999999996e+00, 3.9650000000000006e+01, 0.,
    -5.1970099999999997e+00, 3.9700000000000003e+01, 0.,
    -5.1436799999999998e+00, 3.9750000000000000e+01, 0.,
    -5.1011600000000001e+00, 3.9800000000000004e+01, 0.,
    -5.0551599999999999e+00, 3.9850000000000001e+01, 0.,
    -5.0115299999999996e+00, 3.9900000000000006e+01, 0.,
    -4.9782900000000003e+00, 3.9950000000000003e+01, 0.,
    -4.9371600000000004e+00, 40., 0., -4.9047599999999996e+00,
    4.0050000000000004e+01, 0., -4.8593200000000003e+00,
    4.0100000000000001e+01, 0., -4.8104500000000003e+00,
    4.0150000000000006e+01, 0., -4.7644099999999998e+00,
    4.0200000000000003e+01, 0., -4.7057300000000000e+00,
    4.0250000000000000e+01, 0., -4.6553300000000002e+00,
    4.0300000000000004e+01, 0., -4.5950800000000003e+00,
    4.0350000000000001e+01, 0., -4.5502799999999999e+00,
    4.0400000000000006e+01, 0., -4.4999099999999999e+00,
    4.0450000000000003e+01, 0., -4.4626700000000001e+00,
    4.0500000000000000e+01, 0., -4.4058500000000000e+00,
    4.0550000000000004e+01, 0., -4.3479599999999996e+00,
    4.0600000000000001e+01, 0., -4.3066000000000004e+00,
    4.0650000000000006e+01, 0., -4.2570399999999999e+00,
    4.0700000000000003e+01, 0., -4.2199600000000004e+00,
    4.0750000000000000e+01, 0., -4.1796899999999999e+00,
    4.0800000000000004e+01, 0., -4.1508099999999999e+00,
    4.0850000000000001e+01, 0., -4.1105999999999998e+00,
    4.0900000000000006e+01, 0., -4.0671299999999997e+00,
    4.0950000000000003e+01, 0., -4.0251700000000001e+00, 41., 0.,
    -3.9675600000000002e+00, 4.1050000000000004e+01, 0.,
    -3.9153600000000002e+00, 4.1100000000000001e+01, 0.,
    -3.8526600000000002e+00, 4.1150000000000006e+01, 0.,
    -3.8038599999999998e+00, 4.1200000000000003e+01, 0.,
    -3.7429100000000002e+00, 4.1250000000000000e+01, 0.,
    -3.6842400000000000e+00, 4.1300000000000004e+01, 0.,
    -3.6444399999999999e+00, 4.1350000000000001e+01, 0.,
    -3.5943600000000000e+00, 4.1400000000000006e+01, 0.,
    -3.5539600000000000e+00, 4.1450000000000003e+01, 0.,
    -3.5085400000000000e+00, 4.1500000000000000e+01, 0.,
    -3.4749800000000000e+00, 4.1550000000000004e+01, 0.,
    -3.4343400000000002e+00, 4.1600000000000001e+01, 0.,
    -3.3918800000000000e+00, 4.1650000000000006e+01, 0.,
    -3.3508399999999998e+00, 4.1700000000000003e+01, 0.,
    -3.2963700000000000e+00, 4.1750000000000000e+01, 0.,
    -3.2491300000000001e+00, 4.1800000000000004e+01, 0.,
    -3.1901000000000002e+00, 4.1850000000000001e+01, 0.,
    -3.1429000000000000e+00, 4.1900000000000006e+01, 0.,
    -3.0934900000000001e+00, 4.1950000000000003e+01, 0.,
    -3.0463000000000000e+00, 42., 0., -3.0080600000000000e+00,
    4.2050000000000004e+01, 0., -2.9619300000000002e+00,
    4.2100000000000001e+01, 0., -2.9271300000000000e+00,
    4.2150000000000006e+01, 0., -2.8779200000000000e+00,
    4.2200000000000003e+01, 0., -2.8355999999999999e+00,
    4.2250000000000000e+01, 0., -2.7854299999999999e+00,
    4.2300000000000004e+01, 0., -2.7347600000000001e+00,
    4.2350000000000001e+01, 0., -2.6904400000000002e+00,
    4.2400000000000006e+01, 0., -2.6377400000000000e+00,
    4.2450000000000003e+01, 0., -2.5989000000000000e+00,
    4.2500000000000000e+01, 0., -2.5508700000000002e+00,
    4.2550000000000004e+01, 0., -2.5127500000000000e+00,
    4.2600000000000001e+01, 0., -2.4589300000000001e+00,
    4.2650000000000006e+01, 0., -2.4044300000000001e+00,
    4.2700000000000003e+01, 0., -2.3636300000000001e+00,
    4.2750000000000000e+01, 0., -2.3111999999999999e+00,
    4.2800000000000004e+01, 0., -2.2676799999999999e+00,
    4.2850000000000001e+01, 0., -2.2183700000000002e+00,
    4.2900000000000006e+01, 0., -2.1816900000000001e+00,
    4.2950000000000003e+01, 0., -2.1350899999999999e+00, 43., 0.,
    -2.0881500000000002e+00, 4.3050000000000004e+01, 0.,
    -2.0501100000000001e+00, 4.3100000000000001e+01, 0.,
    -1.9979700000000000e+00, 4.3150000000000006e+01, 0.,
    -1.9538100000000000e+00, 4.3200000000000003e+01, 0.,
    -1.8986099999999999e+00, 4.3250000000000000e+01, 0.,
    -1.8440700000000001e+00, 4.3300000000000004e+01, 0.,
    -1.8024300000000000e+00, 4.3350000000000001e+01, 0.,
    -1.7508699999999999e+00, 4.3400000000000006e+01, 0.,
    -1.7113499999999999e+00, 4.3450000000000003e+01, 0.,
    -1.6635899999999999e+00, 4.3500000000000000e+01, 0.,
    -1.6262700000000001e+00, 4.3550000000000004e+01, 0.,
    -1.5810299999999999e+00, 4.3600000000000001e+01, 0.,
    -1.5369600000000001e+00, 4.3650000000000006e+01, 0.,
    -1.5044800000000000e+00, 4.3700000000000003e+01, 0.,
    -1.4580500000000001e+00, 4.3750000000000000e+01, 0.,
    -1.4140100000000000e+00, 4.3800000000000004e+01, 0.,
    -1.3620099999999999e+00, 4.3850000000000001e+01, 0.,
    -1.3220900000000000e+00, 4.3900000000000006e+01, 0.,
    -1.2680899999999999e+00, 4.3950000000000003e+01, 0.,
    -1.2141999999999999e+00, 44., 0., -1.1748000000000001e+00,
    4.4050000000000004e+01, 0., -1.1261600000000000e+00,
    4.4100000000000001e+01, 0., -1.0875999999999999e+00,
    4.4150000000000006e+01, 0., -1.0421899999999999e+00,
    4.4200000000000003e+01, 0., -9.9370000000000003e-01,
    4.4250000000000000e+01, 0., -9.4306000000000001e-01,
    4.4300000000000004e+01, 0., -8.8583000000000001e-01,
    4.4350000000000001e+01, 0., -8.4738999999999998e-01,
    4.4400000000000006e+01, 0., -7.9579999999999995e-01,
    4.4450000000000003e+01, 0., -7.5268000000000002e-01,
    4.4500000000000000e+01, 0., -7.0953999999999995e-01,
    4.4550000000000004e+01, 0., -6.6605999999999999e-01,
    4.4600000000000001e+01, 0., -6.2165999999999999e-01,
    4.4650000000000006e+01, 0., -5.6377999999999995e-01,
    4.4700000000000003e+01, 0., -5.1466000000000001e-01,
    4.4750000000000000e+01, 0., -4.5782000000000000e-01,
    4.4800000000000004e+01, 0., -4.1486000000000001e-01,
    4.4850000000000001e+01, 0., -3.6953000000000003e-01,
    4.4900000000000006e+01, 0., -3.3049000000000001e-01,
    4.4950000000000003e+01, 0., -3.0429000000000000e-01, 45., 0.,
    -2.6757999999999998e-01, 4.5050000000000004e+01, 0.,
    -2.3610000000000000e-01, 4.5100000000000001e+01, 0.,
    -1.9062000000000001e-01, 4.5150000000000006e+01, 0.,
    -1.3991999999999999e-01, 4.5200000000000003e+01, 0.,
