%YAML:1.0
---
profile: [ 3.7550000000000004e+01, 0., -1.4651130000000000e+01,
    3.7600000000000001e+01, 0., -1.4545450000000001e+01,
    3.7649999999999999e+01, 0., -1.4451129999999999e+01,
    3.7700000000000003e+01, 0., -1.4421130000000000e+01,
    3.7750000000000000e+01, 0., -1.4383590000000000e+01,
    3.7800000000000004e+01, 0., -1.4353550000000000e+01,
    3.7850000000000001e+01, 0., -1.4314530000000000e+01,
    3.7899999999999999e+01, 0., -1.4273660000000000e+01,
    3.7950000000000003e+01, 0., -1.4236340000000000e+01, 38., 0.,
    -1.4193320000000000e+01, 3.8050000000000004e+01, 0.,
    -1.4163320000000001e+01, 3.8100000000000001e+01, 0.,
    -1.4105350000000000e+01, 3.8149999999999999e+01, 0.,
    -1.4048109999999999e+01, 3.8200000000000003e+01, 0.,
    -1.3981590000000001e+01, 3.8250000000000000e+01, 0.,
    -1.3931150000000001e+01, 3.8300000000000004e+01, 0.,
    -1.3874309999999999e+01, 3.8350000000000001e+01, 0.,
    -1.3830150000000000e+01, 3.8400000000000006e+01, 0.,
    -1.3798640000000001e+01, 3.8450000000000003e+01, 0.,
    -1.3768140000000001e+01, 3.8500000000000000e+01, 0.,
    -1.3727980000000001e+01, 3.8550000000000004e+01, 0.,
    -1.3675219999999999e+01, 3.8600000000000001e+01, 0.,
    -1.3630020000000000e+01, 3.8650000000000006e+01, 0.,
    -1.3595350000000000e+01, 3.8700000000000003e+01, 0.,
    -1.3579350000000000e+01, 3.8750000000000000e+01, 0.,
    -1.3524100000000001e+01, 3.8800000000000004e+01, 0.,
    -1.3472860000000001e+01, 3.8850000000000001e+01, 0.,
    -1.3425070000000000e+01, 3.8900000000000006e+01, 0.,
    -1.3382619999999999e+01, 3.8950000000000003e+01, 0.,
    -1.3352740000000001e+01, 39., 0., -1.3309900000000001e+01,
    3.9050000000000004e+01, 0., -1.3269140000000000e+01,
    3.9100000000000001e+01, 0., -1.3220380000000000e+01,
    3.9150000000000006e+01, 0., -1.3182580000000000e+01,
    3.9200000000000003e+01, 0., -1.3133740000000000e+01,
    3.9250000000000000e+01, 0., -1.3085319999999999e+01,
    3.9300000000000004e+01, 0., -1.3048999999999999e+01,
    3.9350000000000001e+01, 0., -1.3001709999999999e+01,
    3.9400000000000006e+01, 0., -1.2961630000000000e+01,
    3.9450000000000003e+01, 0., -1.2905060000000001e+01,
    3.9500000000000000e+01, 0., -1.2852060000000000e+01,
    3.9550000000000004e+01, 0., -1.2784860000000000e+01,
    3.9600000000000001e+01, 0., -1.2730620000000000e+01,
    3.9650000000000006e+01, 0., -1.2672450000000000e+01,
    3.9700000000000003e+01, 0., -1.2631130000000001e+01,
    3.9750000000000000e+01, 0., -1.2584390000000001e+01,
    3.9800000000000004e+01, 0., -1.2540060000000000e+01,
    3.9850000000000001e+01, 0., -1.2508179999999999e+01,
    3.9900000000000006e+01, 0., -1.2465420000000000e+01,
    3.9950000000000003e+01, 0., -1.2427740000000000e+01, 40., 0.,
    -1.2371340000000000e+01, 4.0050000000000004e+01, 0.,
    -1.2321260000000001e+01, 4.0100000000000001e+01, 0.,
    -1.2264939999999999e+01, 4.0150000000000006e+01, 0.,
    -1.2221140000000000e+01, 4.0200000000000003e+01, 0.,
    -1.2168189999999999e+01, 4.0250000000000000e+01, 0.,
    -1.2117020000000000e+01, 4.0300000000000004e+01, 0.,
    -1.2080180000000000e+01, 4.0350000000000001e+01, 0.,
    -1.2034440000000000e+01, 4.0400000000000006e+01, 0.,
    -1.1998239999999999e+01, 4.0450000000000003e+01, 0.,
    -1.1952540000000001e+01, 4.0500000000000000e+01, 0.,
    -1.1915740000000000e+01, 4.0550000000000004e+01, 0.,
    -1.1865290000000000e+01, 4.0600000000000001e+01, 0.,
    -1.1814880000000000e+01, 4.0650000000000006e+01, 0.,
    -1.1778079999999999e+01, 4.0700000000000003e+01, 0.,
    -1.1734140000000000e+01, 4.0750000000000000e+01, 0.,
    -1.1701460000000001e+01, 4.0800000000000004e+01, 0.,
    -1.1651710000000000e+01, 4.0850000000000001e+01, 0.,
    -1.1601270000000000e+01, 4.0900000000000006e+01, 0.,
    -1.1534979999999999e+01, 4.0950000000000003e+01, 0.,
    -1.1480300000000000e+01, 41., 0., -1.1424200000000001e+01,
    4.1050000000000004e+01, 0., -1.1374200000000000e+01,
    4.1100000000000001e+01, 0., -1.1344040000000000e+01,
    4.1150000000000006e+01, 0., -1.1305680000000001e+01,
    4.1200000000000003e+01, 0., -1.1274200000000000e+01,
    4.1250000000000000e+01, 0., -1.1229320000000000e+01,
    4.1300000000000004e+01, 0., -1.1190560000000000e+01,
    4.1350000000000001e+01, 0., -1.1129220000000000e+01,
    4.1400000000000006e+01, 0., -1.1077620000000000e+01,
    4.1450000000000003e+01, 0., -1.1007920000000000e+01,
    4.1500000000000000e+01, 0., -1.0940540000000000e+01,
    4.1550000000000004e+01, 0., -1.0897900000000000e+01,
    4.1600000000000001e+01, 0., -1.0845940000000001e+01,
    4.1650000000000006e+01, 0., -1.0808660000000000e+01,
    4.1700000000000003e+01, 0., -1.0759919999999999e+01,
    4.1750000000000000e+01, 0., -1.0718439999999999e+01,
    4.1800000000000004e+01, 0., -1.0670840000000000e+01,
    4.1850000000000001e+01, 0., -1.0635040000000000e+01,
    4.1900000000000006e+01, 0., -1.0589580000000000e+01,
    4.1950000000000003e+01, 0., -1.0543260000000000e+01, 42., 0.,
    -1.0503900000000000e+01, 4.2050000000000004e+01, 0.,
    -1.0454269999999999e+01, 4.2100000000000001e+01, 0.,
    -1.0414190000000000e+01, 4.2150000000000006e+01, 0.,
    -1.0361969999999999e+01, 4.2200000000000003e+01, 0.,
    -1.0319089999999999e+01, 4.2250000000000000e+01, 0.,
    -1.0276910000000001e+01, 4.2300000000000004e+01, 0.,
    -1.0234340000000000e+01, 4.2350000000000001e+01, 0.,
    -1.0190020000000001e+01, 4.2400000000000006e+01, 0.,
    -1.0134630000000000e+01, 4.2450000000000003e+01, 0.,
    -1.0090350000000001e+01, 4.2500000000000000e+01, 0.,
    -1.0030989999999999e+01, 4.2550000000000004e+01, 0.,
    -9.9814299999999996e+00, 4.2600000000000001e+01, 0.,
    -9.9266699999999997e+00, 4.2650000000000006e+01, 0.,
    -9.8867100000000008e+00, 4.2700000000000003e+01, 0.,
    -9.8395499999999991e+00, 4.2750000000000000e+01, 0.,
    -9.7952399999999997e+00, 4.2800000000000004e+01, 0.,
    -9.7667599999999997e+00, 4.2850000000000001e+01, 0.,
    -9.7303999999999995e+00, 4.2900000000000006e+01, 0.,
    -9.7005199999999991e+00, 4.2950000000000003e+01, 0.,
    -9.6534099999999992e+00, 43., 0., -9.6106099999999994e+00,
    4.3050000000000004e+01, 0., -9.5521899999999995e+00,
    4.3100000000000001e+01, 0., -9.4925700000000006e+00,
    4.3150000000000006e+01, 0., -9.4448500000000006e+00,
    4.3200000000000003e+01, 0., -9.3884600000000002e+00,
    4.3250000000000000e+01, 0., -9.3472600000000003e+00,
    4.3300000000000004e+01, 0., -9.2957000000000001e+00,
    4.3350000000000001e+01, 0., -9.2544599999999999e+00,
    4.3400000000000006e+01, 0., -9.2086500000000004e+00,
    4.3450000000000003e+01, 0., -9.1647999999999996e+00,
    4.3500000000000000e+01, 0., -9.1314399999999996e+00,
    4.3550000000000004e+01, 0., -9.0868900000000004e+00,
    4.3600000000000001e+01, 0., -9.0478500000000004e+00,
    4.3650000000000006e+01, 0., -8.9953099999999999e+00,
    4.3700000000000003e+01, 0., -8.9513099999999994e+00,
    4.3750000000000000e+01, 0., -8.8941900000000000e+00,
    4.3800000000000004e+01, 0., -8.8387700000000002e+00,
    4.3850000000000001e+01, 0., -8.8015299999999996e+00,
    4.3900000000000006e+01, 0., -8.7542000000000009e+00,
    4.3950000000000003e+01, 0., -8.7138399999999994e+00, 44., 0.,
    -8.6632700000000007e+00, 4.4050000000000004e+01, 0.,
    -8.6227099999999997e+00, 4.4100000000000001e+01, 0.,
    -8.5729699999999998e+00, 4.4150000000000006e+01, 0.,
    -8.5334099999999999e+00, 4.4200000000000003e+01, 0.,
    -8.4887200000000007e+00, 4.4250000000000000e+01, 0.,
    -8.4440299999999997e+00, 4.4300000000000004e+01, 0.,
    -8.4043899999999994e+00, 4.4350000000000001e+01, 0.,
    -8.3534799999999994e+00, 4.4400000000000006e+01, 0.,
    -8.3111999999999995e+00, 4.4450000000000003e+01, 0.,
    -8.2587700000000002e+00, 4.4500000000000000e+01, 0.,
    -8.2170900000000007e+00, 4.4550000000000004e+01, 0.,
    -8.1643699999999999e+00, 4.4600000000000001e+01, 0.,
    -8.1138100000000009e+00, 4.4650000000000006e+01, 0.,
