%YAML:1.0
---
profile: [ 3.7250000000000000e+01, 0., -2.3390229999999999e+01,
    3.7300000000000004e+01, 0., -2.3388510000000000e+01,
    3.7350000000000001e+01, 0., -2.3384170000000001e+01,
    3.7399999999999999e+01, 0., -2.3379570000000001e+01,
    3.7450000000000003e+01, 0., -2.3384640000000001e+01,
    3.7500000000000000e+01, 0., -2.3386990000000001e+01,
    3.7550000000000004e+01, 0., -2.3382390000000001e+01,
    3.7600000000000001e+01, 0., -2.3360990000000001e+01,
    3.7649999999999999e+01, 0., -2.3335550000000001e+01,
    3.7700000000000003e+01, 0., -2.3261820000000000e+01,
    3.7750000000000000e+01, 0., -2.3194500000000001e+01,
    3.7800000000000004e+01, 0., -2.3118600000000001e+01,
    3.7850000000000001e+01, 0., -2.3059600000000000e+01,
    3.7899999999999999e+01, 0., -2.3039459999999998e+01,
    3.7950000000000003e+01, 0., -2.3023280000000000e+01, 38., 0.,
    -2.2980080000000001e+01, 3.8050000000000004e+01, 0.,
    -2.2926400000000001e+01, 3.8100000000000001e+01, 0.,
    -2.2883920000000000e+01, 3.8149999999999999e+01, 0.,
    -2.2828920000000000e+01, 3.8200000000000003e+01, 0.,
    -2.2782679999999999e+01, 3.8250000000000000e+01, 0.,
    -2.2741070000000001e+01, 3.8300000000000004e+01, 0.,
    -2.2716470000000001e+01, 3.8350000000000001e+01, 0.,
    -2.2668270000000000e+01, 3.8400000000000006e+01, 0.,
    -2.2620509999999999e+01, 3.8450000000000003e+01, 0.,
    -2.2575479999999999e+01, 3.8500000000000000e+01, 0.,
    -2.2536960000000001e+01, 3.8550000000000004e+01, 0.,
    -2.2515440000000002e+01, 3.8600000000000001e+01, 0.,
    -2.2477039999999999e+01, 3.8650000000000006e+01, 0.,
    -2.2432600000000001e+01, 3.8700000000000003e+01, 0.,
    -2.2372319999999998e+01, 3.8750000000000000e+01, 0.,
    -2.2318480000000001e+01, 3.8800000000000004e+01, 0.,
    -2.2281780000000001e+01, 3.8850000000000001e+01, 0.,
    -2.2268780000000000e+01, 3.8900000000000006e+01, 0.,
    -2.2227900000000002e+01, 3.8950000000000003e+01, 0.,
    -2.2190339999999999e+01, 39., 0., -2.2133310000000002e+01,
    3.9050000000000004e+01, 0., -2.2075869999999998e+01,
    3.9100000000000001e+01, 0., -2.2036750000000001e+01,
    3.9150000000000006e+01, 0., -2.1986580000000000e+01,
    3.9200000000000003e+01, 0., -2.1944980000000001e+01,
    3.9250000000000000e+01, 0., -2.1890779999999999e+01,
    3.9300000000000004e+01, 0., -2.1844819999999999e+01,
    3.9350000000000001e+01, 0., -2.1787109999999998e+01,
    3.9400000000000006e+01, 0., -2.1740829999999999e+01,
    3.9450000000000003e+01, 0., -2.1684470000000001e+01,
    3.9500000000000000e+01, 0., -2.1640270000000001e+01,
    3.9550000000000004e+01, 0., -2.1587180000000000e+01,
    3.9600000000000001e+01, 0., -2.1545900000000000e+01,
    3.9650000000000006e+01, 0., -2.1506540000000001e+01,
    3.9700000000000003e+01, 0., -2.1469460000000002e+01,
    3.9750000000000000e+01, 0., -2.1437380000000001e+01,
    3.9800000000000004e+01, 0., -2.1392610000000001e+01,
    3.9850000000000001e+01, 0., -2.1351209999999998e+01,
    3.9900000000000006e+01, 0., -2.1296830000000000e+01,
    3.9950000000000003e+01, 0., -2.1250270000000000e+01, 40., 0.,
    -2.1194459999999999e+01, 4.0050000000000004e+01, 0.,
    -2.1151100000000000e+01, 4.0100000000000001e+01, 0.,
    -2.1095070000000000e+01, 4.0150000000000006e+01, 0.,
    -2.1049350000000000e+01, 4.0200000000000003e+01, 0.,
    -2.0990700000000000e+01, 4.0250000000000000e+01, 0.,
    -2.0933009999999999e+01, 4.0300000000000004e+01, 0.,
    -2.0891089999999998e+01, 4.0350000000000001e+01, 0.,
    -2.0836590000000001e+01, 4.0400000000000006e+01, 0.,
    -2.0786549999999998e+01, 4.0450000000000003e+01, 0.,
    -2.0725999999999999e+01, 4.0500000000000000e+01, 0.,
    -2.0684159999999999e+01, 4.0550000000000004e+01, 0.,
    -2.0635680000000001e+01, 4.0600000000000001e+01, 0.,
    -2.0601479999999999e+01, 4.0650000000000006e+01, 0.,
    -2.0557530000000000e+01, 4.0700000000000003e+01, 0.,
    -2.0521770000000000e+01, 4.0750000000000000e+01, 0.,
    -2.0483950000000000e+01, 4.0800000000000004e+01, 0.,
    -2.0445430000000002e+01, 4.0850000000000001e+01, 0.,
    -2.0406910000000000e+01, 4.0900000000000006e+01, 0.,
    -2.0356000000000002e+01, 4.0950000000000003e+01, 0.,
    -2.0306640000000002e+01, 41., 0., -2.0244230000000002e+01,
    4.1050000000000004e+01, 0., -2.0193590000000000e+01,
    4.1100000000000001e+01, 0., -2.0130160000000000e+01,
    4.1150000000000006e+01, 0., -2.0079319999999999e+01,
    4.1200000000000003e+01, 0., -2.0025079999999999e+01,
    4.1250000000000000e+01, 0., -1.9986680000000000e+01,
    4.1300000000000004e+01, 0., -1.9940670000000001e+01,
    4.1350000000000001e+01, 0., -1.9905030000000000e+01,
    4.1400000000000006e+01, 0., -1.9860520000000001e+01,
    4.1450000000000003e+01, 0., -1.9815200000000001e+01,
    4.1500000000000000e+01, 0., -1.9776560000000000e+01,
    4.1550000000000004e+01, 0., -1.9730540000000001e+01,
    4.1600000000000001e+01, 0., -1.9696459999999998e+01,
    4.1650000000000006e+01, 0., -1.9651160000000001e+01,
    4.1700000000000003e+01, 0., -1.9613520000000001e+01,
    4.1750000000000000e+01, 0., -1.9561180000000000e+01,
    4.1800000000000004e+01, 0., -1.9516539999999999e+01,
    4.1850000000000001e+01, 0., -1.9464500000000001e+01,
    4.1900000000000006e+01, 0., -1.9413580000000000e+01,
    4.1950000000000003e+01, 0., -1.9373339999999999e+01, 42., 0.,
    -1.9323049999999999e+01, 4.2050000000000004e+01, 0.,
    -1.9283010000000001e+01, 4.2100000000000001e+01, 0.,
    -1.9230319999999999e+01, 4.2150000000000006e+01, 0.,
    -1.9185079999999999e+01, 4.2200000000000003e+01, 0.,
    -1.9134119999999999e+01, 4.2250000000000000e+01, 0.,
    -1.9096360000000001e+01, 4.2300000000000004e+01, 0.,
    -1.9050750000000001e+01, 4.2350000000000001e+01, 0.,
    -1.9014589999999998e+01, 4.2400000000000006e+01, 0.,
    -1.8967790000000001e+01, 4.2450000000000003e+01, 0.,
    -1.8920580000000001e+01, 4.2500000000000000e+01, 0.,
    -1.8882860000000001e+01, 4.2550000000000004e+01, 0.,
    -1.8830060000000000e+01, 4.2600000000000001e+01, 0.,
    -1.8781099999999999e+01, 4.2650000000000006e+01, 0.,
    -1.8728310000000000e+01, 4.2700000000000003e+01, 0.,
    -1.8690590000000000e+01, 4.2750000000000000e+01, 0.,
    -1.8633640000000000e+01, 4.2800000000000004e+01, 0.,
    -1.8586120000000001e+01, 4.2850000000000001e+01, 0.,
    -1.8523790000000002e+01, 4.2900000000000006e+01, 0.,
    -1.8463090000000001e+01, 4.2950000000000003e+01, 0.,
    -1.8422290000000000e+01, 43., 0., -1.8372240000000001e+01,
    4.3050000000000004e+01, 0., -1.8335360000000001e+01,
    4.3100000000000001e+01, 0., -1.8291499999999999e+01,
    4.3150000000000006e+01, 0., -1.8259139999999999e+01,
    4.3200000000000003e+01, 0., -1.8214770000000001e+01,
    4.3250000000000000e+01, 0., -1.8177209999999999e+01,
    4.3300000000000004e+01, 0., -1.8128000000000000e+01,
    4.3350000000000001e+01, 0., -1.8077690000000000e+01,
    4.3400000000000006e+01, 0., -1.8035650000000000e+01,
    4.3450000000000003e+01, 0., -1.7988790000000002e+01,
    4.3500000000000000e+01, 0., -1.7958150000000000e+01,
    4.3550000000000004e+01, 0., -1.7914860000000001e+01,
    4.3600000000000001e+01, 0., -1.7874379999999999e+01,
    4.3650000000000006e+01, 0., -1.7823799999999999e+01,
    4.3700000000000003e+01, 0., -1.7783359999999998e+01,
    4.3750000000000000e+01, 0., -1.7736540000000002e+01,
    4.3800000000000004e+01, 0., -1.7689370000000000e+01,
    4.3850000000000001e+01, 0., -1.7647449999999999e+01,
    4.3900000000000006e+01, 0., -1.7595050000000001e+01,
    4.3950000000000003e+01, 0., -1.7553170000000001e+01, 44., 0.,
    -1.7496320000000001e+01, 4.4050000000000004e+01, 0.,
    -1.7448480000000000e+01, 4.4100000000000001e+01, 0.,
    -1.7389209999999999e+01, 4.4150000000000006e+01, 0.,
    -1.7342169999999999e+01, 4.4200000000000003e+01, 0.,
    -1.7288509999999999e+01, 4.4250000000000000e+01, 0.,
    -1.7238470000000000e+01, 4.4300000000000004e+01, 0.,
    -1.7205670000000001e+01, 4.4350000000000001e+01, 0.,
