%YAML:1.0
---
profile: [ 9.3350000000000009e+01, 0., 9.1747999999999996e-01,
    9.3400000000000006e+01, 0., 1.0797600000000001e+00,
    9.3450000000000003e+01, 0., 1.1162399999999999e+00,
    9.3500000000000000e+01, 0., 1.1520200000000000e+00,
    9.3550000000000011e+01, 0., 1.1826500000000000e+00,
    9.3600000000000009e+01, 0., 1.2039299999999999e+00,
    9.3650000000000006e+01, 0., 1.2633799999999999e+00,
    9.3700000000000003e+01, 0., 1.3160900000000000e+00,
    9.3750000000000000e+01, 0., 1.3594299999999999e+00,
    9.3800000000000011e+01, 0., 1.3959100000000000e+00,
    9.3850000000000009e+01, 0., 1.4420800000000000e+00,
    9.3900000000000006e+01, 0., 1.4884299999999999e+00,
    9.3950000000000003e+01, 0., 1.5248699999999999e+00, 94., 0.,
    1.5722200000000000e+00, 9.4050000000000011e+01, 0.,
    1.6206700000000001e+00, 9.4100000000000009e+01, 0.,
    1.6593899999999999e+00, 9.4150000000000006e+01, 0.,
    1.7038300000000000e+00, 9.4200000000000003e+01, 0.,
    1.7489800000000000e+00, 9.4250000000000000e+01, 0.,
    1.7959000000000001e+00, 9.4300000000000011e+01, 0.,
    1.8493599999999999e+00, 9.4350000000000009e+01, 0.,
    1.9026500000000000e+00, 9.4400000000000006e+01, 0.,
    1.9466100000000000e+00, 9.4450000000000003e+01, 0.,
    1.9924400000000000e+00, 9.4500000000000000e+01, 0.,
    2.0386199999999999e+00, 9.4550000000000011e+01, 0.,
    2.0787000000000000e+00, 9.4600000000000009e+01, 0.,
    2.1356400000000000e+00, 9.4650000000000006e+01, 0.,
    2.1893199999999999e+00, 9.4700000000000003e+01, 0.,
    2.2263199999999999e+00, 9.4750000000000000e+01, 0.,
    2.2716500000000002e+00, 9.4800000000000011e+01, 0.,
    2.3043999999999998e+00, 9.4850000000000009e+01, 0.,
    2.3313600000000001e+00, 9.4900000000000006e+01, 0.,
    2.3607600000000000e+00, 9.4950000000000003e+01, 0.,
    2.4099499999999998e+00, 95., 0., 2.4674399999999999e+00,
    9.5050000000000011e+01, 0., 2.5134400000000001e+00,
    9.5100000000000009e+01, 0., 2.5629599999999999e+00,
    9.5150000000000006e+01, 0., 2.6115400000000002e+00,
    9.5200000000000003e+01, 0., 2.6642600000000001e+00,
    9.5250000000000000e+01, 0., 2.7256900000000002e+00,
    9.5300000000000011e+01, 0., 2.7821600000000002e+00,
    9.5350000000000009e+01, 0., 2.8227600000000002e+00,
    9.5400000000000006e+01, 0., 2.8683000000000001e+00,
    9.5450000000000003e+01, 0., 2.9140000000000001e+00,
    9.5500000000000000e+01, 0., 2.9523199999999998e+00,
    9.5550000000000011e+01, 0., 2.9889500000000000e+00,
    9.5600000000000009e+01, 0., 3.0386400000000000e+00,
    9.5650000000000006e+01, 0., 3.1073300000000001e+00,
    9.5700000000000003e+01, 0., 3.1470500000000001e+00,
    9.5750000000000000e+01, 0., 3.1956300000000000e+00,
    9.5800000000000011e+01, 0., 3.2398600000000002e+00,
    9.5850000000000009e+01, 0., 3.2637399999999999e+00,
    9.5900000000000006e+01, 0., 3.3032400000000002e+00,
    9.5950000000000003e+01, 0., 3.3554400000000002e+00, 96., 0.,
    3.4174400000000000e+00, 9.6050000000000011e+01, 0.,
    3.4748600000000001e+00, 9.6100000000000009e+01, 0.,
    3.5298300000000000e+00, 9.6150000000000006e+01, 0.,
    3.5769500000000001e+00, 9.6200000000000003e+01, 0.,
    3.6246600000000000e+00, 9.6250000000000000e+01, 0.,
    3.6716700000000002e+00, 9.6300000000000011e+01, 0.,
    3.7205900000000001e+00, 9.6350000000000009e+01, 0.,
    3.7557499999999999e+00, 9.6400000000000006e+01, 0.,
    3.8041399999999999e+00, 9.6450000000000003e+01, 0.,
    3.8574000000000002e+00, 9.6500000000000000e+01, 0.,
    3.9059599999999999e+00, 9.6550000000000011e+01, 0.,
    3.9655999999999998e+00, 9.6600000000000009e+01, 0.,
    4.0166300000000001e+00, 9.6650000000000006e+01, 0.,
    4.0479900000000004e+00, 9.6700000000000003e+01, 0.,
    4.0842799999999997e+00, 9.6750000000000000e+01, 0.,
    4.1261400000000004e+00, 9.6800000000000011e+01, 0.,
    4.1671800000000001e+00, 9.6850000000000009e+01, 0.,
    4.2155100000000001e+00, 9.6900000000000006e+01, 0.,
    4.2632500000000002e+00, 9.6950000000000003e+01, 0.,
    4.3099900000000000e+00, 97., 0., 4.3435100000000002e+00,
    9.7050000000000011e+01, 0., 4.3860299999999999e+00,
    9.7100000000000009e+01, 0., 4.4316700000000004e+00,
    9.7150000000000006e+01, 0., 4.4771099999999997e+00,
    9.7200000000000003e+01, 0., 4.5363699999999998e+00,
    9.7250000000000000e+01, 0., 4.5959099999999999e+00,
    9.7300000000000011e+01, 0., 4.6420300000000001e+00,
    9.7350000000000009e+01, 0., 4.6929600000000002e+00,
    9.7400000000000006e+01, 0., 4.7392099999999999e+00,
    9.7450000000000003e+01, 0., 4.7725700000000000e+00,
    9.7500000000000000e+01, 0., 4.8138399999999999e+00,
    9.7550000000000011e+01, 0., 4.8554300000000001e+00,
    9.7600000000000009e+01, 0., 4.8981100000000000e+00,
    9.7650000000000006e+01, 0., 4.9350699999999996e+00,
    9.7700000000000003e+01, 0., 4.9797399999999996e+00,
    9.7750000000000000e+01, 0., 5.0250599999999999e+00,
    9.7800000000000011e+01, 0., 5.0666200000000003e+00,
    9.7850000000000009e+01, 0., 5.1227900000000002e+00,
    9.7900000000000006e+01, 0., 5.1805199999999996e+00,
    9.7950000000000003e+01, 0., 5.2272400000000001e+00, 98., 0.,
    5.2824400000000002e+00, 9.8050000000000011e+01, 0.,
    5.3341300000000000e+00, 9.8100000000000009e+01, 0.,
    5.3800100000000004e+00, 9.8150000000000006e+01, 0.,
    5.4111700000000003e+00, 9.8200000000000003e+01, 0.,
    5.4471600000000002e+00, 9.8250000000000000e+01, 0.,
    5.4822100000000002e+00, 9.8300000000000011e+01, 0.,
    5.5133700000000001e+00, 9.8350000000000009e+01, 0.,
    5.5683800000000003e+00, 9.8400000000000006e+01, 0.,
    5.6304400000000001e+00, 9.8450000000000003e+01, 0.,
    5.6756799999999998e+00, 9.8500000000000000e+01, 0.,
    5.7248200000000002e+00, 9.8550000000000011e+01, 0.,
    5.7695900000000000e+00, 9.8600000000000009e+01, 0.,
    5.8134699999999997e+00, 9.8650000000000006e+01, 0.,
    5.8579100000000004e+00, 9.8700000000000003e+01, 0.,
    5.9144199999999998e+00, 9.8750000000000000e+01, 0.,
    5.9681300000000004e+00, 9.8800000000000011e+01, 0.,
    6.0000499999999999e+00, 9.8850000000000009e+01, 0.,
    6.0383599999999999e+00, 9.8900000000000006e+01, 0.,
    6.0868300000000000e+00, 9.8950000000000003e+01, 0.,
    6.1382700000000003e+00, 99., 0., 6.2182199999999996e+00,
    9.9050000000000011e+01, 0., 6.2754000000000003e+00,
    9.9100000000000009e+01, 0., 6.3140999999999998e+00,
    9.9150000000000006e+01, 0., 6.3428199999999997e+00,
    9.9200000000000003e+01, 0., 6.3698699999999997e+00,
    9.9250000000000000e+01, 0., 6.3983800000000004e+00,
    9.9300000000000011e+01, 0., 6.4445399999999999e+00,
    9.9350000000000009e+01, 0., 6.5082800000000001e+00,
    9.9400000000000006e+01, 0., 6.5675800000000004e+00,
    9.9450000000000003e+01, 0., 6.6078200000000002e+00,
    9.9500000000000000e+01, 0., 6.6418999999999997e+00,
    9.9550000000000011e+01, 0., 6.6792299999999996e+00,
    9.9600000000000009e+01, 0., 6.7289599999999998e+00,
    9.9650000000000006e+01, 0., 6.7926399999999996e+00,
    9.9700000000000003e+01, 0., 6.8431300000000004e+00,
    9.9750000000000000e+01, 0., 6.8866300000000003e+00,
    9.9800000000000011e+01, 0., 6.9363500000000000e+00,
    9.9850000000000009e+01, 0., 7.0172400000000001e+00,
    9.9900000000000006e+01, 0., 7.0548099999999998e+00,
    9.9950000000000003e+01, 0., 7.0674999999999999e+00, 100., 0.,
    7.1003800000000004e+00, 1.0005000000000001e+02, 0.,
    7.1499100000000002e+00, 1.0010000000000001e+02, 0.,
    7.2048399999999999e+00, 1.0015000000000001e+02, 0.,
    7.2484000000000002e+00, 1.0020000000000000e+02, 0.,
    7.2821100000000003e+00, 1.0025000000000000e+02, 0.,
    7.3135500000000002e+00, 1.0030000000000001e+02, 0.,
    7.3421900000000004e+00, 1.0035000000000001e+02, 0.,
    7.3921200000000002e+00, 1.0040000000000001e+02, 0.,
    7.4672599999999996e+00, 1.0045000000000000e+02, 0.,
    7.5442700000000000e+00, 1.0050000000000000e+02, 0.,
    7.5655099999999997e+00, 1.0055000000000001e+02, 0.,
