%YAML:1.0
---
profile: [ 1.1985000000000001e+02, 0., -1.2934419999999999e+01,
    1.1990000000000001e+02, 0., -1.2795680000000001e+01,
    1.1995000000000000e+02, 0., -1.2730020000000000e+01, 120., 0.,
    -1.2698100000000000e+01, 1.2005000000000001e+02, 0.,
    -1.2667299999999999e+01, 1.2010000000000001e+02, 0.,
    -1.2641850000000000e+01, 1.2015000000000001e+02, 0.,
    -1.2620730000000000e+01, 1.2020000000000000e+02, 0.,
    -1.2589890000000000e+01, 1.2025000000000000e+02, 0.,
    -1.2541420000000000e+01, 1.2030000000000001e+02, 0.,
    -1.2487830000000001e+01, 1.2035000000000001e+02, 0.,
    -1.2449630000000001e+01, 1.2040000000000001e+02, 0.,
    -1.2388280000000000e+01, 1.2045000000000000e+02, 0.,
    -1.2323620000000000e+01, 1.2050000000000000e+02, 0.,
    -1.2278779999999999e+01, 1.2055000000000001e+02, 0.,
    -1.2226720000000000e+01, 1.2060000000000001e+02, 0.,
    -1.2186870000000001e+01, 1.2065000000000001e+02, 0.,
    -1.2153750000000000e+01, 1.2070000000000000e+02, 0.,
    -1.2124630000000000e+01, 1.2075000000000000e+02, 0.,
    -1.2086910000000000e+01, 1.2080000000000001e+02, 0.,
    -1.2048360000000001e+01, 1.2085000000000001e+02, 0.,
    -1.2017519999999999e+01, 1.2090000000000001e+02, 0.,
    -1.1961370000000001e+01, 1.2095000000000000e+02, 0.,
    -1.1898239999999999e+01, 121., 0., -1.1853360000000000e+01,
    1.2105000000000001e+02, 0., -1.1770569999999999e+01,
    1.2110000000000001e+02, 0., -1.1704240000000000e+01,
    1.2115000000000001e+02, 0., -1.1658429999999999e+01,
    1.2120000000000000e+02, 0., -1.1638310000000001e+01,
    1.2125000000000000e+02, 0., -1.1598990000000001e+01,
    1.2130000000000001e+02, 0., -1.1554550000000001e+01,
    1.2135000000000001e+02, 0., -1.1532909999999999e+01,
    1.2140000000000001e+02, 0., -1.1490220000000001e+01,
    1.2145000000000000e+02, 0., -1.1448850000000000e+01,
    1.2150000000000000e+02, 0., -1.1429770000000000e+01,
    1.2155000000000001e+02, 0., -1.1375510000000000e+01,
    1.2160000000000001e+02, 0., -1.1327280000000000e+01,
    1.2165000000000001e+02, 0., -1.1305080000000000e+01,
    1.2170000000000000e+02, 0., -1.1239960000000000e+01,
    1.2175000000000000e+02, 0., -1.1179259999999999e+01,
    1.2180000000000001e+02, 0., -1.1131940000000000e+01,
    1.2185000000000001e+02, 0., -1.1107379999999999e+01,
    1.2190000000000001e+02, 0., -1.1083349999999999e+01,
    1.2195000000000000e+02, 0., -1.1045880000000000e+01, 122., 0.,
    -1.0958720000000000e+01, 1.2205000000000001e+02, 0.,
    -1.0879569999999999e+01, 1.2210000000000001e+02, 0.,
    -1.0828700000000000e+01, 1.2215000000000001e+02, 0.,
    -1.0784540000000000e+01, 1.2220000000000000e+02, 0.,
    -1.0726260000000000e+01, 1.2225000000000000e+02, 0.,
    -1.0667450000000001e+01, 1.2230000000000001e+02, 0.,
    -1.0619090000000000e+01, 1.2235000000000001e+02, 0.,
    -1.0588770000000000e+01, 1.2240000000000001e+02, 0.,
    -1.0566500000000000e+01, 1.2245000000000000e+02, 0.,
    -1.0523949999999999e+01, 1.2250000000000000e+02, 0.,
    -1.0454990000000000e+01, 1.2255000000000001e+02, 0.,
    -1.0431270000000000e+01, 1.2260000000000001e+02, 0.,
    -1.0372280000000000e+01, 1.2265000000000001e+02, 0.,
    -1.0303480000000000e+01, 1.2270000000000000e+02, 0.,
    -1.0260199999999999e+01, 1.2275000000000000e+02, 0.,
    -1.0220050000000001e+01, 1.2280000000000001e+02, 0.,
    -1.0167999999999999e+01, 1.2285000000000001e+02, 0.,
    -1.0099010000000000e+01, 1.2290000000000001e+02, 0.,
    -1.0063090000000001e+01, 1.2295000000000000e+02, 0.,
    -1.0037780000000000e+01, 123., 0., -1.0014150000000001e+01,
    1.2305000000000001e+02, 0., -9.9589099999999995e+00,
    1.2310000000000001e+02, 0., -9.9132599999999993e+00,
    1.2315000000000001e+02, 0., -9.8607999999999993e+00,
    1.2320000000000000e+02, 0., -9.7917799999999993e+00,
    1.2325000000000000e+02, 0., -9.7445000000000004e+00,
    1.2330000000000001e+02, 0., -9.7134499999999999e+00,
    1.2335000000000001e+02, 0., -9.6838300000000004e+00,
    1.2340000000000001e+02, 0., -9.6048299999999998e+00,
    1.2345000000000000e+02, 0., -9.5549099999999996e+00,
    1.2350000000000000e+02, 0., -9.5241000000000007e+00,
    1.2355000000000001e+02, 0., -9.5077800000000003e+00,
    1.2360000000000001e+02, 0., -9.4389800000000008e+00,
    1.2365000000000001e+02, 0., -9.3803699999999992e+00,
    1.2370000000000000e+02, 0., -9.3263599999999993e+00,
    1.2375000000000000e+02, 0., -9.2504000000000008e+00,
    1.2380000000000001e+02, 0., -9.2329399999999993e+00,
    1.2385000000000001e+02, 0., -9.2061200000000003e+00,
    1.2390000000000001e+02, 0., -9.1393799999999992e+00,
    1.2395000000000000e+02, 0., -9.0962999999999994e+00, 124., 0.,
    -9.0577000000000005e+00, 1.2405000000000001e+02, 0.,
    -9.0294399999999992e+00, 1.2410000000000001e+02, 0.,
    -9.0075199999999995e+00, 1.2415000000000001e+02, 0.,
    -8.9497699999999991e+00, 1.2420000000000000e+02, 0.,
    -8.8784200000000002e+00, 1.2425000000000000e+02, 0.,
    -8.8229900000000008e+00, 1.2430000000000001e+02, 0.,
    -8.7979099999999999e+00, 1.2435000000000001e+02, 0.,
    -8.7550799999999995e+00, 1.2440000000000001e+02, 0.,
    -8.7036300000000004e+00, 1.2445000000000000e+02, 0.,
    -8.6592699999999994e+00, 1.2450000000000000e+02, 0.,
    -8.6101700000000001e+00, 1.2455000000000001e+02, 0.,
    -8.5567799999999998e+00, 1.2460000000000001e+02, 0.,
    -8.4958799999999997e+00, 1.2465000000000001e+02, 0.,
    -8.4514399999999998e+00, 1.2470000000000000e+02, 0.,
    -8.4104299999999999e+00, 1.2475000000000000e+02, 0.,
    -8.3769200000000001e+00, 1.2480000000000001e+02, 0.,
    -8.3431999999999995e+00, 1.2485000000000001e+02, 0.,
    -8.2927900000000001e+00, 1.2490000000000001e+02, 0.,
    -8.2326800000000002e+00, 1.2495000000000000e+02, 0.,
    -8.1661699999999993e+00, 125., 0., -8.1290899999999997e+00,
    1.2505000000000001e+02, 0., -8.0830599999999997e+00,
    1.2510000000000001e+02, 0., -8.0367200000000008e+00,
    1.2515000000000001e+02, 0., -7.9990399999999999e+00,
    1.2520000000000000e+02, 0., -7.9759399999999996e+00,
    1.2525000000000000e+02, 0., -7.9479499999999996e+00,
    1.2530000000000001e+02, 0., -7.9125500000000004e+00,
    1.2535000000000001e+02, 0., -7.8588100000000001e+00,
    1.2540000000000001e+02, 0., -7.7948899999999997e+00,
    1.2545000000000000e+02, 0., -7.7397700000000000e+00,
    1.2550000000000000e+02, 0., -7.7125300000000001e+00,
    1.2555000000000001e+02, 0., -7.6721000000000004e+00,
    1.2560000000000001e+02, 0., -7.6244399999999999e+00,
    1.2565000000000001e+02, 0., -7.5698999999999996e+00,
    1.2570000000000000e+02, 0., -7.5314199999999998e+00,
    1.2575000000000000e+02, 0., -7.4659399999999998e+00,
    1.2580000000000001e+02, 0., -7.4036799999999996e+00,
    1.2585000000000001e+02, 0., -7.3716799999999996e+00,
    1.2590000000000001e+02, 0., -7.3095200000000000e+00,
    1.2595000000000000e+02, 0., -7.2626400000000002e+00, 126., 0.,
    -7.2264299999999997e+00, 1.2605000000000001e+02, 0.,
    -7.1872299999999996e+00, 1.2610000000000001e+02, 0.,
    -7.1661799999999998e+00, 1.2615000000000001e+02, 0.,
    -7.1264399999999997e+00, 1.2620000000000000e+02, 0.,
    -7.0555700000000003e+00, 1.2625000000000000e+02, 0.,
    -7.0226899999999999e+00, 1.2630000000000001e+02, 0.,
    -6.9690500000000002e+00, 1.2635000000000001e+02, 0.,
    -6.9122199999999996e+00, 1.2640000000000001e+02, 0.,
    -6.8729800000000001e+00, 1.2645000000000000e+02, 0.,
    -6.8145600000000002e+00, 1.2650000000000000e+02, 0.,
    -6.7637799999999997e+00, 1.2655000000000001e+02, 0.,
    -6.7186899999999996e+00, 1.2660000000000001e+02, 0.,
    -6.6794900000000004e+00, 1.2665000000000001e+02, 0.,
    -6.6297100000000002e+00, 1.2670000000000000e+02, 0.,
    -6.5832800000000002e+00, 1.2675000000000000e+02, 0.,
    -6.5504400000000000e+00, 1.2680000000000001e+02, 0.,
    -6.5095499999999999e+00, 1.2685000000000001e+02, 0.,
    -6.4358500000000003e+00, 1.2690000000000001e+02, 0.,
