%YAML:1.0
---
profile: [ 5.9900000000000006e+01, 0., -4.5272800000000002e+00,
    5.9950000000000003e+01, 0., -4.4655300000000002e+00, 60., 0.,
    -4.3836500000000003e+00, 6.0050000000000004e+01, 0.,
    -4.2920400000000001e+00, 6.0100000000000001e+01, 0.,
    -4.2316399999999996e+00, 6.0150000000000006e+01, 0.,
    -4.1649200000000004e+00, 6.0200000000000003e+01, 0.,
    -4.1139000000000001e+00, 6.0250000000000000e+01, 0.,
    -4.1044200000000002e+00, 6.0300000000000004e+01, 0.,
    -4.0655299999999999e+00, 6.0350000000000001e+01, 0.,
    -4.0020899999999999e+00, 6.0400000000000006e+01, 0.,
    -3.9506999999999999e+00, 6.0450000000000003e+01, 0.,
    -3.9046699999999999e+00, 6.0500000000000000e+01, 0.,
    -3.8628700000000000e+00, 6.0550000000000004e+01, 0.,
    -3.8146300000000002e+00, 6.0600000000000001e+01, 0.,
    -3.7809900000000001e+00, 6.0650000000000006e+01, 0.,
    -3.7356799999999999e+00, 6.0700000000000003e+01, 0.,
    -3.6888100000000001e+00, 6.0750000000000000e+01, 0.,
    -3.6489300000000000e+00, 6.0800000000000004e+01, 0.,
    -3.5956199999999998e+00, 6.0850000000000001e+01, 0.,
    -3.5511800000000000e+00, 6.0900000000000006e+01, 0.,
    -3.4955400000000001e+00, 6.0950000000000003e+01, 0.,
    -3.4463100000000000e+00, 61., 0., -3.4275899999999999e+00,
    6.1050000000000004e+01, 0., -3.3806900000000000e+00,
    6.1100000000000001e+01, 0., -3.3213800000000000e+00,
    6.1150000000000006e+01, 0., -3.2845000000000000e+00,
    6.1200000000000003e+01, 0., -3.2331699999999999e+00,
    6.1250000000000000e+01, 0., -3.1859700000000002e+00,
    6.1300000000000004e+01, 0., -3.1196100000000002e+00,
    6.1350000000000001e+01, 0., -3.0532300000000001e+00,
    6.1400000000000006e+01, 0., -3.0156299999999998e+00,
    6.1450000000000003e+01, 0., -2.9655499999999999e+00,
    6.1500000000000000e+01, 0., -2.9219100000000000e+00,
    6.1550000000000004e+01, 0., -2.8678200000000000e+00,
    6.1600000000000001e+01, 0., -2.8168099999999998e+00,
    6.1650000000000006e+01, 0., -2.7848099999999998e+00,
    6.1700000000000003e+01, 0., -2.7546100000000000e+00,
    6.1750000000000000e+01, 0., -2.7422499999999999e+00,
    6.1800000000000004e+01, 0., -2.7079000000000000e+00,
    6.1850000000000001e+01, 0., -2.6674799999999999e+00,
    6.1900000000000006e+01, 0., -2.6335199999999999e+00,
    6.1950000000000003e+01, 0., -2.5803600000000002e+00, 62., 0.,
    -2.5202900000000001e+00, 6.2050000000000004e+01, 0.,
    -2.4726499999999998e+00, 6.2100000000000001e+01, 0.,
    -2.4159000000000002e+00, 6.2150000000000006e+01, 0.,
    -2.3738600000000001e+00, 6.2200000000000003e+01, 0.,
    -2.3121200000000002e+00, 6.2250000000000000e+01, 0.,
    -2.2461300000000000e+00, 6.2300000000000004e+01, 0.,
    -2.1994099999999999e+00, 6.2350000000000001e+01, 0.,
    -2.1442000000000001e+00, 6.2400000000000006e+01, 0.,
    -2.1040000000000001e+00, 6.2450000000000003e+01, 0.,
    -2.0649099999999998e+00, 6.2500000000000000e+01, 0.,
    -2.0271599999999999e+00, 6.2550000000000004e+01, 0.,
    -1.9924400000000000e+00, 6.2600000000000001e+01, 0.,
    -1.9512499999999999e+00, 6.2650000000000006e+01, 0.,
    -1.9194899999999999e+00, 6.2700000000000003e+01, 0.,
    -1.8697299999999999e+00, 6.2750000000000000e+01, 0.,
    -1.8184400000000001e+00, 6.2800000000000004e+01, 0.,
    -1.7785599999999999e+00, 6.2850000000000001e+01, 0.,
    -1.7284600000000001e+00, 6.2900000000000006e+01, 0.,
    -1.6787900000000000e+00, 6.2950000000000003e+01, 0.,
    -1.6409899999999999e+00, 63., 0., -1.5867100000000001e+00,
    6.3050000000000004e+01, 0., -1.5349500000000000e+00,
    6.3100000000000001e+01, 0., -1.4761299999999999e+00,
    6.3150000000000006e+01, 0., -1.4193800000000001e+00,
    6.3200000000000003e+01, 0., -1.3761800000000000e+00,
    6.3250000000000000e+01, 0., -1.3282600000000000e+00,
    6.3300000000000004e+01, 0., -1.2932200000000000e+00,
    6.3350000000000001e+01, 0., -1.2442800000000001e+00,
    6.3400000000000006e+01, 0., -1.1952700000000001e+00,
    6.3450000000000003e+01, 0., -1.1574700000000000e+00,
    6.3500000000000000e+01, 0., -1.1015900000000001e+00,
    6.3550000000000004e+01, 0., -1.0414600000000001e+00,
    6.3600000000000001e+01, 0., -9.9829999999999997e-01,
    6.3650000000000006e+01, 0., -9.4166000000000005e-01,
    6.3700000000000003e+01, 0., -8.9317999999999997e-01,
    6.3750000000000000e+01, 0., -8.4399999999999997e-01,
    6.3800000000000004e+01, 0., -7.9639000000000004e-01,
    6.3850000000000001e+01, 0., -7.5414999999999999e-01,
    6.3900000000000006e+01, 0., -6.9765999999999995e-01,
    6.3950000000000003e+01, 0., -6.5058000000000005e-01, 64., 0.,
    -6.1190999999999995e-01, 6.4049999999999997e+01, 0.,
    -5.7498000000000005e-01, 6.4100000000000009e+01, 0.,
    -5.4137999999999997e-01, 6.4150000000000006e+01, 0.,
    -4.9978000000000000e-01, 6.4200000000000003e+01, 0.,
    -4.5501000000000003e-01, 6.4250000000000000e+01, 0.,
    -4.0816999999999998e-01, 6.4299999999999997e+01, 0.,
    -3.5550999999999999e-01, 6.4350000000000009e+01, 0.,
    -3.1655000000000000e-01, 6.4400000000000006e+01, 0.,
    -2.5535999999999998e-01, 6.4450000000000003e+01, 0.,
    -1.9797999999999999e-01, 6.4500000000000000e+01, 0.,
    -1.6037999999999999e-01, 6.4549999999999997e+01, 0.,
    -1.1113000000000001e-01, 6.4600000000000009e+01, 0.,
    -6.2469999999999998e-02, 6.4650000000000006e+01, 0.,
    -3.0310000000000000e-02, 6.4700000000000003e+01, 0.,
    1.4940000000000000e-02, 6.4750000000000000e+01, 0.,
    5.7060000000000000e-02, 6.4799999999999997e+01, 0.,
    9.8190000000000000e-02, 6.4850000000000009e+01, 0.,
    1.4527000000000001e-01, 6.4900000000000006e+01, 0.,
    1.9350999999999999e-01, 6.4950000000000003e+01, 0.,
    2.5489000000000001e-01, 65., 0., 3.1359999999999999e-01,
    6.5049999999999997e+01, 0., 3.4971999999999998e-01,
    6.5100000000000009e+01, 0., 4.0242000000000000e-01,
    6.5150000000000006e+01, 0., 4.5357999999999998e-01,
    6.5200000000000003e+01, 0., 4.9509999999999998e-01,
    6.5250000000000000e+01, 0., 5.2844000000000002e-01,
    6.5299999999999997e+01, 0., 5.4671999999999998e-01,
    6.5350000000000009e+01, 0., 5.8962999999999999e-01,
    6.5400000000000006e+01, 0., 6.4515999999999996e-01,
    6.5450000000000003e+01, 0., 6.8720000000000003e-01,
    6.5500000000000000e+01, 0., 7.4085999999999996e-01,
    6.5549999999999997e+01, 0., 7.8502000000000005e-01,
    6.5600000000000009e+01, 0., 8.3011000000000001e-01,
    6.5650000000000006e+01, 0., 8.7802000000000002e-01,
    6.5700000000000003e+01, 0., 9.3357999999999997e-01,
    6.5750000000000000e+01, 0., 9.9985999999999997e-01,
    6.5799999999999997e+01, 0., 1.0511400000000000e+00,
    6.5850000000000009e+01, 0., 1.1088700000000000e+00,
    6.5900000000000006e+01, 0., 1.1547000000000001e+00,
    6.5950000000000003e+01, 0., 1.1790200000000000e+00, 66., 0.,
    1.2056400000000000e+00, 6.6049999999999997e+01, 0.,
    1.2359700000000000e+00, 6.6100000000000009e+01, 0.,
    1.2658499999999999e+00, 6.6150000000000006e+01, 0.,
    1.3109900000000001e+00, 6.6200000000000003e+01, 0.,
    1.3624099999999999e+00, 6.6250000000000000e+01, 0.,
    1.4068900000000000e+00, 6.6299999999999997e+01, 0.,
    1.4607900000000000e+00, 6.6350000000000009e+01, 0.,
    1.5017900000000000e+00, 6.6400000000000006e+01, 0.,
    1.5560400000000001e+00, 6.6450000000000003e+01, 0.,
    1.6089599999999999e+00, 6.6500000000000000e+01, 0.,
    1.6487200000000000e+00, 6.6549999999999997e+01, 0.,
    1.6993499999999999e+00, 6.6600000000000009e+01, 0.,
    1.7501500000000001e+00, 6.6650000000000006e+01, 0.,
    1.7895099999999999e+00, 6.6700000000000003e+01, 0.,
    1.8355500000000000e+00, 6.6750000000000000e+01, 0.,
    1.8706700000000001e+00, 6.6799999999999997e+01, 0.,
    1.9309499999999999e+00, 6.6850000000000009e+01, 0.,
    1.9907400000000000e+00, 6.6900000000000006e+01, 0.,
    2.0331000000000001e+00, 6.6950000000000003e+01, 0.,
    2.0884000000000000e+00, 67., 0., 2.1413700000000002e+00,
