%YAML:1.0
---
profile: [ 5.7600000000000001e+01, 0., -1.1377890000000001e+01,
    5.7650000000000006e+01, 0., -1.1359220000000001e+01,
    5.7700000000000003e+01, 0., -1.1333700000000000e+01,
    5.7750000000000000e+01, 0., -1.1296120000000000e+01,
    5.7800000000000004e+01, 0., -1.1263080000000000e+01,
    5.7850000000000001e+01, 0., -1.1218090000000000e+01,
    5.7900000000000006e+01, 0., -1.1170629999999999e+01,
    5.7950000000000003e+01, 0., -1.1127590000000000e+01, 58., 0.,
    -1.1072279999999999e+01, 5.8050000000000004e+01, 0.,
    -1.1026320000000000e+01, 5.8100000000000001e+01, 0.,
    -1.0980370000000001e+01, 5.8150000000000006e+01, 0.,
    -1.0935340000000000e+01, 5.8200000000000003e+01, 0.,
    -1.0893060000000000e+01, 5.8250000000000000e+01, 0.,
    -1.0839829999999999e+01, 5.8300000000000004e+01, 0.,
    -1.0796830000000000e+01, 5.8350000000000001e+01, 0.,
    -1.0743040000000001e+01, 5.8400000000000006e+01, 0.,
    -1.0700080000000000e+01, 5.8450000000000003e+01, 0.,
    -1.0649190000000001e+01, 5.8500000000000000e+01, 0.,
    -1.0603380000000000e+01, 5.8550000000000004e+01, 0.,
    -1.0571940000000000e+01, 5.8600000000000001e+01, 0.,
    -1.0532539999999999e+01, 5.8650000000000006e+01, 0.,
    -1.0501060000000001e+01, 5.8700000000000003e+01, 0.,
    -1.0451480000000000e+01, 5.8750000000000000e+01, 0.,
    -1.0396240000000001e+01, 5.8800000000000004e+01, 0.,
    -1.0348360000000000e+01, 5.8850000000000001e+01, 0.,
    -1.0285769999999999e+01, 5.8900000000000006e+01, 0.,
    -1.0234330000000000e+01, 5.8950000000000003e+01, 0.,
    -1.0178570000000001e+01, 59., 0., -1.0127870000000000e+01,
    5.9050000000000004e+01, 0., -1.0096510000000000e+01,
    5.9100000000000001e+01, 0., -1.0044460000000001e+01,
    5.9150000000000006e+01, 0., -9.9874200000000002e+00,
    5.9200000000000003e+01, 0., -9.9589999999999996e+00,
    5.9250000000000000e+01, 0., -9.9495799999999992e+00,
    5.9300000000000004e+01, 0., -9.9114199999999997e+00,
    5.9350000000000001e+01, 0., -9.8624399999999994e+00,
    5.9400000000000006e+01, 0., -9.8226399999999998e+00,
    5.9450000000000003e+01, 0., -9.7692800000000002e+00,
    5.9500000000000000e+01, 0., -9.7152700000000003e+00,
    5.9550000000000004e+01, 0., -9.6726700000000001e+00,
    5.9600000000000001e+01, 0., -9.6179799999999993e+00,
    5.9650000000000006e+01, 0., -9.5725800000000003e+00,
    5.9700000000000003e+01, 0., -9.5250900000000005e+00,
    5.9750000000000000e+01, 0., -9.4795400000000001e+00,
    5.9800000000000004e+01, 0., -9.4420199999999994e+00,
    5.9850000000000001e+01, 0., -9.3986199999999993e+00,
    5.9900000000000006e+01, 0., -9.3682200000000009e+00,
    5.9950000000000003e+01, 0., -9.3231900000000003e+00, 60., 0.,
    -9.2723300000000002e+00, 6.0050000000000004e+01, 0.,
    -9.2276500000000006e+00, 6.0100000000000001e+01, 0.,
    -9.1643299999999996e+00, 6.0150000000000006e+01, 0.,
    -9.1047300000000000e+00, 6.0200000000000003e+01, 0.,
    -9.0376899999999996e+00, 6.0250000000000000e+01, 0.,
    -8.9880899999999997e+00, 6.0300000000000004e+01, 0.,
    -8.9311100000000003e+00, 6.0350000000000001e+01, 0.,
    -8.8821399999999997e+00, 6.0400000000000006e+01, 0.,
    -8.8510200000000001e+00, 6.0450000000000003e+01, 0.,
    -8.8088999999999995e+00, 6.0500000000000000e+01, 0.,
    -8.7735400000000006e+00, 6.0550000000000004e+01, 0.,
    -8.7226800000000004e+00, 6.0600000000000001e+01, 0.,
    -8.6714000000000002e+00, 6.0650000000000006e+01, 0.,
    -8.6318400000000004e+00, 6.0700000000000003e+01, 0.,
    -8.6109100000000005e+00, 6.0750000000000000e+01, 0.,
    -8.5950699999999998e+00, 6.0800000000000004e+01, 0.,
    -8.5378699999999998e+00, 6.0850000000000001e+01, 0.,
    -8.5003100000000007e+00, 6.0900000000000006e+01, 0.,
    -8.5109100000000009e+00, 6.0950000000000003e+01, 0.,
    -8.4352000000000000e+00, 61., 0., -8.3432099999999991e+00,
    6.1050000000000004e+01, 0., -8.2888900000000003e+00,
    6.1100000000000001e+01, 0., -8.2227800000000002e+00,
    6.1150000000000006e+01, 0., -8.1720600000000001e+00,
    6.1200000000000003e+01, 0., -8.1191999999999993e+00,
    6.1250000000000000e+01, 0., -8.0825999999999993e+00,
    6.1300000000000004e+01, 0., -8.0259599999999995e+00,
    6.1350000000000001e+01, 0., -7.9671099999999999e+00,
    6.1400000000000006e+01, 0., -7.9206700000000003e+00,
    6.1450000000000003e+01, 0., -7.8647299999999998e+00,
    6.1500000000000000e+01, 0., -7.8211700000000004e+00,
    6.1550000000000004e+01, 0., -7.7708899999999996e+00,
    6.1600000000000001e+01, 0., -7.7263299999999999e+00,
    6.1650000000000006e+01, 0., -7.6962099999999998e+00,
    6.1700000000000003e+01, 0., -7.6564199999999998e+00,
    6.1750000000000000e+01, 0., -7.6235400000000002e+00,
    6.1800000000000004e+01, 0., -7.5736800000000004e+00,
    6.1850000000000001e+01, 0., -7.5200399999999998e+00,
    6.1900000000000006e+01, 0., -7.4752799999999997e+00,
    6.1950000000000003e+01, 0., -7.4234499999999999e+00, 62., 0.,
    -7.3842499999999998e+00, 6.2050000000000004e+01, 0.,
    -7.3265700000000002e+00, 6.2100000000000001e+01, 0.,
    -7.2741899999999999e+00, 6.2150000000000006e+01, 0.,
    -7.2413499999999997e+00, 6.2200000000000003e+01, 0.,
    -7.1955000000000000e+00, 6.2250000000000000e+01, 0.,
    -7.1467200000000002e+00, 6.2300000000000004e+01, 0.,
    -7.1083200000000000e+00, 6.2350000000000001e+01, 0.,
    -7.0578399999999997e+00, 6.2400000000000006e+01, 0.,
    -7.0144799999999998e+00, 6.2450000000000003e+01, 0.,
    -6.9520499999999998e+00, 6.2500000000000000e+01, 0.,
    -6.8882000000000003e+00, 6.2550000000000004e+01, 0.,
    -6.8498000000000001e+00, 6.2600000000000001e+01, 0.,
    -6.8090000000000002e+00, 6.2650000000000006e+01, 0.,
    -6.7851200000000000e+00, 6.2700000000000003e+01, 0.,
    -6.7493200000000000e+00, 6.2750000000000000e+01, 0.,
    -6.7118900000000004e+00, 6.2800000000000004e+01, 0.,
    -6.6816500000000003e+00, 6.2850000000000001e+01, 0.,
    -6.6393399999999998e+00, 6.2900000000000006e+01, 0.,
    -6.6031000000000004e+00, 6.2950000000000003e+01, 0.,
    -6.5474300000000003e+00, 63., 0., -6.4863099999999996e+00,
    6.3050000000000004e+01, 0., -6.4282700000000004e+00,
    6.3100000000000001e+01, 0., -6.3710199999999997e+00,
    6.3150000000000006e+01, 0., -6.3334200000000003e+00,
    6.3200000000000003e+01, 0., -6.2897499999999997e+00,
    6.3250000000000000e+01, 0., -6.2491000000000003e+00,
    6.3300000000000004e+01, 0., -6.2192200000000000e+00,
    6.3350000000000001e+01, 0., -6.1745000000000001e+00,
    6.3400000000000006e+01, 0., -6.1348200000000004e+00,
    6.3450000000000003e+01, 0., -6.0604100000000001e+00,
    6.3500000000000000e+01, 0., -5.9922100000000000e+00,
    6.3550000000000004e+01, 0., -5.9525699999999997e+00,
    6.3600000000000001e+01, 0., -5.9046700000000003e+00,
    6.3650000000000006e+01, 0., -5.8608900000000004e+00,
    6.3700000000000003e+01, 0., -5.8352100000000000e+00,
    6.3750000000000000e+01, 0., -5.7980499999999999e+00,
    6.3800000000000004e+01, 0., -5.7623300000000004e+00,
    6.3850000000000001e+01, 0., -5.7075600000000000e+00,
    6.3900000000000006e+01, 0., -5.6510800000000003e+00,
    6.3950000000000003e+01, 0., -5.6087600000000002e+00, 64., 0.,
    -5.5527499999999996e+00, 6.4049999999999997e+01, 0.,
    -5.5043499999999996e+00, 6.4100000000000009e+01, 0.,
    -5.4589299999999996e+00, 6.4150000000000006e+01, 0.,
    -5.4141500000000002e+00, 6.4200000000000003e+01, 0.,
    -5.3681900000000002e+00, 6.4250000000000000e+01, 0.,
    -5.3077699999999997e+00, 6.4299999999999997e+01, 0.,
    -5.2578500000000004e+00, 6.4350000000000009e+01, 0.,
    -5.1974600000000004e+00, 6.4400000000000006e+01, 0.,
    -5.1322099999999997e+00, 6.4450000000000003e+01, 0.,
    -5.0625700000000000e+00, 6.4500000000000000e+01, 0.,
    -5.0337399999999999e+00, 6.4549999999999997e+01, 0.,
    -5.0333600000000001e+00, 6.4600000000000009e+01, 0.,
    -5.0001600000000002e+00, 6.4650000000000006e+01, 0.,
    -4.9550599999999996e+00, 6.4700000000000003e+01, 0.,
