%YAML:1.0
---
profile: [ 5.8700000000000003e+01, 0., -2.2449000000000002e+01,
    5.8750000000000000e+01, 0., -2.2430759999999999e+01,
    5.8800000000000004e+01, 0., -2.2398070000000001e+01,
    5.8850000000000001e+01, 0., -2.2366710000000001e+01,
    5.8900000000000006e+01, 0., -2.2300529999999998e+01,
    5.8950000000000003e+01, 0., -2.2222420000000000e+01, 59., 0.,
    -2.2143339999999998e+01, 5.9050000000000004e+01, 0.,
    -2.2045100000000001e+01, 5.9100000000000001e+01, 0.,
    -2.1967340000000000e+01, 5.9150000000000006e+01, 0.,
    -2.1872140000000002e+01, 5.9200000000000003e+01, 0.,
    -2.1798500000000001e+01, 5.9250000000000000e+01, 0.,
    -2.1709450000000000e+01, 5.9300000000000004e+01, 0.,
    -2.1639810000000001e+01, 5.9350000000000001e+01, 0.,
    -2.1564930000000000e+01, 5.9400000000000006e+01, 0.,
    -2.1496020000000001e+01, 5.9450000000000003e+01, 0.,
    -2.1450180000000000e+01, 5.9500000000000000e+01, 0.,
    -2.1390960000000000e+01, 5.9550000000000004e+01, 0.,
    -2.1341320000000000e+01, 5.9600000000000001e+01, 0.,
    -2.1280349999999999e+01, 5.9650000000000006e+01, 0.,
    -2.1232230000000001e+01, 5.9700000000000003e+01, 0.,
    -2.1161829999999998e+01, 5.9750000000000000e+01, 0.,
    -2.1100110000000001e+01, 5.9800000000000004e+01, 0.,
    -2.1019939999999998e+01, 5.9850000000000001e+01, 0.,
    -2.0941150000000000e+01, 5.9900000000000006e+01, 0.,
    -2.0884910000000001e+01, 5.9950000000000003e+01, 0.,
    -2.0808140000000002e+01, 60., 0., -2.0739020000000000e+01,
    6.0050000000000004e+01, 0., -2.0661180000000002e+01,
    6.0100000000000001e+01, 0., -2.0603539999999999e+01,
    6.0150000000000006e+01, 0., -2.0539880000000000e+01,
    6.0200000000000003e+01, 0., -2.0476009999999999e+01,
    6.0250000000000000e+01, 0., -2.0417729999999999e+01,
    6.0300000000000004e+01, 0., -2.0341640000000002e+01,
    6.0350000000000001e+01, 0., -2.0277000000000001e+01,
    6.0400000000000006e+01, 0., -2.0190610000000000e+01,
    6.0450000000000003e+01, 0., -2.0114930000000001e+01,
    6.0500000000000000e+01, 0., -2.0027760000000001e+01,
    6.0550000000000004e+01, 0., -1.9962000000000000e+01,
    6.0600000000000001e+01, 0., -1.9892579999999999e+01,
    6.0650000000000006e+01, 0., -1.9824529999999999e+01,
    6.0700000000000003e+01, 0., -1.9764089999999999e+01,
    6.0750000000000000e+01, 0., -1.9689150000000001e+01,
    6.0800000000000004e+01, 0., -1.9630030000000001e+01,
    6.0850000000000001e+01, 0., -1.9555489999999999e+01,
    6.0900000000000006e+01, 0., -1.9495090000000001e+01,
    6.0950000000000003e+01, 0., -1.9415630000000000e+01, 61., 0.,
    -1.9349989999999998e+01, 6.1050000000000004e+01, 0.,
    -1.9268680000000000e+01, 6.1100000000000001e+01, 0.,
    -1.9188710000000000e+01, 6.1150000000000006e+01, 0.,
    -1.9128470000000000e+01, 6.1200000000000003e+01, 0.,
    -1.9047080000000001e+01, 6.1250000000000000e+01, 0.,
    -1.8974760000000000e+01, 6.1300000000000004e+01, 0.,
    -1.8883839999999999e+01, 6.1350000000000001e+01, 0.,
    -1.8810839999999999e+01, 6.1400000000000006e+01, 0.,
    -1.8740030000000001e+01, 6.1450000000000003e+01, 0.,
    -1.8672779999999999e+01, 6.1500000000000000e+01, 0.,
    -1.8614220000000000e+01, 6.1550000000000004e+01, 0.,
    -1.8543250000000000e+01, 6.1600000000000001e+01, 0.,
    -1.8489249999999998e+01, 6.1650000000000006e+01, 0.,
    -1.8415489999999998e+01, 6.1700000000000003e+01, 0.,
    -1.8353210000000001e+01, 6.1750000000000000e+01, 0.,
    -1.8270340000000001e+01, 6.1800000000000004e+01, 0.,
    -1.8203060000000001e+01, 6.1850000000000001e+01, 0.,
    -1.8115069999999999e+01, 6.1900000000000006e+01, 0.,
    -1.8027999999999999e+01, 6.1950000000000003e+01, 0.,
    -1.7964400000000001e+01, 62., 0., -1.7884139999999999e+01,
    6.2050000000000004e+01, 0., -1.7819140000000001e+01,
    6.2100000000000001e+01, 0., -1.7741209999999999e+01,
    6.2150000000000006e+01, 0., -1.7680730000000001e+01,
    6.2200000000000003e+01, 0., -1.7611789999999999e+01,
    6.2250000000000000e+01, 0., -1.7544380000000000e+01,
    6.2300000000000004e+01, 0., -1.7489899999999999e+01,
    6.2350000000000001e+01, 0., -1.7424060000000001e+01,
    6.2400000000000006e+01, 0., -1.7374099999999999e+01,
    6.2450000000000003e+01, 0., -1.7306030000000000e+01,
    6.2500000000000000e+01, 0., -1.7248629999999999e+01,
    6.2550000000000004e+01, 0., -1.7169499999999999e+01,
    6.2600000000000001e+01, 0., -1.7088159999999998e+01,
    6.2650000000000006e+01, 0., -1.7021920000000001e+01,
    6.2700000000000003e+01, 0., -1.6936969999999999e+01,
    6.2750000000000000e+01, 0., -1.6866450000000000e+01,
    6.2800000000000004e+01, 0., -1.6782789999999999e+01,
    6.2850000000000001e+01, 0., -1.6718309999999999e+01,
    6.2900000000000006e+01, 0., -1.6653949999999998e+01,
    6.2950000000000003e+01, 0., -1.6590550000000000e+01, 63., 0.,
    -1.6529869999999999e+01, 6.3050000000000004e+01, 0.,
    -1.6443570000000001e+01, 6.3100000000000001e+01, 0.,
    -1.6362130000000001e+01, 6.3150000000000006e+01, 0.,
    -1.6264209999999999e+01, 6.3200000000000003e+01, 0.,
    -1.6188009999999998e+01, 6.3250000000000000e+01, 0.,
    -1.6115649999999999e+01, 6.3300000000000004e+01, 0.,
    -1.6047400000000000e+01, 6.3350000000000001e+01, 0.,
    -1.5987560000000000e+01, 6.3400000000000006e+01, 0.,
    -1.5919340000000000e+01, 6.3450000000000003e+01, 0.,
    -1.5872740000000000e+01, 6.3500000000000000e+01, 0.,
    -1.5808990000000000e+01, 6.3550000000000004e+01, 0.,
    -1.5755070000000000e+01, 6.3600000000000001e+01, 0.,
    -1.5689069999999999e+01, 6.3650000000000006e+01, 0.,
    -1.5620889999999999e+01, 6.3700000000000003e+01, 0.,
    -1.5558130000000000e+01, 6.3750000000000000e+01, 0.,
    -1.5476749999999999e+01, 6.3800000000000004e+01, 0.,
    -1.5408149999999999e+01, 6.3850000000000001e+01, 0.,
    -1.5324040000000000e+01, 6.3900000000000006e+01, 0.,
    -1.5257720000000001e+01, 6.3950000000000003e+01, 0.,
    -1.5177720000000001e+01, 64., 0., -1.5099420000000000e+01,
    6.4049999999999997e+01, 0., -1.5039780000000000e+01,
    6.4100000000000009e+01, 0., -1.4963889999999999e+01,
    6.4150000000000006e+01, 0., -1.4901650000000000e+01,
    6.4200000000000003e+01, 0., -1.4825730000000000e+01,
    6.4250000000000000e+01, 0., -1.4749020000000000e+01,
    6.4299999999999997e+01, 0., -1.4683619999999999e+01,
    6.4350000000000009e+01, 0., -1.4600730000000000e+01,
    6.4400000000000006e+01, 0., -1.4533170000000000e+01,
    6.4450000000000003e+01, 0., -1.4448219999999999e+01,
    6.4500000000000000e+01, 0., -1.4380020000000000e+01,
    6.4549999999999997e+01, 0., -1.4296230000000000e+01,
    6.4600000000000009e+01, 0., -1.4218859999999999e+01,
    6.4650000000000006e+01, 0., -1.4176380000000000e+01,
    6.4700000000000003e+01, 0., -1.4120720000000000e+01,
    6.4750000000000000e+01, 0., -1.4073119999999999e+01,
    6.4799999999999997e+01, 0., -1.4012549999999999e+01,
    6.4850000000000009e+01, 0., -1.3963550000000000e+01,
    6.4900000000000006e+01, 0., -1.3877660000000001e+01,
    6.4950000000000003e+01, 0., -1.3780799999999999e+01, 65., 0.,
    -1.3697480000000001e+01, 6.5049999999999997e+01, 0.,
    -1.3598310000000000e+01, 6.5100000000000009e+01, 0.,
    -1.3521670000000000e+01, 6.5150000000000006e+01, 0.,
    -1.3450690000000000e+01, 6.5200000000000003e+01, 0.,
    -1.3385800000000000e+01, 6.5250000000000000e+01, 0.,
    -1.3333320000000001e+01, 6.5299999999999997e+01, 0.,
    -1.3269570000000000e+01, 6.5350000000000009e+01, 0.,
    -1.3220810000000000e+01, 6.5400000000000006e+01, 0.,
    -1.3144019999999999e+01, 6.5450000000000003e+01, 0.,
    -1.3074180000000000e+01, 6.5500000000000000e+01, 0.,
    -1.2986140000000001e+01, 6.5549999999999997e+01, 0.,
    -1.2897800000000000e+01, 6.5600000000000009e+01, 0.,
    -1.2826599999999999e+01, 6.5650000000000006e+01, 0.,
    -1.2747890000000000e+01, 6.5700000000000003e+01, 0.,
    -1.2697290000000001e+01, 6.5750000000000000e+01, 0.,
    -1.2632320000000000e+01, 6.5799999999999997e+01, 0.,
