%YAML:1.0
---
profile: [ 1.1020000000000000e+02, 0., -1.7451219999999999e+01,
    1.1025000000000000e+02, 0., -1.7424740000000000e+01,
    1.1030000000000001e+02, 0., -1.7372850000000000e+01,
    1.1035000000000001e+02, 0., -1.7295110000000001e+01,
    1.1040000000000001e+02, 0., -1.7185559999999999e+01,
    1.1045000000000000e+02, 0., -1.7097760000000001e+01,
    1.1050000000000000e+02, 0., -1.6985209999999999e+01,
    1.1055000000000001e+02, 0., -1.6879960000000001e+01,
    1.1060000000000001e+02, 0., -1.6806719999999999e+01,
    1.1065000000000001e+02, 0., -1.6696999999999999e+01,
    1.1070000000000000e+02, 0., -1.6583659999999998e+01,
    1.1075000000000000e+02, 0., -1.6469429999999999e+01,
    1.1080000000000001e+02, 0., -1.6373230000000000e+01,
    1.1085000000000001e+02, 0., -1.6275300000000001e+01,
    1.1090000000000001e+02, 0., -1.6167439999999999e+01,
    1.1095000000000000e+02, 0., -1.6036370000000002e+01, 111., 0.,
    -1.5931649999999999e+01, 1.1105000000000001e+02, 0.,
    -1.5789009999999999e+01, 1.1110000000000001e+02, 0.,
    -1.5717969999999999e+01, 1.1115000000000001e+02, 0.,
    -1.5700889999999999e+01, 1.1120000000000000e+02, 0.,
    -1.5598039999999999e+01, 1.1125000000000000e+02, 0.,
    -1.5496820000000000e+01, 1.1130000000000001e+02, 0.,
    -1.5410550000000001e+01, 1.1135000000000001e+02, 0.,
    -1.5342549999999999e+01, 1.1140000000000001e+02, 0.,
    -1.5256340000000000e+01, 1.1145000000000000e+02, 0.,
    -1.5156739999999999e+01, 1.1150000000000000e+02, 0.,
    -1.5030379999999999e+01, 1.1155000000000001e+02, 0.,
    -1.4906739999999999e+01, 1.1160000000000001e+02, 0.,
    -1.4757210000000001e+01, 1.1165000000000001e+02, 0.,
    -1.4637480000000000e+01, 1.1170000000000000e+02, 0.,
    -1.4534140000000001e+01, 1.1175000000000000e+02, 0.,
    -1.4443140000000000e+01, 1.1180000000000001e+02, 0.,
    -1.4321600000000000e+01, 1.1185000000000001e+02, 0.,
    -1.4213730000000000e+01, 1.1190000000000001e+02, 0.,
    -1.4111150000000000e+01, 1.1195000000000000e+02, 0.,
    -1.4012510000000001e+01, 112., 0., -1.3914230000000000e+01,
    1.1205000000000001e+02, 0., -1.3824859999999999e+01,
    1.1210000000000001e+02, 0., -1.3737590000000001e+01,
    1.1215000000000001e+02, 0., -1.3661590000000000e+01,
    1.1220000000000000e+02, 0., -1.3541110000000000e+01,
    1.1225000000000000e+02, 0., -1.3406150000000000e+01,
    1.1230000000000001e+02, 0., -1.3278309999999999e+01,
    1.1235000000000001e+02, 0., -1.3186990000000000e+01,
    1.1240000000000001e+02, 0., -1.3105060000000000e+01,
    1.1245000000000000e+02, 0., -1.3020960000000001e+01,
    1.1250000000000000e+02, 0., -1.2923539999999999e+01,
    1.1255000000000001e+02, 0., -1.2852100000000000e+01,
    1.1260000000000001e+02, 0., -1.2735049999999999e+01,
    1.1265000000000001e+02, 0., -1.2591340000000001e+01,
    1.1270000000000000e+02, 0., -1.2440930000000000e+01,
    1.1275000000000000e+02, 0., -1.2338450000000000e+01,
    1.1280000000000001e+02, 0., -1.2228719999999999e+01,
    1.1285000000000001e+02, 0., -1.2137020000000000e+01,
    1.1290000000000001e+02, 0., -1.2047459999999999e+01,
    1.1295000000000000e+02, 0., -1.1953900000000001e+01, 113., 0.,
    -1.1835129999999999e+01, 1.1305000000000001e+02, 0.,
    -1.1721959999999999e+01, 1.1310000000000001e+02, 0.,
    -1.1610820000000000e+01, 1.1315000000000001e+02, 0.,
    -1.1515779999999999e+01, 1.1320000000000000e+02, 0.,
    -1.1410390000000000e+01, 1.1325000000000000e+02, 0.,
    -1.1316549999999999e+01, 1.1330000000000001e+02, 0.,
    -1.1224959999999999e+01, 1.1335000000000001e+02, 0.,
    -1.1141560000000000e+01, 1.1340000000000001e+02, 0.,
    -1.1036330000000000e+01, 1.1345000000000000e+02, 0.,
    -1.0939330000000000e+01, 1.1350000000000000e+02, 0.,
    -1.0843340000000000e+01, 1.1355000000000001e+02, 0.,
    -1.0751540000000000e+01, 1.1360000000000001e+02, 0.,
    -1.0615790000000001e+01, 1.1365000000000001e+02, 0.,
    -1.0478470000000000e+01, 1.1370000000000000e+02, 0.,
    -1.0363630000000001e+01, 1.1375000000000000e+02, 0.,
    -1.0285950000000000e+01, 1.1380000000000001e+02, 0.,
    -1.0246630000000000e+01, 1.1385000000000001e+02, 0.,
    -1.0185290000000000e+01, 1.1390000000000001e+02, 0.,
    -1.0100890000000000e+01, 1.1395000000000000e+02, 0.,
    -9.9856900000000000e+00, 114., 0., -9.8341200000000004e+00,
    1.1405000000000001e+02, 0., -9.7028800000000004e+00,
    1.1410000000000001e+02, 0., -9.5987700000000000e+00,
    1.1415000000000001e+02, 0., -9.5065799999999996e+00,
    1.1420000000000000e+02, 0., -9.4116599999999995e+00,
    1.1425000000000000e+02, 0., -9.3009400000000007e+00,
    1.1430000000000001e+02, 0., -9.1859300000000008e+00,
    1.1435000000000001e+02, 0., -9.0625400000000003e+00,
    1.1440000000000001e+02, 0., -8.9669799999999995e+00,
    1.1445000000000000e+02, 0., -8.8503600000000002e+00,
    1.1450000000000000e+02, 0., -8.7302900000000001e+00,
    1.1455000000000001e+02, 0., -8.6089699999999993e+00,
    1.1460000000000001e+02, 0., -8.4988899999999994e+00,
    1.1465000000000001e+02, 0., -8.4398499999999999e+00,
    1.1470000000000000e+02, 0., -8.3537999999999997e+00,
    1.1475000000000000e+02, 0., -8.2534500000000008e+00,
    1.1480000000000001e+02, 0., -8.1449700000000007e+00,
    1.1485000000000001e+02, 0., -8.0612899999999996e+00,
    1.1490000000000001e+02, 0., -7.9472800000000001e+00,
    1.1495000000000000e+02, 0., -7.8392200000000001e+00, 115., 0.,
    -7.7342199999999997e+00, 1.1505000000000001e+02, 0.,
    -7.6424200000000004e+00, 1.1510000000000001e+02, 0.,
    -7.5221000000000000e+00, 1.1515000000000001e+02, 0.,
    -7.4222500000000000e+00, 1.1520000000000000e+02, 0.,
    -7.3262400000000003e+00, 1.1525000000000000e+02, 0.,
    -7.2133599999999998e+00, 1.1530000000000001e+02, 0.,
    -7.1208000000000000e+00, 1.1535000000000001e+02, 0.,
    -7.0297000000000001e+00, 1.1540000000000001e+02, 0.,
    -6.9389500000000002e+00, 1.1545000000000000e+02, 0.,
    -6.8337300000000001e+00, 1.1550000000000000e+02, 0.,
    -6.7309299999999999e+00, 1.1555000000000001e+02, 0.,
    -6.6071099999999996e+00, 1.1560000000000001e+02, 0.,
    -6.4755700000000003e+00, 1.1565000000000001e+02, 0.,
    -6.3409199999999997e+00, 1.1570000000000000e+02, 0.,
    -6.2131699999999999e+00, 1.1575000000000000e+02, 0.,
    -6.1193299999999997e+00, 1.1580000000000001e+02, 0.,
    -6.0122000000000000e+00, 1.1585000000000001e+02, 0.,
    -5.9083600000000001e+00, 1.1590000000000001e+02, 0.,
    -5.8022499999999999e+00, 1.1595000000000000e+02, 0.,
    -5.6918100000000003e+00, 116., 0., -5.6027699999999996e+00,
    1.1605000000000001e+02, 0., -5.5007799999999998e+00,
    1.1610000000000001e+02, 0., -5.4150400000000003e+00,
    1.1615000000000001e+02, 0., -5.3327900000000001e+00,
    1.1620000000000000e+02, 0., -5.2485099999999996e+00,
    1.1625000000000000e+02, 0., -5.1312300000000004e+00,
    1.1630000000000001e+02, 0., -5.0075799999999999e+00,
    1.1635000000000001e+02, 0., -4.8849499999999999e+00,
    1.1640000000000001e+02, 0., -4.7718499999999997e+00,
    1.1645000000000000e+02, 0., -4.6961300000000001e+00,
    1.1650000000000000e+02, 0., -4.6016300000000001e+00,
    1.1655000000000001e+02, 0., -4.4996799999999997e+00,
    1.1660000000000001e+02, 0., -4.3817599999999999e+00,
    1.1665000000000001e+02, 0., -4.2535999999999996e+00,
    1.1670000000000000e+02, 0., -4.1708800000000004e+00,
    1.1675000000000000e+02, 0., -4.0612500000000002e+00,
    1.1680000000000001e+02, 0., -3.9480800000000000e+00,
    1.1685000000000001e+02, 0., -3.8322300000000000e+00,
    1.1690000000000001e+02, 0., -3.7163900000000001e+00,
    1.1695000000000000e+02, 0., -3.6302699999999999e+00, 117., 0.,
    -3.5245799999999998e+00, 1.1705000000000001e+02, 0.,
    -3.4235600000000002e+00, 1.1710000000000001e+02, 0.,
    -3.3252400000000000e+00, 1.1715000000000001e+02, 0.,
    -3.2244299999999999e+00, 1.1720000000000000e+02, 0.,
    -3.1358700000000002e+00, 1.1725000000000000e+02, 0.,
