%YAML:1.0
---
profile: [ 8.4800000000000011e+01, 0., -7.1747699999999996e+00,
    8.4850000000000009e+01, 0., -7.1363300000000001e+00,
    8.4900000000000006e+01, 0., -7.1154200000000003e+00,
    8.4950000000000003e+01, 0., -7.0956599999999996e+00, 85., 0.,
    -7.0731799999999998e+00, 8.5050000000000011e+01, 0.,
    -7.0450200000000001e+00, 8.5100000000000009e+01, 0.,
    -7.0119199999999999e+00, 8.5150000000000006e+01, 0.,
    -6.9695600000000004e+00, 8.5200000000000003e+01, 0.,
    -6.9231299999999996e+00, 8.5250000000000000e+01, 0.,
    -6.8776200000000003e+00, 8.5300000000000011e+01, 0.,
    -6.8303399999999996e+00, 8.5350000000000009e+01, 0.,
    -6.7773599999999998e+00, 8.5400000000000006e+01, 0.,
    -6.7382400000000002e+00, 8.5450000000000003e+01, 0.,
    -6.6811900000000000e+00, 8.5500000000000000e+01, 0.,
    -6.6289999999999996e+00, 8.5550000000000011e+01, 0.,
    -6.5955599999999999e+00, 8.5600000000000009e+01, 0.,
    -6.5551199999999996e+00, 8.5650000000000006e+01, 0.,
    -6.5095099999999997e+00, 8.5700000000000003e+01, 0.,
    -6.4663500000000003e+00, 8.5750000000000000e+01, 0.,
    -6.4181999999999997e+00, 8.5800000000000011e+01, 0.,
    -6.3768900000000004e+00, 8.5850000000000009e+01, 0.,
    -6.3503299999999996e+00, 8.5900000000000006e+01, 0.,
    -6.3089000000000004e+00, 8.5950000000000003e+01, 0.,
    -6.2626400000000002e+00, 86., 0., -6.2276800000000003e+00,
    8.6050000000000011e+01, 0., -6.1886200000000002e+00,
    8.6100000000000009e+01, 0., -6.1518600000000001e+00,
    8.6150000000000006e+01, 0., -6.1199399999999997e+00,
    8.6200000000000003e+01, 0., -6.0800700000000001e+00,
    8.6250000000000000e+01, 0., -6.0408799999999996e+00,
    8.6300000000000011e+01, 0., -6.0115999999999996e+00,
    8.6350000000000009e+01, 0., -5.9760999999999997e+00,
    8.6400000000000006e+01, 0., -5.9490600000000002e+00,
    8.6450000000000003e+01, 0., -5.9168000000000003e+00,
    8.6500000000000000e+01, 0., -5.8781800000000004e+00,
    8.6550000000000011e+01, 0., -5.8392200000000001e+00,
    8.6600000000000009e+01, 0., -5.7921100000000001e+00,
    8.6650000000000006e+01, 0., -5.7442099999999998e+00,
    8.6700000000000003e+01, 0., -5.7044499999999996e+00,
    8.6750000000000000e+01, 0., -5.6380999999999997e+00,
    8.6800000000000011e+01, 0., -5.5818599999999998e+00,
    8.6850000000000009e+01, 0., -5.5540200000000004e+00,
    8.6900000000000006e+01, 0., -5.5061700000000000e+00,
    8.6950000000000003e+01, 0., -5.4555600000000002e+00, 87., 0.,
    -5.4341600000000003e+00, 8.7050000000000011e+01, 0.,
    -5.3853200000000001e+00, 8.7100000000000009e+01, 0.,
    -5.3271699999999997e+00, 8.7150000000000006e+01, 0.,
    -5.2978899999999998e+00, 8.7200000000000003e+01, 0.,
    -5.2725099999999996e+00, 8.7250000000000000e+01, 0.,
    -5.2427999999999999e+00, 8.7300000000000011e+01, 0.,
    -5.1810000000000000e+00, 8.7350000000000009e+01, 0.,
    -5.1334900000000001e+00, 8.7400000000000006e+01, 0.,
    -5.0956700000000001e+00, 8.7450000000000003e+01, 0.,
    -5.0331099999999998e+00, 8.7500000000000000e+01, 0.,
    -4.9743100000000000e+00, 8.7550000000000011e+01, 0.,
    -4.9376300000000004e+00, 8.7600000000000009e+01, 0.,
    -4.9062599999999996e+00, 8.7650000000000006e+01, 0.,
    -4.8658500000000000e+00, 8.7700000000000003e+01, 0.,
    -4.8183299999999996e+00, 8.7750000000000000e+01, 0.,
    -4.7653100000000004e+00, 8.7800000000000011e+01, 0.,
    -4.7150800000000004e+00, 8.7850000000000009e+01, 0.,
    -4.6763599999999999e+00, 8.7900000000000006e+01, 0.,
    -4.6270199999999999e+00, 8.7950000000000003e+01, 0.,
    -4.5763600000000002e+00, 88., 0., -4.5344800000000003e+00,
    8.8050000000000011e+01, 0., -4.4938799999999999e+00,
    8.8100000000000009e+01, 0., -4.4633799999999999e+00,
    8.8150000000000006e+01, 0., -4.4475800000000003e+00,
    8.8200000000000003e+01, 0., -4.4090600000000002e+00,
    8.8250000000000000e+01, 0., -4.3640800000000004e+00,
    8.8300000000000011e+01, 0., -4.3222399999999999e+00,
    8.8350000000000009e+01, 0., -4.2711399999999999e+00,
    8.8400000000000006e+01, 0., -4.2189100000000002e+00,
    8.8450000000000003e+01, 0., -4.1708699999999999e+00,
    8.8500000000000000e+01, 0., -4.1166999999999998e+00,
    8.8550000000000011e+01, 0., -4.0668300000000004e+00,
    8.8600000000000009e+01, 0., -4.0283100000000003e+00,
    8.8650000000000006e+01, 0., -3.9747699999999999e+00,
    8.8700000000000003e+01, 0., -3.9227900000000000e+00,
    8.8750000000000000e+01, 0., -3.8976299999999999e+00,
    8.8800000000000011e+01, 0., -3.8632399999999998e+00,
    8.8850000000000009e+01, 0., -3.8250999999999999e+00,
    8.8900000000000006e+01, 0., -3.7888999999999999e+00,
    8.8950000000000003e+01, 0., -3.7242400000000000e+00, 89., 0.,
    -3.6568800000000001e+00, 8.9050000000000011e+01, 0.,
    -3.6356799999999998e+00, 8.9100000000000009e+01, 0.,
    -3.5967899999999999e+00, 8.9150000000000006e+01, 0.,
    -3.5528100000000000e+00, 8.9200000000000003e+01, 0.,
    -3.5278100000000001e+00, 8.9250000000000000e+01, 0.,
    -3.4924300000000001e+00, 8.9300000000000011e+01, 0.,
    -3.4530799999999999e+00, 8.9350000000000009e+01, 0.,
    -3.4175599999999999e+00, 8.9400000000000006e+01, 0.,
    -3.3702100000000002e+00, 8.9450000000000003e+01, 0.,
    -3.3289300000000002e+00, 8.9500000000000000e+01, 0.,
    -3.2772600000000001e+00, 8.9550000000000011e+01, 0.,
    -3.2259899999999999e+00, 8.9600000000000009e+01, 0.,
    -3.1855099999999998e+00, 8.9650000000000006e+01, 0.,
    -3.1363799999999999e+00, 8.9700000000000003e+01, 0.,
    -3.0891999999999999e+00, 8.9750000000000000e+01, 0.,
    -3.0532800000000000e+00, 8.9800000000000011e+01, 0.,
    -3.0076499999999999e+00, 8.9850000000000009e+01, 0.,
    -2.9661400000000002e+00, 8.9900000000000006e+01, 0.,
    -2.9381400000000002e+00, 8.9950000000000003e+01, 0.,
    -2.9006099999999999e+00, 90., 0., -2.8539900000000000e+00,
    9.0050000000000011e+01, 0., -2.8065099999999998e+00,
    9.0100000000000009e+01, 0., -2.7830300000000001e+00,
    9.0150000000000006e+01, 0., -2.7465799999999998e+00,
    9.0200000000000003e+01, 0., -2.6911399999999999e+00,
    9.0250000000000000e+01, 0., -2.6314000000000002e+00,
    9.0300000000000011e+01, 0., -2.5836700000000001e+00,
    9.0350000000000009e+01, 0., -2.5571100000000002e+00,
    9.0400000000000006e+01, 0., -2.5014500000000002e+00,
    9.0450000000000003e+01, 0., -2.4604499999999998e+00,
    9.0500000000000000e+01, 0., -2.4519700000000002e+00,
    9.0550000000000011e+01, 0., -2.3929200000000002e+00,
    9.0600000000000009e+01, 0., -2.3425099999999999e+00,
    9.0650000000000006e+01, 0., -2.3270300000000002e+00,
    9.0700000000000003e+01, 0., -2.2734000000000001e+00,
    9.0750000000000000e+01, 0., -2.2240500000000001e+00,
    9.0800000000000011e+01, 0., -2.1999300000000002e+00,
    9.0850000000000009e+01, 0., -2.1511900000000002e+00,
    9.0900000000000006e+01, 0., -2.0997800000000000e+00,
    9.0950000000000003e+01, 0., -2.0610200000000001e+00, 91., 0.,
    -2.0155900000000000e+00, 9.1050000000000011e+01, 0.,
    -1.9690500000000000e+00, 9.1100000000000009e+01, 0.,
    -1.9295300000000000e+00, 9.1150000000000006e+01, 0.,
    -1.8793599999999999e+00, 9.1200000000000003e+01, 0.,
    -1.8363799999999999e+00, 9.1250000000000000e+01, 0.,
    -1.8108200000000001e+00, 9.1300000000000011e+01, 0.,
    -1.7463500000000001e+00, 9.1350000000000009e+01, 0.,
    -1.6931499999999999e+00, 9.1400000000000006e+01, 0.,
    -1.6739500000000000e+00, 9.1450000000000003e+01, 0.,
    -1.6444099999999999e+00, 9.1500000000000000e+01, 0.,
    -1.6037800000000000e+00, 9.1550000000000011e+01, 0.,
    -1.5597000000000001e+00, 9.1600000000000009e+01, 0.,
    -1.5279700000000001e+00, 9.1650000000000006e+01, 0.,
    -1.4915600000000000e+00, 9.1700000000000003e+01, 0.,
    -1.4498400000000000e+00, 9.1750000000000000e+01, 0.,
    -1.3953100000000001e+00, 9.1800000000000011e+01, 0.,
    -1.3349299999999999e+00, 9.1850000000000009e+01, 0.,
    -1.2802899999999999e+00, 9.1900000000000006e+01, 0.,
