%YAML:1.0
---
profile: [ 5.7650000000000006e+01, 0., -1.1410970000000001e+01,
    5.7700000000000003e+01, 0., -1.1389329999999999e+01,
    5.7750000000000000e+01, 0., -1.1361230000000001e+01,
    5.7800000000000004e+01, 0., -1.1338190000000001e+01,
    5.7850000000000001e+01, 0., -1.1292999999999999e+01,
    5.7900000000000006e+01, 0., -1.1246540000000000e+01,
    5.7950000000000003e+01, 0., -1.1212740000000000e+01, 58., 0.,
    -1.1171060000000001e+01, 5.8050000000000004e+01, 0.,
    -1.1138019999999999e+01, 5.8100000000000001e+01, 0.,
    -1.1091220000000000e+01, 5.8150000000000006e+01, 0.,
    -1.1043670000000001e+01, 5.8200000000000003e+01, 0.,
    -1.1006349999999999e+01, 5.8250000000000000e+01, 0.,
    -1.0949470000000000e+01, 5.8300000000000004e+01, 0.,
    -1.0898550000000000e+01, 5.8350000000000001e+01, 0.,
    -1.0838490000000000e+01, 5.8400000000000006e+01, 0.,
    -1.0781810000000000e+01, 5.8450000000000003e+01, 0.,
    -1.0744570000000000e+01, 5.8500000000000000e+01, 0.,
    -1.0700680000000000e+01, 5.8550000000000004e+01, 0.,
    -1.0668760000000001e+01, 5.8600000000000001e+01, 0.,
    -1.0631410000000001e+01, 5.8650000000000006e+01, 0.,
    -1.0591860000000000e+01, 5.8700000000000003e+01, 0.,
    -1.0551100000000000e+01, 5.8750000000000000e+01, 0.,
    -1.0498300000000000e+01, 5.8800000000000004e+01, 0.,
    -1.0453939999999999e+01, 5.8850000000000001e+01, 0.,
    -1.0391880000000000e+01, 5.8900000000000006e+01, 0.,
    -1.0329820000000000e+01, 5.8950000000000003e+01, 0.,
    -1.0294100000000000e+01, 59., 0., -1.0255190000000001e+01,
    5.9050000000000004e+01, 0., -1.0230950000000000e+01,
    5.9100000000000001e+01, 0., -1.0187650000000000e+01,
    5.9150000000000006e+01, 0., -1.0137000000000000e+01,
    5.9200000000000003e+01, 0., -1.0100680000000001e+01,
    5.9250000000000000e+01, 0., -1.0054560000000000e+01,
    5.9300000000000004e+01, 0., -1.0016840000000000e+01,
    5.9350000000000001e+01, 0., -9.9686199999999996e+00,
    5.9400000000000006e+01, 0., -9.9295000000000009e+00,
    5.9450000000000003e+01, 0., -9.8742199999999993e+00,
    5.9500000000000000e+01, 0., -9.8187300000000004e+00,
    5.9550000000000004e+01, 0., -9.7760899999999999e+00,
    5.9600000000000001e+01, 0., -9.7265599999999992e+00,
    5.9650000000000006e+01, 0., -9.6889599999999998e+00,
    5.9700000000000003e+01, 0., -9.6412300000000002e+00,
    5.9750000000000000e+01, 0., -9.5939800000000002e+00,
    5.9800000000000004e+01, 0., -9.5583799999999997e+00,
    5.9850000000000001e+01, 0., -9.5129199999999994e+00,
    5.9900000000000006e+01, 0., -9.4760799999999996e+00,
    5.9950000000000003e+01, 0., -9.4242600000000003e+00, 60., 0.,
    -9.3666699999999992e+00, 6.0050000000000004e+01, 0.,
    -9.3066300000000002e+00, 6.0100000000000001e+01, 0.,
    -9.2420000000000009e+00, 6.0150000000000006e+01, 0.,
    -9.1958800000000007e+00, 6.0200000000000003e+01, 0.,
    -9.1460600000000003e+00, 6.0250000000000000e+01, 0.,
    -9.0985300000000002e+00, 6.0300000000000004e+01, 0.,
    -9.0616500000000002e+00, 6.0350000000000001e+01, 0.,
    -9.0129400000000004e+00, 6.0400000000000006e+01, 0.,
    -8.9708600000000001e+00, 6.0450000000000003e+01, 0.,
    -8.9220600000000001e+00, 6.0500000000000000e+01, 0.,
    -8.8747900000000008e+00, 6.0550000000000004e+01, 0.,
    -8.8387100000000007e+00, 6.0600000000000001e+01, 0.,
    -8.7906300000000002e+00, 6.0650000000000006e+01, 0.,
    -8.7486300000000004e+00, 6.0700000000000003e+01, 0.,
    -8.7049199999999995e+00, 6.0750000000000000e+01, 0.,
    -8.6628900000000009e+00, 6.0800000000000004e+01, 0.,
    -8.6276100000000007e+00, 6.0850000000000001e+01, 0.,
    -8.5789200000000001e+00, 6.0900000000000006e+01, 0.,
    -8.5345999999999993e+00, 6.0950000000000003e+01, 0.,
    -8.4790299999999998e+00, 61., 0., -8.4225399999999997e+00,
    6.1050000000000004e+01, 0., -8.3745799999999999e+00,
    6.1100000000000001e+01, 0., -8.3156499999999998e+00,
    6.1150000000000006e+01, 0., -8.2697299999999991e+00,
    6.1200000000000003e+01, 0., -8.2201900000000006e+00,
    6.1250000000000000e+01, 0., -8.1731700000000007e+00,
    6.1300000000000004e+01, 0., -8.1372499999999999e+00,
    6.1350000000000001e+01, 0., -8.0869499999999999e+00,
    6.1400000000000006e+01, 0., -8.0402699999999996e+00,
    6.1450000000000003e+01, 0., -7.9877900000000004e+00,
    6.1500000000000000e+01, 0., -7.9388699999999996e+00,
    6.1550000000000004e+01, 0., -7.9065500000000002e+00,
    6.1600000000000001e+01, 0., -7.8634599999999999e+00,
    6.1650000000000006e+01, 0., -7.8257800000000000e+00,
    6.1700000000000003e+01, 0., -7.7798499999999997e+00,
    6.1750000000000000e+01, 0., -7.7309000000000001e+00,
    6.1800000000000004e+01, 0., -7.6810999999999998e+00,
    6.1850000000000001e+01, 0., -7.6161099999999999e+00,
    6.1900000000000006e+01, 0., -7.5608300000000002e+00,
    6.1950000000000003e+01, 0., -7.5028899999999998e+00, 62., 0.,
    -7.4505900000000000e+00, 6.2050000000000004e+01, 0.,
    -7.4177099999999996e+00, 6.2100000000000001e+01, 0.,
    -7.3766499999999997e+00, 6.2150000000000006e+01, 0.,
    -7.3438900000000000e+00, 6.2200000000000003e+01, 0.,
    -7.3064000000000000e+00, 6.2250000000000000e+01, 0.,
    -7.2678700000000003e+00, 6.2300000000000004e+01, 0.,
    -7.2310699999999999e+00, 6.2350000000000001e+01, 0.,
    -7.1816800000000001e+00, 6.2400000000000006e+01, 0.,
    -7.1403600000000003e+00, 6.2450000000000003e+01, 0.,
    -7.0754900000000003e+00, 6.2500000000000000e+01, 0.,
    -7.0068000000000001e+00, 6.2550000000000004e+01, 0.,
    -6.9501600000000003e+00, 6.2600000000000001e+01, 0.,
    -6.8972199999999999e+00, 6.2650000000000006e+01, 0.,
    -6.8644200000000000e+00, 6.2700000000000003e+01, 0.,
    -6.8261700000000003e+00, 6.2750000000000000e+01, 0.,
    -6.7902500000000003e+00, 6.2800000000000004e+01, 0.,
    -6.7665699999999998e+00, 6.2850000000000001e+01, 0.,
    -6.7314200000000000e+00, 6.2900000000000006e+01, 0.,
    -6.6909200000000002e+00, 6.2950000000000003e+01, 0.,
    -6.6532400000000003e+00, 63., 0., -6.5971399999999996e+00,
    6.3050000000000004e+01, 0., -6.5414599999999998e+00,
    6.3100000000000001e+01, 0., -6.4795900000000000e+00,
    6.3150000000000006e+01, 0., -6.4342699999999997e+00,
    6.3200000000000003e+01, 0., -6.3848099999999999e+00,
    6.3250000000000000e+01, 0., -6.3415800000000004e+00,
    6.3300000000000004e+01, 0., -6.3123399999999998e+00,
    6.3350000000000001e+01, 0., -6.2624700000000004e+00,
    6.3400000000000006e+01, 0., -6.2049000000000003e+00,
    6.3450000000000003e+01, 0., -6.1624200000000000e+00,
    6.3500000000000000e+01, 0., -6.1078500000000000e+00,
    6.3550000000000004e+01, 0., -6.0625299999999998e+00,
    6.3600000000000001e+01, 0., -6.0184699999999998e+00,
    6.3650000000000006e+01, 0., -5.9764099999999996e+00,
    6.3700000000000003e+01, 0., -5.9390900000000002e+00,
    6.3750000000000000e+01, 0., -5.8906400000000003e+00,
    6.3800000000000004e+01, 0., -5.8510000000000000e+00,
    6.3850000000000001e+01, 0., -5.8007999999999997e+00,
    6.3900000000000006e+01, 0., -5.7479600000000000e+00,
    6.3950000000000003e+01, 0., -5.6979199999999999e+00, 64., 0.,
    -5.6421599999999996e+00, 6.4049999999999997e+01, 0.,
    -5.6012000000000004e+00, 6.4100000000000009e+01, 0.,
    -5.5401499999999997e+00, 6.4150000000000006e+01, 0.,
    -5.4843500000000001e+00, 6.4200000000000003e+01, 0.,
    -5.4489900000000002e+00, 6.4250000000000000e+01, 0.,
    -5.4027500000000002e+00, 6.4299999999999997e+01, 0.,
    -5.3567299999999998e+00, 6.4350000000000009e+01, 0.,
    -5.3248100000000003e+00, 6.4400000000000006e+01, 0.,
    -5.2822500000000003e+00, 6.4450000000000003e+01, 0.,
    -5.2450500000000000e+00, 6.4500000000000000e+01, 0.,
    -5.1934399999999998e+00, 6.4549999999999997e+01, 0.,
    -5.1461899999999998e+00, 6.4600000000000009e+01, 0.,
    -5.1264300000000000e+00, 6.4650000000000006e+01, 0.,
    -5.0760399999999999e+00, 6.4700000000000003e+01, 0.,
    -5.0220399999999996e+00, 6.4750000000000000e+01, 0.,
