%YAML:1.0
---
profile: [ 5.0000000000000003e-02, 0., -1.5917600000000000e+01,
    1.0000000000000001e-01, 0., -1.5924659999999999e+01,
    1.5000000000000002e-01, 0., -1.5936380000000000e+01,
    2.0000000000000001e-01, 0., -1.5956120000000000e+01,
    2.5000000000000000e-01, 0., -1.5978780000000000e+01,
    3.0000000000000004e-01, 0., -1.5995419999999999e+01,
    3.5000000000000003e-01, 0., -1.6005980000000001e+01,
    4.0000000000000002e-01, 0., -1.6014469999999999e+01,
    4.5000000000000001e-01, 0., -1.6022790000000001e+01,
    5.0000000000000000e-01, 0., -1.6028140000000000e+01,
    5.5000000000000004e-01, 0., -1.6031369999999999e+01,
    6.0000000000000009e-01, 0., -1.6038010000000000e+01,
    6.5000000000000002e-01, 0., -1.6046309999999998e+01,
    7.0000000000000007e-01, 0., -1.6054659999999998e+01,
    7.5000000000000000e-01, 0., -1.6061260000000001e+01,
    8.0000000000000004e-01, 0., -1.6067270000000001e+01,
    8.5000000000000009e-01, 0., -1.6070830000000001e+01,
    9.0000000000000002e-01, 0., -1.6074980000000000e+01,
    9.5000000000000007e-01, 0., -1.6084499999999998e+01, 1., 0.,
    -1.6098739999999999e+01, 1.0500000000000000e+00, 0.,
    -1.6122460000000000e+01, 1.1000000000000001e+00, 0.,
    -1.6145420000000001e+01, 1.1500000000000001e+00, 0.,
    -1.6164790000000000e+01, 1.2000000000000002e+00, 0.,
    -1.6179870000000001e+01, 1.2500000000000000e+00, 0.,
    -1.6191189999999999e+01, 1.3000000000000000e+00, 0.,
    -1.6196230000000000e+01, 1.3500000000000001e+00, 0.,
    -1.6209830000000000e+01, 1.4000000000000001e+00, 0.,
    -1.6227380000000000e+01, 1.4500000000000002e+00, 0.,
    -1.6247380000000000e+01, 1.5000000000000000e+00, 0.,
    -1.6260739999999998e+01, 1.5500000000000000e+00, 0.,
    -1.6273029999999999e+01, 1.6000000000000001e+00, 0.,
    -1.6281060000000000e+01, 1.6500000000000001e+00, 0.,
    -1.6283140000000000e+01, 1.7000000000000002e+00, 0.,
    -1.6289300000000001e+01, 1.7500000000000000e+00, 0.,
    -1.6298459999999999e+01, 1.8000000000000000e+00, 0.,
    -1.6311640000000001e+01, 1.8500000000000001e+00, 0.,
    -1.6325209999999998e+01, 1.9000000000000001e+00, 0.,
    -1.6336050000000000e+01, 1.9500000000000002e+00, 0.,
    -1.6346229999999998e+01, 2., 0., -1.6356839999999998e+01,
    2.0500000000000003e+00, 0., -1.6366800000000001e+01,
    2.1000000000000001e+00, 0., -1.6375050000000002e+01,
    2.1499999999999999e+00, 0., -1.6388140000000000e+01,
    2.2000000000000002e+00, 0., -1.6405619999999999e+01,
    2.2500000000000000e+00, 0., -1.6423390000000001e+01,
    2.3000000000000003e+00, 0., -1.6439750000000000e+01,
    2.3500000000000001e+00, 0., -1.6452269999999999e+01,
    2.4000000000000004e+00, 0., -1.6461160000000000e+01,
    2.4500000000000002e+00, 0., -1.6470910000000000e+01,
    2.5000000000000000e+00, 0., -1.6481750000000002e+01,
    2.5500000000000003e+00, 0., -1.6506340000000002e+01,
    2.6000000000000001e+00, 0., -1.6526060000000001e+01,
    2.6500000000000004e+00, 0., -1.6532660000000000e+01,
    2.7000000000000002e+00, 0., -1.6540929999999999e+01,
    2.7500000000000000e+00, 0., -1.6547950000000000e+01,
    2.8000000000000003e+00, 0., -1.6551990000000000e+01,
    2.8500000000000001e+00, 0., -1.6552879999999998e+01,
    2.9000000000000004e+00, 0., -1.6552029999999998e+01,
    2.9500000000000002e+00, 0., -1.6549350000000000e+01, 3., 0.,
    -1.6542850000000001e+01, 3.0500000000000003e+00, 0.,
    -1.6536049999999999e+01, 3.1000000000000001e+00, 0.,
    -1.6532000000000000e+01, 3.1500000000000004e+00, 0.,
    -1.6530930000000001e+01, 3.2000000000000002e+00, 0.,
    -1.6535889999999998e+01, 3.2500000000000000e+00, 0.,
    -1.6556719999999999e+01, 3.3000000000000003e+00, 0.,
    -1.6587750000000000e+01, 3.3500000000000001e+00, 0.,
    -1.6613109999999999e+01, 3.4000000000000004e+00, 0.,
    -1.6637190000000000e+01, 3.4500000000000002e+00, 0.,
    -1.6653400000000001e+01, 3.5000000000000000e+00, 0.,
    -1.6659240000000000e+01, 3.5500000000000003e+00, 0.,
    -1.6665690000000001e+01, 3.6000000000000001e+00, 0.,
    -1.6672779999999999e+01, 3.6500000000000004e+00, 0.,
    -1.6679420000000000e+01, 3.7000000000000002e+00, 0.,
    -1.6688400000000001e+01, 3.7500000000000000e+00, 0.,
    -1.6698689999999999e+01, 3.8000000000000003e+00, 0.,
    -1.6710410000000000e+01, 3.8500000000000001e+00, 0.,
    -1.6740520000000000e+01, 3.9000000000000004e+00, 0.,
    -1.6774429999999999e+01, 3.9500000000000002e+00, 0.,
    -1.6793790000000001e+01, 4., 0., -1.6803570000000001e+01,
    4.0499999999999998e+00, 0., -1.6809300000000000e+01,
    4.1000000000000005e+00, 0., -1.6813340000000000e+01,
    4.1500000000000004e+00, 0., -1.6817170000000001e+01,
    4.2000000000000002e+00, 0., -1.6823160000000001e+01,
    4.2500000000000000e+00, 0., -1.6835680000000000e+01,
    4.2999999999999998e+00, 0., -1.6855910000000002e+01,
    4.3500000000000005e+00, 0., -1.6876180000000002e+01,
    4.4000000000000004e+00, 0., -1.6888700000000000e+01,
    4.4500000000000002e+00, 0., -1.6896899999999999e+01,
    4.5000000000000000e+00, 0., -1.6902539999999998e+01,
    4.5499999999999998e+00, 0., -1.6904859999999999e+01,
    4.6000000000000005e+00, 0., -1.6904610000000002e+01,
    4.6500000000000004e+00, 0., -1.6904570000000000e+01,
    4.7000000000000002e+00, 0., -1.6911809999999999e+01,
    4.7500000000000000e+00, 0., -1.6923539999999999e+01,
    4.8000000000000007e+00, 0., -1.6936100000000000e+01,
    4.8500000000000005e+00, 0., -1.6958790000000000e+01,
    4.9000000000000004e+00, 0., -1.6973490000000002e+01,
    4.9500000000000002e+00, 0., -1.6980010000000000e+01, 5., 0.,
    -1.6989989999999999e+01, 5.0500000000000007e+00, 0.,
    -1.6999580000000002e+01, 5.1000000000000005e+00, 0.,
    -1.7006180000000001e+01, 5.1500000000000004e+00, 0.,
    -1.7017880000000002e+01, 5.2000000000000002e+00, 0.,
    -1.7030850000000001e+01, 5.2500000000000000e+00, 0.,
    -1.7041730000000001e+01, 5.3000000000000007e+00, 0.,
    -1.7063009999999998e+01, 5.3500000000000005e+00, 0.,
    -1.7079799999999999e+01, 5.4000000000000004e+00, 0.,
    -1.7085560000000001e+01, 5.4500000000000002e+00, 0.,
    -1.7093660000000000e+01, 5.5000000000000000e+00, 0.,
    -1.7101939999999999e+01, 5.5500000000000007e+00, 0.,
    -1.7108580000000000e+01, 5.6000000000000005e+00, 0.,
    -1.7116840000000000e+01, 5.6500000000000004e+00, 0.,
    -1.7124690000000001e+01, 5.7000000000000002e+00, 0.,
    -1.7129610000000000e+01, 5.7500000000000000e+00, 0.,
    -1.7136450000000000e+01, 5.8000000000000007e+00, 0.,
    -1.7146059999999999e+01, 5.8500000000000005e+00, 0.,
    -1.7161220000000000e+01, 5.9000000000000004e+00, 0.,
    -1.7184030000000000e+01, 5.9500000000000002e+00, 0.,
    -1.7208269999999999e+01, 6., 0., -1.7224270000000001e+01,
    6.0500000000000007e+00, 0., -1.7237900000000000e+01,
    6.1000000000000005e+00, 0., -1.7246400000000001e+01,
    6.1500000000000004e+00, 0., -1.7250440000000001e+01,
    6.2000000000000002e+00, 0., -1.7256160000000001e+01,
    6.2500000000000000e+00, 0., -1.7262570000000000e+01,
    6.3000000000000007e+00, 0., -1.7268370000000001e+01,
    6.3500000000000005e+00, 0., -1.7273949999999999e+01,
    6.4000000000000004e+00, 0., -1.7276309999999999e+01,
    6.4500000000000002e+00, 0., -1.7292059999999999e+01,
    6.5000000000000000e+00, 0., -1.7311499999999999e+01,
    6.5500000000000007e+00, 0., -1.7327539999999999e+01,
    6.6000000000000005e+00, 0., -1.7360170000000000e+01,
    6.6500000000000004e+00, 0., -1.7381070000000001e+01,
    6.7000000000000002e+00, 0., -1.7389830000000000e+01,
    6.7500000000000000e+00, 0., -1.7427630000000001e+01,
    6.8000000000000007e+00, 0., -1.7438050000000000e+01,
    6.8500000000000005e+00, 0., -1.7428210000000000e+01,
    6.9000000000000004e+00, 0., -1.7427260000000000e+01,
    6.9500000000000002e+00, 0., -1.7436450000000001e+01, 7., 0.,
    -1.7452529999999999e+01, 7.0500000000000007e+00, 0.,
    -1.7444510000000001e+01, 7.1000000000000005e+00, 0.,
    -1.7433879999999998e+01, 7.1500000000000004e+00, 0.,
