%YAML:1.0
---
profile: [ 8.6650000000000006e+01, 0., -4.8412899999999999e+00,
    8.6700000000000003e+01, 0., -4.8128000000000002e+00,
    8.6750000000000000e+01, 0., -4.7717599999999996e+00,
    8.6800000000000011e+01, 0., -4.7273699999999996e+00,
    8.6850000000000009e+01, 0., -4.6956100000000003e+00,
    8.6900000000000006e+01, 0., -4.6458000000000004e+00,
    8.6950000000000003e+01, 0., -4.5966500000000003e+00, 87., 0.,
    -4.5611699999999997e+00, 8.7050000000000011e+01, 0.,
    -4.4939400000000003e+00, 8.7100000000000009e+01, 0.,
    -4.4261200000000001e+00, 8.7150000000000006e+01, 0.,
    -4.3780799999999997e+00, 8.7200000000000003e+01, 0.,
    -4.3148299999999997e+00, 8.7250000000000000e+01, 0.,
    -4.2500700000000000e+00, 8.7300000000000011e+01, 0.,
    -4.1973500000000001e+00, 8.7350000000000009e+01, 0.,
    -4.1423699999999997e+00, 8.7400000000000006e+01, 0.,
    -4.0870499999999996e+00, 8.7450000000000003e+01, 0.,
    -4.0390499999999996e+00, 8.7500000000000000e+01, 0.,
    -3.9710999999999999e+00, 8.7550000000000011e+01, 0.,
    -3.9020199999999998e+00, 8.7600000000000009e+01, 0.,
    -3.8477399999999999e+00, 8.7650000000000006e+01, 0.,
    -3.7704399999999998e+00, 8.7700000000000003e+01, 0.,
    -3.6970600000000000e+00, 8.7750000000000000e+01, 0.,
    -3.6459800000000002e+00, 8.7800000000000011e+01, 0.,
    -3.5836100000000002e+00, 8.7850000000000009e+01, 0.,
    -3.5299200000000002e+00, 8.7900000000000006e+01, 0.,
    -3.4969199999999998e+00, 8.7950000000000003e+01, 0.,
    -3.4474100000000001e+00, 88., 0., -3.3922200000000000e+00,
    8.8050000000000011e+01, 0., -3.3475400000000000e+00,
    8.8100000000000009e+01, 0., -3.2869700000000002e+00,
    8.8150000000000006e+01, 0., -3.2242600000000001e+00,
    8.8200000000000003e+01, 0., -3.1772999999999998e+00,
    8.8250000000000000e+01, 0., -3.1121500000000002e+00,
    8.8300000000000011e+01, 0., -3.0460099999999999e+00,
    8.8350000000000009e+01, 0., -3.0038100000000001e+00,
    8.8400000000000006e+01, 0., -2.9545699999999999e+00,
    8.8450000000000003e+01, 0., -2.9024000000000001e+00,
    8.8500000000000000e+01, 0., -2.8438400000000001e+00,
    8.8550000000000011e+01, 0., -2.7636099999999999e+00,
    8.8600000000000009e+01, 0., -2.6838199999999999e+00,
    8.8650000000000006e+01, 0., -2.6362600000000000e+00,
    8.8700000000000003e+01, 0., -2.5657000000000001e+00,
    8.8750000000000000e+01, 0., -2.4945700000000000e+00,
    8.8800000000000011e+01, 0., -2.4595300000000000e+00,
    8.8850000000000009e+01, 0., -2.4144999999999999e+00,
    8.8900000000000006e+01, 0., -2.3595799999999998e+00,
    8.8950000000000003e+01, 0., -2.2864599999999999e+00, 89., 0.,
    -2.2090600000000000e+00, 8.9050000000000011e+01, 0.,
    -2.1356500000000000e+00, 8.9100000000000009e+01, 0.,
    -2.0596100000000002e+00, 8.9150000000000006e+01, 0.,
    -1.9901400000000000e+00, 8.9200000000000003e+01, 0.,
    -1.9346900000000000e+00, 8.9250000000000000e+01, 0.,
    -1.8804900000000000e+00, 8.9300000000000011e+01, 0.,
    -1.8138900000000000e+00, 8.9350000000000009e+01, 0.,
    -1.7490399999999999e+00, 8.9400000000000006e+01, 0.,
    -1.7003600000000001e+00, 8.9450000000000003e+01, 0.,
    -1.6493800000000001e+00, 8.9500000000000000e+01, 0.,
    -1.6055100000000000e+00, 8.9550000000000011e+01, 0.,
    -1.5723100000000001e+00, 8.9600000000000009e+01, 0.,
    -1.5244599999999999e+00, 8.9650000000000006e+01, 0.,
    -1.4691000000000001e+00, 8.9700000000000003e+01, 0.,
    -1.4142600000000001e+00, 8.9750000000000000e+01, 0.,
    -1.3515900000000001e+00, 8.9800000000000011e+01, 0.,
    -1.2879900000000000e+00, 8.9850000000000009e+01, 0.,
    -1.2216300000000000e+00, 8.9900000000000006e+01, 0.,
    -1.1607900000000000e+00, 8.9950000000000003e+01, 0.,
    -1.1014400000000000e+00, 90., 0., -1.0116400000000001e+00,
    9.0050000000000011e+01, 0., -9.5072999999999996e-01,
    9.0100000000000009e+01, 0., -9.0339000000000003e-01,
    9.0150000000000006e+01, 0., -8.6646999999999996e-01,
    9.0200000000000003e+01, 0., -7.8652000000000000e-01,
    9.0250000000000000e+01, 0., -7.1269000000000005e-01,
    9.0300000000000011e+01, 0., -6.7117000000000004e-01,
    9.0350000000000009e+01, 0., -6.0779000000000005e-01,
    9.0400000000000006e+01, 0., -5.4188000000000003e-01,
    9.0450000000000003e+01, 0., -4.8964000000000002e-01,
    9.0500000000000000e+01, 0., -4.3047000000000002e-01,
    9.0550000000000011e+01, 0., -3.7363000000000002e-01,
    9.0600000000000009e+01, 0., -3.2911000000000001e-01,
    9.0650000000000006e+01, 0., -2.7112000000000003e-01,
    9.0700000000000003e+01, 0., -2.0762000000000000e-01,
    9.0750000000000000e+01, 0., -1.5090000000000001e-01,
    9.0800000000000011e+01, 0., -8.6830000000000004e-02,
    9.0850000000000009e+01, 0., -3.2210000000000003e-02,
    9.0900000000000006e+01, 0., 2.2300000000000002e-03,
    9.0950000000000003e+01, 0., 7.5160000000000005e-02, 91., 0.,
    1.3886000000000001e-01, 9.1050000000000011e+01, 0.,
    1.9200000000000000e-01, 9.1100000000000009e+01, 0.,
    2.3635999999999999e-01, 9.1150000000000006e+01, 0.,
    2.9348999999999997e-01, 9.1200000000000003e+01, 0.,
    3.5652000000000000e-01, 9.1250000000000000e+01, 0.,
    4.2224000000000000e-01, 9.1300000000000011e+01, 0.,
    5.0778999999999996e-01, 9.1350000000000009e+01, 0.,
    5.8928000000000003e-01, 9.1400000000000006e+01, 0.,
    6.3424000000000003e-01, 9.1450000000000003e+01, 0.,
    6.8533999999999995e-01, 9.1500000000000000e+01, 0.,
    7.3414000000000001e-01, 9.1550000000000011e+01, 0.,
    7.7681999999999995e-01, 9.1600000000000009e+01, 0.,
    8.3531999999999995e-01, 9.1650000000000006e+01, 0.,
    9.0176000000000001e-01, 9.1700000000000003e+01, 0.,
    9.6931999999999996e-01, 9.1750000000000000e+01, 0.,
    1.0387299999999999e+00, 9.1800000000000011e+01, 0.,
    1.1013599999999999e+00, 9.1850000000000009e+01, 0.,
    1.1477599999999999e+00, 9.1900000000000006e+01, 0.,
    1.2088399999999999e+00, 9.1950000000000003e+01, 0.,
    1.2714000000000001e+00, 92., 0., 1.3223199999999999e+00,
    9.2050000000000011e+01, 0., 1.3844799999999999e+00,
    9.2100000000000009e+01, 0., 1.4435500000000001e+00,
    9.2150000000000006e+01, 0., 1.4875900000000000e+00,
    9.2200000000000003e+01, 0., 1.5499600000000000e+00,
    9.2250000000000000e+01, 0., 1.6126000000000000e+00,
    9.2300000000000011e+01, 0., 1.6757100000000000e+00,
    9.2350000000000009e+01, 0., 1.7309900000000000e+00,
    9.2400000000000006e+01, 0., 1.7995699999999999e+00,
    9.2450000000000003e+01, 0., 1.8669899999999999e+00,
    9.2500000000000000e+01, 0., 1.9184300000000001e+00,
    9.2550000000000011e+01, 0., 1.9764900000000001e+00,
    9.2600000000000009e+01, 0., 2.0337299999999998e+00,
    9.2650000000000006e+01, 0., 2.0901299999999998e+00,
    9.2700000000000003e+01, 0., 2.1480500000000000e+00,
    9.2750000000000000e+01, 0., 2.2028400000000001e+00,
    9.2800000000000011e+01, 0., 2.2465999999999999e+00,
    9.2850000000000009e+01, 0., 2.3065799999999999e+00,
    9.2900000000000006e+01, 0., 2.3698000000000001e+00,
    9.2950000000000003e+01, 0., 2.4225599999999998e+00, 93., 0.,
    2.4907900000000001e+00, 9.3050000000000011e+01, 0.,
    2.5641400000000001e+00, 9.3100000000000009e+01, 0.,
    2.6397499999999998e+00, 9.3150000000000006e+01, 0.,
    2.6856700000000000e+00, 9.3200000000000003e+01, 0.,
    2.7408100000000002e+00, 9.3250000000000000e+01, 0.,
    2.7953199999999998e+00, 9.3300000000000011e+01, 0.,
    2.8419599999999998e+00, 9.3350000000000009e+01, 0.,
    2.9058700000000002e+00, 9.3400000000000006e+01, 0.,
    2.9746500000000000e+00, 9.3450000000000003e+01, 0.,
    3.0334099999999999e+00, 9.3500000000000000e+01, 0.,
    3.1051199999999999e+00, 9.3550000000000011e+01, 0.,
    3.1757000000000000e+00, 9.3600000000000009e+01, 0.,
    3.2312599999999998e+00, 9.3650000000000006e+01, 0.,
    3.2991600000000001e+00, 9.3700000000000003e+01, 0.,
    3.3789699999999998e+00, 9.3750000000000000e+01, 0.,
    3.4666600000000001e+00, 9.3800000000000011e+01, 0.,
