%YAML:1.0
---
profile: [ 1.1060000000000001e+02, 0., -1.2003800000000000e+01,
    1.1065000000000001e+02, 0., -1.1950920000000000e+01,
    1.1070000000000000e+02, 0., -1.1920640000000001e+01,
    1.1075000000000000e+02, 0., -1.1910420000000000e+01,
    1.1080000000000001e+02, 0., -1.1889740000000000e+01,
    1.1085000000000001e+02, 0., -1.1834160000000001e+01,
    1.1090000000000001e+02, 0., -1.1748340000000001e+01,
    1.1095000000000000e+02, 0., -1.1646340000000000e+01, 111., 0.,
    -1.1554000000000000e+01, 1.1105000000000001e+02, 0.,
    -1.1465870000000001e+01, 1.1110000000000001e+02, 0.,
    -1.1374409999999999e+01, 1.1115000000000001e+02, 0.,
    -1.1312609999999999e+01, 1.1120000000000000e+02, 0.,
    -1.1227679999999999e+01, 1.1125000000000000e+02, 0.,
    -1.1136649999999999e+01, 1.1130000000000001e+02, 0.,
    -1.1062650000000000e+01, 1.1135000000000001e+02, 0.,
    -1.0947319999999999e+01, 1.1140000000000001e+02, 0.,
    -1.0832860000000000e+01, 1.1145000000000000e+02, 0.,
    -1.0738040000000000e+01, 1.1150000000000000e+02, 0.,
    -1.0680600000000000e+01, 1.1155000000000001e+02, 0.,
    -1.0595499999999999e+01, 1.1160000000000001e+02, 0.,
    -1.0515840000000001e+01, 1.1165000000000001e+02, 0.,
    -1.0433930000000000e+01, 1.1170000000000000e+02, 0.,
    -1.0342330000000000e+01, 1.1175000000000000e+02, 0.,
    -1.0253209999999999e+01, 1.1180000000000001e+02, 0.,
    -1.0168760000000001e+01, 1.1185000000000001e+02, 0.,
    -1.0081180000000000e+01, 1.1190000000000001e+02, 0.,
    -1.0009380000000000e+01, 1.1195000000000000e+02, 0.,
    -9.9027799999999999e+00, 112., 0., -9.7921600000000009e+00,
    1.1205000000000001e+02, 0., -9.6975700000000007e+00,
    1.1210000000000001e+02, 0., -9.6388900000000000e+00,
    1.1215000000000001e+02, 0., -9.5639400000000006e+00,
    1.1220000000000000e+02, 0., -9.4873799999999999e+00,
    1.1225000000000000e+02, 0., -9.4255399999999998e+00,
    1.1230000000000001e+02, 0., -9.3408099999999994e+00,
    1.1235000000000001e+02, 0., -9.2555599999999991e+00,
    1.1240000000000001e+02, 0., -9.1641999999999992e+00,
    1.1245000000000000e+02, 0., -9.0685599999999997e+00,
    1.1250000000000000e+02, 0., -8.9405999999999999e+00,
    1.1255000000000001e+02, 0., -8.8233599999999992e+00,
    1.1260000000000001e+02, 0., -8.7330500000000004e+00,
    1.1265000000000001e+02, 0., -8.6828500000000002e+00,
    1.1270000000000000e+02, 0., -8.6080100000000002e+00,
    1.1275000000000000e+02, 0., -8.5380299999999991e+00,
    1.1280000000000001e+02, 0., -8.4731100000000001e+00,
    1.1285000000000001e+02, 0., -8.4206299999999992e+00,
    1.1290000000000001e+02, 0., -8.3364100000000008e+00,
    1.1295000000000000e+02, 0., -8.2257200000000008e+00, 113., 0.,
    -8.0975199999999994e+00, 1.1305000000000001e+02, 0.,
    -8.0063200000000005e+00, 1.1310000000000001e+02, 0.,
    -7.9246600000000003e+00, 1.1315000000000001e+02, 0.,
    -7.8438400000000001e+00, 1.1320000000000000e+02, 0.,
    -7.7560700000000002e+00, 1.1325000000000000e+02, 0.,
    -7.6981099999999998e+00, 1.1330000000000001e+02, 0.,
    -7.6197999999999997e+00, 1.1335000000000001e+02, 0.,
    -7.5291600000000001e+00, 1.1340000000000001e+02, 0.,
    -7.4217100000000000e+00, 1.1345000000000000e+02, 0.,
    -7.3223099999999999e+00, 1.1350000000000000e+02, 0.,
    -7.2315899999999997e+00, 1.1355000000000001e+02, 0.,
    -7.1517400000000002e+00, 1.1360000000000001e+02, 0.,
    -7.0725300000000004e+00, 1.1365000000000001e+02, 0.,
    -6.9995300000000000e+00, 1.1370000000000000e+02, 0.,
    -6.9131999999999998e+00, 1.1375000000000000e+02, 0.,
    -6.8240999999999996e+00, 1.1380000000000001e+02, 0.,
    -6.7363200000000001e+00, 1.1385000000000001e+02, 0.,
    -6.6994800000000003e+00, 1.1390000000000001e+02, 0.,
    -6.6138300000000001e+00, 1.1395000000000000e+02, 0.,
    -6.5174599999999998e+00, 114., 0., -6.4591399999999997e+00,
    1.1405000000000001e+02, 0., -6.3589200000000003e+00,
    1.1410000000000001e+02, 0., -6.2504999999999997e+00,
    1.1415000000000001e+02, 0., -6.1586100000000004e+00,
    1.1420000000000000e+02, 0., -6.1060100000000004e+00,
    1.1425000000000000e+02, 0., -6.0399000000000003e+00,
    1.1430000000000001e+02, 0., -5.9733499999999999e+00,
    1.1435000000000001e+02, 0., -5.8960400000000002e+00,
    1.1440000000000001e+02, 0., -5.8004400000000000e+00,
    1.1445000000000000e+02, 0., -5.6801399999999997e+00,
    1.1450000000000000e+02, 0., -5.5790899999999999e+00,
    1.1455000000000001e+02, 0., -5.5028499999999996e+00,
    1.1460000000000001e+02, 0., -5.4560100000000000e+00,
    1.1465000000000001e+02, 0., -5.3887299999999998e+00,
    1.1470000000000000e+02, 0., -5.2999700000000001e+00,
    1.1475000000000000e+02, 0., -5.1956499999999997e+00,
    1.1480000000000001e+02, 0., -5.0931300000000004e+00,
    1.1485000000000001e+02, 0., -5.0299699999999996e+00,
    1.1490000000000001e+02, 0., -4.9444800000000004e+00,
    1.1495000000000000e+02, 0., -4.8491700000000000e+00, 115., 0.,
    -4.7470299999999996e+00, 1.1505000000000001e+02, 0.,
    -4.6697100000000002e+00, 1.1510000000000001e+02, 0.,
    -4.5865499999999999e+00, 1.1515000000000001e+02, 0.,
    -4.5028499999999996e+00, 1.1520000000000000e+02, 0.,
    -4.4112200000000001e+00, 1.1525000000000000e+02, 0.,
    -4.3312600000000003e+00, 1.1530000000000001e+02, 0.,
    -4.2204300000000003e+00, 1.1535000000000001e+02, 0.,
    -4.1173099999999998e+00, 1.1540000000000001e+02, 0.,
    -4.0324499999999999e+00, 1.1545000000000000e+02, 0.,
    -3.9781700000000000e+00, 1.1550000000000000e+02, 0.,
    -3.8941300000000001e+00, 1.1555000000000001e+02, 0.,
    -3.8060299999999998e+00, 1.1560000000000001e+02, 0.,
    -3.7210000000000001e+00, 1.1565000000000001e+02, 0.,
    -3.6566000000000001e+00, 1.1570000000000000e+02, 0.,
    -3.5682800000000001e+00, 1.1575000000000000e+02, 0.,
    -3.4765199999999998e+00, 1.1580000000000001e+02, 0.,
    -3.3724500000000002e+00, 1.1585000000000001e+02, 0.,
    -3.2538999999999998e+00, 1.1590000000000001e+02, 0.,
    -3.1671399999999998e+00, 1.1595000000000000e+02, 0.,
    -3.0778200000000000e+00, 116., 0., -3.0233699999999999e+00,
    1.1605000000000001e+02, 0., -2.9668700000000001e+00,
    1.1610000000000001e+02, 0., -2.8510700000000000e+00,
    1.1615000000000001e+02, 0., -2.7300800000000001e+00,
    1.1620000000000000e+02, 0., -2.6429999999999998e+00,
    1.1625000000000000e+02, 0., -2.5792700000000002e+00,
    1.1630000000000001e+02, 0., -2.5339900000000002e+00,
    1.1635000000000001e+02, 0., -2.4652500000000002e+00,
    1.1640000000000001e+02, 0., -2.3874200000000001e+00,
    1.1645000000000000e+02, 0., -2.3067199999999999e+00,
    1.1650000000000000e+02, 0., -2.2436400000000001e+00,
    1.1655000000000001e+02, 0., -2.1497099999999998e+00,
    1.1660000000000001e+02, 0., -2.0847199999999999e+00,
    1.1665000000000001e+02, 0., -2.0152100000000002e+00,
    1.1670000000000000e+02, 0., -1.9107900000000000e+00,
    1.1675000000000000e+02, 0., -1.8415900000000001e+00,
    1.1680000000000001e+02, 0., -1.7213700000000001e+00,
    1.1685000000000001e+02, 0., -1.5951000000000000e+00,
    1.1690000000000001e+02, 0., -1.4856400000000001e+00,
    1.1695000000000000e+02, 0., -1.3915299999999999e+00, 117., 0.,
    -1.3372500000000000e+00, 1.1705000000000001e+02, 0.,
    -1.3019300000000000e+00, 1.1710000000000001e+02, 0.,
    -1.2673200000000000e+00, 1.1715000000000001e+02, 0.,
    -1.1726399999999999e+00, 1.1720000000000000e+02, 0.,
    -1.0749200000000001e+00, 1.1725000000000000e+02, 0.,
    -9.7572000000000003e-01, 1.1730000000000001e+02, 0.,
    -8.7297999999999998e-01, 1.1735000000000001e+02, 0.,
    -7.7346000000000004e-01, 1.1740000000000001e+02, 0.,
    -6.9969999999999999e-01, 1.1745000000000000e+02, 0.,
    -6.1101000000000005e-01, 1.1750000000000000e+02, 0.,
    -5.2798000000000000e-01, 1.1755000000000001e+02, 0.,
    -4.4320999999999999e-01, 1.1760000000000001e+02, 0.,
    -3.4769000000000000e-01, 1.1765000000000001e+02, 0.,
