%YAML:1.0
---
profile: [ 5.0000000000000003e-02, 0., -2.0836870000000001e+01,
    1.0000000000000001e-01, 0., -2.0860389999999999e+01,
    1.5000000000000002e-01, 0., -2.0877669999999998e+01,
    2.0000000000000001e-01, 0., -2.0894079999999999e+01,
    2.5000000000000000e-01, 0., -2.0907869999999999e+01,
    3.0000000000000004e-01, 0., -2.0917310000000001e+01,
    3.5000000000000003e-01, 0., -2.0927190000000000e+01,
    4.0000000000000002e-01, 0., -2.0936460000000000e+01,
    4.5000000000000001e-01, 0., -2.0943300000000001e+01,
    5.0000000000000000e-01, 0., -2.0950559999999999e+01,
    5.5000000000000004e-01, 0., -2.0956779999999998e+01,
    6.0000000000000009e-01, 0., -2.0960979999999999e+01,
    6.5000000000000002e-01, 0., -2.0968190000000000e+01,
    7.0000000000000007e-01, 0., -2.0974910000000001e+01,
    7.5000000000000000e-01, 0., -2.0984300000000001e+01,
    8.0000000000000004e-01, 0., -2.0995660000000001e+01,
    8.5000000000000009e-01, 0., -2.1006820000000001e+01,
    9.0000000000000002e-01, 0., -2.1022430000000000e+01,
    9.5000000000000007e-01, 0., -2.1038940000000000e+01, 1., 0.,
    -2.1052700000000002e+01, 1.0500000000000000e+00, 0.,
    -2.1065560000000001e+01, 1.1000000000000001e+00, 0.,
    -2.1075150000000001e+01, 1.1500000000000001e+00, 0.,
    -2.1080190000000002e+01, 1.2000000000000002e+00, 0.,
    -2.1082049999999999e+01, 1.2500000000000000e+00, 0.,
    -2.1083040000000000e+01, 1.3000000000000000e+00, 0.,
    -2.1084599999999998e+01, 1.3500000000000001e+00, 0.,
    -2.1088130000000000e+01, 1.4000000000000001e+00, 0.,
    -2.1091770000000000e+01, 1.4500000000000002e+00, 0.,
    -2.1103860000000001e+01, 1.5000000000000000e+00, 0.,
    -2.1119129999999998e+01, 1.5500000000000000e+00, 0.,
    -2.1132890000000000e+01, 1.6000000000000001e+00, 0.,
    -2.1146660000000001e+01, 1.6500000000000001e+00, 0.,
    -2.1159559999999999e+01, 1.7000000000000002e+00, 0.,
    -2.1169840000000001e+01, 1.7500000000000000e+00, 0.,
    -2.1180990000000001e+01, 1.8000000000000000e+00, 0.,
    -2.1192489999999999e+01, 1.8500000000000001e+00, 0.,
    -2.1202610000000000e+01, 1.9000000000000001e+00, 0.,
    -2.1211099999999998e+01, 1.9500000000000002e+00, 0.,
    -2.1217459999999999e+01, 2., 0., -2.1219020000000000e+01,
    2.0500000000000003e+00, 0., -2.1219709999999999e+01,
    2.1000000000000001e+00, 0., -2.1219590000000000e+01,
    2.1499999999999999e+00, 0., -2.1221090000000000e+01,
    2.2000000000000002e+00, 0., -2.1226130000000001e+01,
    2.2500000000000000e+00, 0., -2.1233770000000000e+01,
    2.3000000000000003e+00, 0., -2.1248619999999999e+01,
    2.3500000000000001e+00, 0., -2.1267370000000000e+01,
    2.4000000000000004e+00, 0., -2.1285489999999999e+01,
    2.4500000000000002e+00, 0., -2.1304680000000001e+01,
    2.5000000000000000e+00, 0., -2.1322550000000000e+01,
    2.5500000000000003e+00, 0., -2.1336310000000001e+01,
    2.6000000000000001e+00, 0., -2.1348269999999999e+01,
    2.6500000000000004e+00, 0., -2.1358010000000000e+01,
    2.7000000000000002e+00, 0., -2.1364690000000000e+01,
    2.7500000000000000e+00, 0., -2.1371820000000000e+01,
    2.8000000000000003e+00, 0., -2.1378740000000001e+01,
    2.8500000000000001e+00, 0., -2.1386379999999999e+01,
    2.9000000000000004e+00, 0., -2.1397179999999999e+01,
    2.9500000000000002e+00, 0., -2.1407769999999999e+01, 3., 0.,
    -2.1412929999999999e+01, 3.0500000000000003e+00, 0.,
    -2.1419770000000000e+01, 3.1000000000000001e+00, 0.,
    -2.1425689999999999e+01, 3.1500000000000004e+00, 0.,
    -2.1430499999999999e+01, 3.2000000000000002e+00, 0.,
    -2.1436360000000001e+01, 3.2500000000000000e+00, 0.,
    -2.1443040000000000e+01, 3.3000000000000003e+00, 0.,
    -2.1455410000000001e+01, 3.3500000000000001e+00, 0.,
    -2.1471360000000001e+01, 3.4000000000000004e+00, 0.,
    -2.1486879999999999e+01, 3.4500000000000002e+00, 0.,
    -2.1505019999999998e+01, 3.5000000000000000e+00, 0.,
    -2.1521609999999999e+01, 3.5500000000000003e+00, 0.,
    -2.1532769999999999e+01, 3.6000000000000001e+00, 0.,
    -2.1542819999999999e+01, 3.6500000000000004e+00, 0.,
    -2.1550670000000000e+01, 3.7000000000000002e+00, 0.,
    -2.1558350000000001e+01, 3.7500000000000000e+00, 0.,
    -2.1564990000000002e+01, 3.8000000000000003e+00, 0.,
    -2.1568629999999999e+01, 3.8500000000000001e+00, 0.,
    -2.1578970000000002e+01, 3.9000000000000004e+00, 0.,
    -2.1591660000000001e+01, 3.9500000000000002e+00, 0.,
    -2.1602860000000000e+01, 4., 0., -2.1619550000000000e+01,
    4.0499999999999998e+00, 0., -2.1638700000000000e+01,
    4.1000000000000005e+00, 0., -2.1656099999999999e+01,
    4.1500000000000004e+00, 0., -2.1674440000000001e+01,
    4.2000000000000002e+00, 0., -2.1689330000000002e+01,
    4.2500000000000000e+00, 0., -2.1698049999999999e+01,
    4.2999999999999998e+00, 0., -2.1707110000000000e+01,
    4.3500000000000005e+00, 0., -2.1716200000000001e+01,
    4.4000000000000004e+00, 0., -2.1724879999999999e+01,
    4.4500000000000002e+00, 0., -2.1737040000000000e+01,
    4.5000000000000000e+00, 0., -2.1748519999999999e+01,
    4.5499999999999998e+00, 0., -2.1752759999999999e+01,
    4.6000000000000005e+00, 0., -2.1754220000000000e+01,
    4.6500000000000004e+00, 0., -2.1753340000000001e+01,
    4.7000000000000002e+00, 0., -2.1754690000000000e+01,
    4.7500000000000000e+00, 0., -2.1763150000000000e+01,
    4.8000000000000007e+00, 0., -2.1777670000000001e+01,
    4.8500000000000005e+00, 0., -2.1796859999999999e+01,
    4.9000000000000004e+00, 0., -2.1814139999999998e+01,
    4.9500000000000002e+00, 0., -2.1825299999999999e+01, 5., 0.,
    -2.1833279999999998e+01, 5.0500000000000007e+00, 0.,
    -2.1839710000000000e+01, 5.1000000000000005e+00, 0.,
    -2.1844750000000001e+01, 5.1500000000000004e+00, 0.,
    -2.1853040000000000e+01, 5.2000000000000002e+00, 0.,
    -2.1863000000000000e+01, 5.2500000000000000e+00, 0.,
    -2.1872000000000000e+01, 5.3000000000000007e+00, 0.,
    -2.1883929999999999e+01, 5.3500000000000005e+00, 0.,
    -2.1894210000000001e+01, 5.4000000000000004e+00, 0.,
    -2.1906230000000001e+01, 5.4500000000000002e+00, 0.,
    -2.1917159999999999e+01, 5.5000000000000000e+00, 0.,
    -2.1924800000000001e+01, 5.5500000000000007e+00, 0.,
    -2.1933530000000001e+01, 5.6000000000000005e+00, 0.,
    -2.1939710000000002e+01, 5.6500000000000004e+00, 0.,
    -2.1941790000000001e+01, 5.7000000000000002e+00, 0.,
    -2.1944019999999998e+01, 5.7500000000000000e+00, 0.,
    -2.1945879999999999e+01, 5.8000000000000007e+00, 0.,
    -2.1947240000000001e+01, 5.8500000000000005e+00, 0.,
    -2.1952120000000001e+01, 5.9000000000000004e+00, 0.,
    -2.1959800000000001e+01, 5.9500000000000002e+00, 0.,
    -2.1977180000000001e+01, 6., 0., -2.1997430000000001e+01,
    6.0500000000000007e+00, 0., -2.2014710000000001e+01,
    6.1000000000000005e+00, 0., -2.2032789999999999e+01,
    6.1500000000000004e+00, 0., -2.2048649999999999e+01,
    6.2000000000000002e+00, 0., -2.2059729999999998e+01,
    6.2500000000000000e+00, 0., -2.2073609999999999e+01,
    6.3000000000000007e+00, 0., -2.2084520000000001e+01,
    6.3500000000000005e+00, 0., -2.2089600000000001e+01,
    6.4000000000000004e+00, 0., -2.2095260000000000e+01,
    6.4500000000000002e+00, 0., -2.2099710000000002e+01,
    6.5000000000000000e+00, 0., -2.2100989999999999e+01,
    6.5500000000000007e+00, 0., -2.2103600000000000e+01,
    6.6000000000000005e+00, 0., -2.2106839999999998e+01,
    6.6500000000000004e+00, 0., -2.2114429999999999e+01,
    6.7000000000000002e+00, 0., -2.2126439999999999e+01,
    6.7500000000000000e+00, 0., -2.2140200000000000e+01,
    6.8000000000000007e+00, 0., -2.2156330000000001e+01,
    6.8500000000000005e+00, 0., -2.2170320000000000e+01,
    6.9000000000000004e+00, 0., -2.2179320000000001e+01,
    6.9500000000000002e+00, 0., -2.2190899999999999e+01, 7., 0.,
    -2.2202919999999999e+01, 7.0500000000000007e+00, 0.,
    -2.2213200000000001e+01, 7.1000000000000005e+00, 0.,
    -2.2228090000000002e+01, 7.1500000000000004e+00, 0.,
