%YAML:1.0
---
profile: [ 1.0000000000000001e-01, 0., -2.0263670000000001e+01,
    1.5000000000000002e-01, 0., -2.0288080000000001e+01,
    2.0000000000000001e-01, 0., -2.0306159999999998e+01,
    2.5000000000000000e-01, 0., -2.0326190000000000e+01,
    3.0000000000000004e-01, 0., -2.0343830000000001e+01,
    3.5000000000000003e-01, 0., -2.0355830000000001e+01,
    4.0000000000000002e-01, 0., -2.0370210000000000e+01,
    4.5000000000000001e-01, 0., -2.0384170000000001e+01,
    5.0000000000000000e-01, 0., -2.0395289999999999e+01,
    5.5000000000000004e-01, 0., -2.0407940000000000e+01,
    6.0000000000000009e-01, 0., -2.0419930000000001e+01,
    6.5000000000000002e-01, 0., -2.0430129999999998e+01,
    7.0000000000000007e-01, 0., -2.0445570000000000e+01,
    7.5000000000000000e-01, 0., -2.0463650000000001e+01,
    8.0000000000000004e-01, 0., -2.0480889999999999e+01,
    8.5000000000000009e-01, 0., -2.0504400000000000e+01,
    9.0000000000000002e-01, 0., -2.0529000000000000e+01,
    9.5000000000000007e-01, 0., -2.0547960000000000e+01, 1., 0.,
    -2.0569060000000000e+01, 1.0500000000000000e+00, 0.,
    -2.0588419999999999e+01, 1.1000000000000001e+00, 0.,
    -2.0603899999999999e+01, 1.1500000000000001e+00, 0.,
    -2.0621910000000000e+01, 1.2000000000000002e+00, 0.,
    -2.0639019999999999e+01, 1.2500000000000000e+00, 0.,
    -2.0652740000000001e+01, 1.3000000000000000e+00, 0.,
    -2.0671230000000001e+01, 1.3500000000000001e+00, 0.,
    -2.0690539999999999e+01, 1.4000000000000001e+00, 0.,
    -2.0706019999999999e+01, 1.4500000000000002e+00, 0.,
    -2.0727309999999999e+01, 1.5000000000000000e+00, 0.,
    -2.0745750000000001e+01, 1.5500000000000000e+00, 0.,
    -2.0755469999999999e+01, 1.6000000000000001e+00, 0.,
    -2.0766100000000002e+01, 1.6500000000000001e+00, 0.,
    -2.0777660000000001e+01, 1.7000000000000002e+00, 0.,
    -2.0793140000000001e+01, 1.7500000000000000e+00, 0.,
    -2.0812449999999998e+01, 1.8000000000000000e+00, 0.,
    -2.0832180000000001e+01, 1.8500000000000001e+00, 0.,
    -2.0849419999999999e+01, 1.9000000000000001e+00, 0.,
    -2.0867709999999999e+01, 1.9500000000000002e+00, 0.,
    -2.0882950000000001e+01, 2., 0., -2.0892350000000000e+01,
    2.0500000000000003e+00, 0., -2.0904119999999999e+01,
    2.1000000000000001e+00, 0., -2.0915260000000000e+01,
    2.1499999999999999e+00, 0., -2.0922020000000000e+01,
    2.2000000000000002e+00, 0., -2.0935720000000000e+01,
    2.2500000000000000e+00, 0., -2.0954039999999999e+01,
    2.3000000000000003e+00, 0., -2.0972120000000000e+01,
    2.3500000000000001e+00, 0., -2.1000589999999999e+01,
    2.4000000000000004e+00, 0., -2.1030790000000000e+01,
    2.4500000000000002e+00, 0., -2.1047989999999999e+01,
    2.5000000000000000e+00, 0., -2.1062980000000000e+01,
    2.5500000000000003e+00, 0., -2.1072120000000002e+01,
    2.6000000000000001e+00, 0., -2.1074520000000000e+01,
    2.6500000000000004e+00, 0., -2.1080159999999999e+01,
    2.7000000000000002e+00, 0., -2.1086079999999999e+01,
    2.7500000000000000e+00, 0., -2.1097809999999999e+01,
    2.8000000000000003e+00, 0., -2.1114139999999999e+01,
    2.8500000000000001e+00, 0., -2.1131340000000002e+01,
    2.9000000000000004e+00, 0., -2.1161860000000001e+01,
    2.9500000000000002e+00, 0., -2.1196330000000000e+01, 3., 0.,
    -2.1229740000000000e+01, 3.0500000000000003e+00, 0.,
    -2.1249620000000000e+01, 3.1000000000000001e+00, 0.,
    -2.1271860000000000e+01, 3.1500000000000004e+00, 0.,
    -2.1291519999999998e+01, 3.2000000000000002e+00, 0.,
    -2.1304400000000001e+01, 3.2500000000000000e+00, 0.,
    -2.1317260000000001e+01, 3.3000000000000003e+00, 0.,
    -2.1328350000000000e+01, 3.3500000000000001e+00, 0.,
    -2.1338629999999998e+01, 3.4000000000000004e+00, 0.,
    -2.1350180000000002e+01, 3.4500000000000002e+00, 0.,
    -2.1362179999999999e+01, 3.5000000000000000e+00, 0.,
    -2.1375940000000000e+01, 3.5500000000000003e+00, 0.,
    -2.1392460000000000e+01, 3.6000000000000001e+00, 0.,
    -2.1409600000000001e+01, 3.6500000000000004e+00, 0.,
    -2.1426880000000001e+01, 3.7000000000000002e+00, 0.,
    -2.1451809999999998e+01, 3.7500000000000000e+00, 0.,
    -2.1478240000000000e+01, 3.8000000000000003e+00, 0.,
    -2.1497280000000000e+01, 3.8500000000000001e+00, 0.,
    -2.1519819999999999e+01, 3.9000000000000004e+00, 0.,
    -2.1540820000000000e+01, 3.9500000000000002e+00, 0.,
    -2.1555499999999999e+01, 4., 0., -2.1569350000000000e+01,
    4.0499999999999998e+00, 0., -2.1581859999999999e+01,
    4.1000000000000005e+00, 0., -2.1597500000000000e+01,
    4.1500000000000004e+00, 0., -2.1617120000000000e+01,
    4.2000000000000002e+00, 0., -2.1636820000000000e+01,
    4.2500000000000000e+00, 0., -2.1652539999999998e+01,
    4.2999999999999998e+00, 0., -2.1670909999999999e+01,
    4.3500000000000005e+00, 0., -2.1688620000000000e+01,
    4.4000000000000004e+00, 0., -2.1703420000000001e+01,
    4.4500000000000002e+00, 0., -2.1718660000000000e+01,
    4.5000000000000000e+00, 0., -2.1731690000000000e+01,
    4.5499999999999998e+00, 0., -2.1742049999999999e+01,
    4.6000000000000005e+00, 0., -2.1751770000000000e+01,
    4.6500000000000004e+00, 0., -2.1757729999999999e+01,
    4.7000000000000002e+00, 0., -2.1770299999999999e+01,
    4.7500000000000000e+00, 0., -2.1783780000000000e+01,
    4.8000000000000007e+00, 0., -2.1794060000000002e+01,
    4.8500000000000005e+00, 0., -2.1805209999999999e+01,
    4.9000000000000004e+00, 0., -2.1817650000000000e+01,
    4.9500000000000002e+00, 0., -2.1829689999999999e+01, 5., 0.,
    -2.1848269999999999e+01, 5.0500000000000007e+00, 0.,
    -2.1871220000000001e+01, 5.1000000000000005e+00, 0.,
    -2.1893780000000000e+01, 5.1500000000000004e+00, 0.,
    -2.1929020000000001e+01, 5.2000000000000002e+00, 0.,
    -2.1961120000000001e+01, 5.2500000000000000e+00, 0.,
    -2.1980920000000001e+01, 5.3000000000000007e+00, 0.,
    -2.1997080000000000e+01, 5.3500000000000005e+00, 0.,
    -2.2009290000000000e+01, 5.4000000000000004e+00, 0.,
    -2.2016970000000001e+01, 5.4500000000000002e+00, 0.,
    -2.2026570000000000e+01, 5.5000000000000000e+00, 0.,
    -2.2037050000000001e+01, 5.5500000000000007e+00, 0.,
    -2.2046489999999999e+01, 5.6000000000000005e+00, 0.,
    -2.2060970000000001e+01, 5.6500000000000004e+00, 0.,
    -2.2076309999999999e+01, 5.7000000000000002e+00, 0.,
    -2.2089269999999999e+01, 5.7500000000000000e+00, 0.,
    -2.2105490000000000e+01, 5.8000000000000007e+00, 0.,
    -2.2122140000000002e+01, 5.8500000000000005e+00, 0.,
    -2.2136859999999999e+01, 5.9000000000000004e+00, 0.,
    -2.2155149999999999e+01, 5.9500000000000002e+00, 0.,
    -2.2174489999999999e+01, 6., 0., -2.2193529999999999e+01,
    6.0500000000000007e+00, 0., -2.2215360000000000e+01,
    6.1000000000000005e+00, 0., -2.2235150000000001e+01,
    6.1500000000000004e+00, 0., -2.2248870000000000e+01,
    6.2000000000000002e+00, 0., -2.2266040000000000e+01,
    6.2500000000000000e+00, 0., -2.2283239999999999e+01,
    6.3000000000000007e+00, 0., -2.2296959999999999e+01,
    6.3500000000000005e+00, 0., -2.2315480000000001e+01,
    6.4000000000000004e+00, 0., -2.2333570000000002e+01,
    6.4500000000000002e+00, 0., -2.2343850000000000e+01,
    6.5000000000000000e+00, 0., -2.2360510000000001e+01,
    6.5500000000000007e+00, 0., -2.2380389999999998e+01,
    6.6000000000000005e+00, 0., -2.2398589999999999e+01,
    6.6500000000000004e+00, 0., -2.2422020000000000e+01,
    6.7000000000000002e+00, 0., -2.2445239999999998e+01,
    6.7500000000000000e+00, 0., -2.2461680000000001e+01,
    6.8000000000000007e+00, 0., -2.2475680000000001e+01,
    6.8500000000000005e+00, 0., -2.2484860000000001e+01,
    6.9000000000000004e+00, 0., -2.2490780000000001e+01,
    6.9500000000000002e+00, 0., -2.2499099999999999e+01, 7., 0.,
    -2.2506740000000001e+01, 7.0500000000000007e+00, 0.,
    -2.2522520000000000e+01, 7.1000000000000005e+00, 0.,
    -2.2541540000000001e+01, 7.1500000000000004e+00, 0.,
    -2.2558700000000002e+01, 7.2000000000000002e+00, 0.,
