%YAML:1.0
---
profile: [ 1.1780000000000001e+02, 0., -7.6274100000000002e+00,
    1.1785000000000001e+02, 0., -7.5991299999999997e+00,
    1.1790000000000001e+02, 0., -7.5384900000000004e+00,
    1.1795000000000000e+02, 0., -7.4874799999999997e+00, 118., 0.,
    -7.4471400000000001e+00, 1.1805000000000001e+02, 0.,
    -7.4149399999999996e+00, 1.1810000000000001e+02, 0.,
    -7.3716299999999997e+00, 1.1815000000000001e+02, 0.,
    -7.3182499999999999e+00, 1.1820000000000000e+02, 0.,
    -7.2497299999999996e+00, 1.1825000000000000e+02, 0.,
    -7.1772799999999997e+00, 1.1830000000000001e+02, 0.,
    -7.1260000000000003e+00, 1.1835000000000001e+02, 0.,
    -7.0820299999999996e+00, 1.1840000000000001e+02, 0.,
    -7.0322699999999996e+00, 1.1845000000000000e+02, 0.,
    -6.9630000000000001e+00, 1.1850000000000000e+02, 0.,
    -6.8886700000000003e+00, 1.1855000000000001e+02, 0.,
    -6.8235200000000003e+00, 1.1860000000000001e+02, 0.,
    -6.8026000000000000e+00, 1.1865000000000001e+02, 0.,
    -6.7450700000000001e+00, 1.1870000000000000e+02, 0.,
    -6.6688099999999997e+00, 1.1875000000000000e+02, 0.,
    -6.6145699999999996e+00, 1.1880000000000001e+02, 0.,
    -6.5583400000000003e+00, 1.1885000000000001e+02, 0.,
    -6.4964399999999998e+00, 1.1890000000000001e+02, 0.,
    -6.4288200000000000e+00, 1.1895000000000000e+02, 0.,
    -6.3974200000000003e+00, 119., 0., -6.3369400000000002e+00,
    1.1905000000000001e+02, 0., -6.2681100000000001e+00,
    1.1910000000000001e+02, 0., -6.2200699999999998e+00,
    1.1915000000000001e+02, 0., -6.1558200000000003e+00,
    1.1920000000000000e+02, 0., -6.0907799999999996e+00,
    1.1925000000000000e+02, 0., -6.0297599999999996e+00,
    1.1930000000000001e+02, 0., -5.9934000000000003e+00,
    1.1935000000000001e+02, 0., -5.9380499999999996e+00,
    1.1940000000000001e+02, 0., -5.8782600000000000e+00,
    1.1945000000000000e+02, 0., -5.8173500000000002e+00,
    1.1950000000000000e+02, 0., -5.7743500000000001e+00,
    1.1955000000000001e+02, 0., -5.7076099999999999e+00,
    1.1960000000000001e+02, 0., -5.6396800000000002e+00,
    1.1965000000000001e+02, 0., -5.5942800000000004e+00,
    1.1970000000000000e+02, 0., -5.5254700000000003e+00,
    1.1975000000000000e+02, 0., -5.4619200000000001e+00,
    1.1980000000000001e+02, 0., -5.4067400000000001e+00,
    1.1985000000000001e+02, 0., -5.3661399999999997e+00,
    1.1990000000000001e+02, 0., -5.3218300000000003e+00,
    1.1995000000000000e+02, 0., -5.2794600000000003e+00, 120., 0.,
    -5.2371699999999999e+00, 1.2005000000000001e+02, 0.,
    -5.2021300000000004e+00, 1.2010000000000001e+02, 0.,
    -5.1401700000000003e+00, 1.2015000000000001e+02, 0.,
    -5.0578599999999998e+00, 1.2020000000000000e+02, 0.,
    -4.9687500000000000e+00, 1.2025000000000000e+02, 0.,
    -4.9155499999999996e+00, 1.2030000000000001e+02, 0.,
    -4.8492699999999997e+00, 1.2035000000000001e+02, 0.,
    -4.7835099999999997e+00, 1.2040000000000001e+02, 0.,
    -4.7312700000000003e+00, 1.2045000000000000e+02, 0.,
    -4.6719700000000000e+00, 1.2050000000000000e+02, 0.,
    -4.6108200000000004e+00, 1.2055000000000001e+02, 0.,
    -4.5483399999999996e+00, 1.2060000000000001e+02, 0.,
    -4.4993400000000001e+00, 1.2065000000000001e+02, 0.,
    -4.4485599999999996e+00, 1.2070000000000000e+02, 0.,
    -4.4020299999999999e+00, 1.2075000000000000e+02, 0.,
    -4.3512000000000004e+00, 1.2080000000000001e+02, 0.,
    -4.2932399999999999e+00, 1.2085000000000001e+02, 0.,
    -4.2008000000000001e+00, 1.2090000000000001e+02, 0.,
    -4.1288600000000004e+00, 1.2095000000000000e+02, 0.,
    -4.0731700000000002e+00, 121., 0., -4.0263299999999997e+00,
    1.2105000000000001e+02, 0., -3.9800000000000000e+00,
    1.2110000000000001e+02, 0., -3.9265699999999999e+00,
    1.2115000000000001e+02, 0., -3.8587500000000001e+00,
    1.2120000000000000e+02, 0., -3.8069099999999998e+00,
    1.2125000000000000e+02, 0., -3.7330100000000002e+00,
    1.2130000000000001e+02, 0., -3.6630699999999998e+00,
    1.2135000000000001e+02, 0., -3.6102900000000000e+00,
    1.2140000000000001e+02, 0., -3.5750899999999999e+00,
    1.2145000000000000e+02, 0., -3.5190600000000001e+00,
    1.2150000000000000e+02, 0., -3.4610099999999999e+00,
    1.2155000000000001e+02, 0., -3.4218099999999998e+00,
    1.2160000000000001e+02, 0., -3.3499500000000002e+00,
    1.2165000000000001e+02, 0., -3.2819199999999999e+00,
    1.2170000000000000e+02, 0., -3.2183199999999998e+00,
    1.2175000000000000e+02, 0., -3.1651600000000002e+00,
    1.2180000000000001e+02, 0., -3.1089799999999999e+00,
    1.2185000000000001e+02, 0., -3.0605899999999999e+00,
    1.2190000000000001e+02, 0., -3.0134500000000002e+00,
    1.2195000000000000e+02, 0., -2.9688099999999999e+00, 122., 0.,
    -2.9271199999999999e+00, 1.2205000000000001e+02, 0.,
    -2.8801199999999998e+00, 1.2210000000000001e+02, 0.,
    -2.8058999999999998e+00, 1.2215000000000001e+02, 0.,
    -2.7021799999999998e+00, 1.2220000000000000e+02, 0.,
    -2.6479699999999999e+00, 1.2225000000000000e+02, 0.,
    -2.6022400000000001e+00, 1.2230000000000001e+02, 0.,
    -2.5496500000000002e+00, 1.2235000000000001e+02, 0.,
    -2.5077699999999998e+00, 1.2240000000000001e+02, 0.,
    -2.4443400000000000e+00, 1.2245000000000000e+02, 0.,
    -2.3882200000000000e+00, 1.2250000000000000e+02, 0.,
    -2.3332400000000000e+00, 1.2255000000000001e+02, 0.,
    -2.2443200000000001e+00, 1.2260000000000001e+02, 0.,
    -2.1886899999999998e+00, 1.2265000000000001e+02, 0.,
    -2.1400399999999999e+00, 1.2270000000000000e+02, 0.,
    -2.0797900000000000e+00, 1.2275000000000000e+02, 0.,
    -2.0272700000000001e+00, 1.2280000000000001e+02, 0.,
    -1.9667900000000000e+00, 1.2285000000000001e+02, 0.,
    -1.9072700000000000e+00, 1.2290000000000001e+02, 0.,
    -1.8474900000000001e+00, 1.2295000000000000e+02, 0.,
    -1.8004100000000001e+00, 123., 0., -1.7467200000000001e+00,
    1.2305000000000001e+02, 0., -1.6885699999999999e+00,
    1.2310000000000001e+02, 0., -1.6231599999999999e+00,
    1.2315000000000001e+02, 0., -1.5752400000000000e+00,
    1.2320000000000000e+02, 0., -1.5144400000000000e+00,
    1.2325000000000000e+02, 0., -1.4498200000000001e+00,
    1.2330000000000001e+02, 0., -1.3809800000000001e+00,
    1.2335000000000001e+02, 0., -1.3295399999999999e+00,
    1.2340000000000001e+02, 0., -1.2741499999999999e+00,
    1.2345000000000000e+02, 0., -1.2179000000000000e+00,
    1.2350000000000000e+02, 0., -1.1554599999999999e+00,
    1.2355000000000001e+02, 0., -1.1005000000000000e+00,
    1.2360000000000001e+02, 0., -1.0497200000000000e+00,
    1.2365000000000001e+02, 0., -1.0025200000000001e+00,
    1.2370000000000000e+02, 0., -9.5209999999999995e-01,
    1.2375000000000000e+02, 0., -9.0534000000000003e-01,
    1.2380000000000001e+02, 0., -8.4818000000000005e-01,
    1.2385000000000001e+02, 0., -7.8396999999999994e-01,
    1.2390000000000001e+02, 0., -7.1145999999999998e-01,
    1.2395000000000000e+02, 0., -6.6213999999999995e-01, 124., 0.,
    -6.0521999999999998e-01, 1.2405000000000001e+02, 0.,
    -5.4493999999999998e-01, 1.2410000000000001e+02, 0.,
    -4.7641000000000000e-01, 1.2415000000000001e+02, 0.,
    -4.1728999999999999e-01, 1.2420000000000000e+02, 0.,
    -3.5238999999999998e-01, 1.2425000000000000e+02, 0.,
    -2.9627999999999999e-01, 1.2430000000000001e+02, 0.,
    -2.4431000000000000e-01, 1.2435000000000001e+02, 0.,
    -2.0227000000000001e-01, 1.2440000000000001e+02, 0.,
    -1.4260000000000000e-01, 1.2445000000000000e+02, 0.,
    -7.7780000000000002e-02, 1.2450000000000000e+02, 0.,
    -1.6520000000000000e-02, 1.2455000000000001e+02, 0.,
    2.5559999999999999e-02, 1.2460000000000001e+02, 0.,
    9.3219999999999997e-02, 1.2465000000000001e+02, 0.,
    1.6192000000000001e-01, 1.2470000000000000e+02, 0.,
    2.2614000000000001e-01, 1.2475000000000000e+02, 0.,
    2.8360000000000002e-01, 1.2480000000000001e+02, 0.,
    3.2103999999999999e-01, 1.2485000000000001e+02, 0.,
    3.7980000000000003e-01, 1.2490000000000001e+02, 0.,
