%YAML:1.0
---
profile: [ 6.9200000000000003e+01, 0., -9.7320200000000003e+00,
    6.9250000000000000e+01, 0., -9.4906199999999998e+00,
    6.9299999999999997e+01, 0., -9.4148099999999992e+00,
    6.9350000000000009e+01, 0., -9.3931400000000007e+00,
    6.9400000000000006e+01, 0., -9.3728999999999996e+00,
    6.9450000000000003e+01, 0., -9.3408400000000000e+00,
    6.9500000000000000e+01, 0., -9.3065800000000003e+00,
    6.9549999999999997e+01, 0., -9.2774199999999993e+00,
    6.9600000000000009e+01, 0., -9.2452799999999993e+00,
    6.9650000000000006e+01, 0., -9.2219200000000008e+00,
    6.9700000000000003e+01, 0., -9.1463599999999996e+00,
    6.9750000000000000e+01, 0., -9.0689299999999999e+00,
    6.9799999999999997e+01, 0., -9.0186499999999992e+00,
    6.9850000000000009e+01, 0., -8.9826200000000007e+00,
    6.9900000000000006e+01, 0., -8.9610500000000002e+00,
    6.9950000000000003e+01, 0., -8.9327699999999997e+00, 70., 0.,
    -8.8904700000000005e+00, 7.0049999999999997e+01, 0.,
    -8.8483900000000002e+00, 7.0100000000000009e+01, 0.,
    -8.8052799999999998e+00, 7.0150000000000006e+01, 0.,
    -8.7651800000000009e+00, 7.0200000000000003e+01, 0.,
    -8.7352600000000002e+00, 7.0250000000000000e+01, 0.,
    -8.6947500000000009e+00, 7.0299999999999997e+01, 0.,
    -8.6607500000000002e+00, 7.0350000000000009e+01, 0.,
    -8.5980399999999992e+00, 7.0400000000000006e+01, 0.,
    -8.5407499999999992e+00, 7.0450000000000003e+01, 0.,
    -8.5075099999999999e+00, 7.0500000000000000e+01, 0.,
    -8.4647699999999997e+00, 7.0549999999999997e+01, 0.,
    -8.4195600000000006e+00, 7.0600000000000009e+01, 0.,
    -8.3778799999999993e+00, 7.0650000000000006e+01, 0.,
    -8.3308700000000009e+00, 7.0700000000000003e+01, 0.,
    -8.2993900000000007e+00, 7.0750000000000000e+01, 0.,
    -8.2568300000000008e+00, 7.0799999999999997e+01, 0.,
    -8.2191700000000001e+00, 7.0850000000000009e+01, 0.,
    -8.1959300000000006e+00, 7.0900000000000006e+01, 0.,
    -8.1455800000000007e+00, 7.0950000000000003e+01, 0.,
    -8.0798199999999998e+00, 71., 0., -8.0234199999999998e+00,
    7.1049999999999997e+01, 0., -7.9633399999999996e+00,
    7.1100000000000009e+01, 0., -7.9279000000000002e+00,
    7.1150000000000006e+01, 0., -7.8915100000000002e+00,
    7.1200000000000003e+01, 0., -7.8569500000000003e+00,
    7.1250000000000000e+01, 0., -7.8287899999999997e+00,
    7.1299999999999997e+01, 0., -7.7951300000000003e+00,
    7.1350000000000009e+01, 0., -7.7690900000000003e+00,
    7.1400000000000006e+01, 0., -7.7175099999999999e+00,
    7.1450000000000003e+01, 0., -7.6524000000000001e+00,
    7.1500000000000000e+01, 0., -7.5898000000000003e+00,
    7.1549999999999997e+01, 0., -7.5446600000000004e+00,
    7.1600000000000009e+01, 0., -7.5137600000000004e+00,
    7.1650000000000006e+01, 0., -7.4640000000000004e+00,
    7.1700000000000003e+01, 0., -7.3869899999999999e+00,
    7.1750000000000000e+01, 0., -7.3175100000000004e+00,
    7.1799999999999997e+01, 0., -7.2696300000000003e+00,
    7.1850000000000009e+01, 0., -7.2379800000000003e+00,
    7.1900000000000006e+01, 0., -7.2204600000000001e+00,
    7.1950000000000003e+01, 0., -7.1858100000000000e+00, 72., 0.,
    -7.1430699999999998e+00, 7.2049999999999997e+01, 0.,
    -7.1101099999999997e+00, 7.2100000000000009e+01, 0.,
    -7.0601300000000000e+00, 7.2150000000000006e+01, 0.,
    -7.0096499999999997e+00, 7.2200000000000003e+01, 0.,
    -6.9395499999999997e+00, 7.2250000000000000e+01, 0.,
    -6.8758699999999999e+00, 7.2299999999999997e+01, 0.,
    -6.8510700000000000e+00, 7.2350000000000009e+01, 0.,
    -6.8182200000000002e+00, 7.2400000000000006e+01, 0.,
    -6.7871499999999996e+00, 7.2450000000000003e+01, 0.,
    -6.7717900000000002e+00, 7.2500000000000000e+01, 0.,
    -6.7290299999999998e+00, 7.2549999999999997e+01, 0.,
    -6.6666699999999999e+00, 7.2600000000000009e+01, 0.,
    -6.6102800000000004e+00, 7.2650000000000006e+01, 0.,
    -6.5622499999999997e+00, 7.2700000000000003e+01, 0.,
    -6.5273300000000001e+00, 7.2750000000000000e+01, 0.,
    -6.4870599999999996e+00, 7.2799999999999997e+01, 0.,
    -6.4500799999999998e+00, 7.2850000000000009e+01, 0.,
    -6.4235600000000002e+00, 7.2900000000000006e+01, 0.,
    -6.3845400000000003e+00, 7.2950000000000003e+01, 0.,
    -6.3463000000000003e+00, 73., 0., -6.2928800000000003e+00,
    7.3049999999999997e+01, 0., -6.2422300000000002e+00,
    7.3100000000000009e+01, 0., -6.2067500000000004e+00,
    7.3150000000000006e+01, 0., -6.1615399999999996e+00,
    7.3200000000000003e+01, 0., -6.1157899999999996e+00,
    7.3250000000000000e+01, 0., -6.0792700000000002e+00,
    7.3299999999999997e+01, 0., -6.0344199999999999e+00,
    7.3350000000000009e+01, 0., -5.9989800000000004e+00,
    7.3400000000000006e+01, 0., -5.9463800000000004e+00,
    7.3450000000000003e+01, 0., -5.8920599999999999e+00,
    7.3500000000000000e+01, 0., -5.8490200000000003e+00,
    7.3549999999999997e+01, 0., -5.7995299999999999e+00,
    7.3600000000000009e+01, 0., -5.7531499999999998e+00,
    7.3650000000000006e+01, 0., -5.7167500000000002e+00,
    7.3700000000000003e+01, 0., -5.6719900000000001e+00,
    7.3750000000000000e+01, 0., -5.6366300000000003e+00,
    7.3799999999999997e+01, 0., -5.5945499999999999e+00,
    7.3850000000000009e+01, 0., -5.5466800000000003e+00,
    7.3900000000000006e+01, 0., -5.5008400000000002e+00,
    7.3950000000000003e+01, 0., -5.4477700000000002e+00, 74., 0.,
    -5.3935500000000003e+00, 7.4049999999999997e+01, 0.,
    -5.3429900000000004e+00, 7.4100000000000009e+01, 0.,
    -5.2909699999999997e+00, 7.4150000000000006e+01, 0.,
    -5.2484599999999997e+00, 7.4200000000000003e+01, 0.,
    -5.2208199999999998e+00, 7.4250000000000000e+01, 0.,
    -5.1802999999999999e+00, 7.4299999999999997e+01, 0.,
    -5.1408600000000000e+00, 7.4350000000000009e+01, 0.,
    -5.0978000000000003e+00, 7.4400000000000006e+01, 0.,
    -5.0563000000000002e+00, 7.4450000000000003e+01, 0.,
    -5.0231399999999997e+00, 7.4500000000000000e+01, 0.,
    -4.9781199999999997e+00, 7.4549999999999997e+01, 0.,
    -4.9320000000000004e+00, 7.4600000000000009e+01, 0.,
    -4.8988800000000001e+00, 7.4650000000000006e+01, 0.,
    -4.8548700000000000e+00, 7.4700000000000003e+01, 0.,
    -4.8183499999999997e+00, 7.4750000000000000e+01, 0.,
    -4.7760600000000002e+00, 7.4799999999999997e+01, 0.,
    -4.7346800000000000e+00, 7.4850000000000009e+01, 0.,
    -4.7016000000000000e+00, 7.4900000000000006e+01, 0.,
    -4.6665000000000001e+00, 7.4950000000000003e+01, 0.,
    -4.6294399999999998e+00, 75., 0., -4.5885199999999999e+00,
    7.5049999999999997e+01, 0., -4.5391199999999996e+00,
    7.5100000000000009e+01, 0., -4.4909100000000004e+00,
    7.5150000000000006e+01, 0., -4.4523900000000003e+00,
    7.5200000000000003e+01, 0., -4.3947700000000003e+00,
    7.5250000000000000e+01, 0., -4.3373299999999997e+00,
    7.5299999999999997e+01, 0., -4.2900099999999997e+00,
    7.5350000000000009e+01, 0., -4.2494399999999999e+00,
    7.5400000000000006e+01, 0., -4.2178399999999998e+00,
    7.5450000000000003e+01, 0., -4.1778899999999997e+00,
    7.5500000000000000e+01, 0., -4.1343199999999998e+00,
    7.5549999999999997e+01, 0., -4.0888000000000000e+00,
    7.5600000000000009e+01, 0., -4.0342599999999997e+00,
    7.5650000000000006e+01, 0., -3.9759199999999999e+00,
    7.5700000000000003e+01, 0., -3.9120800000000000e+00,
    7.5750000000000000e+01, 0., -3.8595199999999998e+00,
    7.5799999999999997e+01, 0., -3.8502000000000001e+00,
    7.5850000000000009e+01, 0., -3.8306300000000002e+00,
    7.5900000000000006e+01, 0., -3.7923600000000000e+00,
    7.5950000000000003e+01, 0., -3.7416399999999999e+00, 76., 0.,
    -3.6862800000000000e+00, 7.6049999999999997e+01, 0.,
    -3.6365300000000000e+00, 7.6100000000000009e+01, 0.,
    -3.5974100000000000e+00, 7.6150000000000006e+01, 0.,
    -3.5497100000000001e+00, 7.6200000000000003e+01, 0.,
    -3.5039300000000000e+00, 7.6250000000000000e+01, 0.,
    -3.4710899999999998e+00, 7.6299999999999997e+01, 0.,
