%YAML:1.0
---
profile: [ 7.7650000000000006e+01, 0., -1.0227650000000001e+01,
    7.7700000000000003e+01, 0., -1.0198290000000000e+01,
    7.7750000000000000e+01, 0., -1.0158960000000000e+01,
    7.7800000000000011e+01, 0., -1.0126160000000000e+01,
    7.7850000000000009e+01, 0., -1.0081230000000000e+01,
    7.7900000000000006e+01, 0., -1.0023560000000000e+01,
    7.7950000000000003e+01, 0., -9.9632400000000008e+00, 78., 0.,
    -9.9004300000000001e+00, 7.8050000000000011e+01, 0.,
    -9.8418899999999994e+00, 7.8100000000000009e+01, 0.,
    -9.7987699999999993e+00, 7.8150000000000006e+01, 0.,
    -9.7452000000000005e+00, 7.8200000000000003e+01, 0.,
    -9.7025199999999998e+00, 7.8250000000000000e+01, 0.,
    -9.6300500000000007e+00, 7.8300000000000011e+01, 0.,
    -9.5545100000000005e+00, 7.8350000000000009e+01, 0.,
    -9.4960699999999996e+00, 7.8400000000000006e+01, 0.,
    -9.4395500000000006e+00, 7.8450000000000003e+01, 0.,
    -9.3866999999999994e+00, 7.8500000000000000e+01, 0.,
    -9.3429400000000005e+00, 7.8550000000000011e+01, 0.,
    -9.2669599999999992e+00, 7.8600000000000009e+01, 0.,
    -9.1826299999999996e+00, 7.8650000000000006e+01, 0.,
    -9.1338299999999997e+00, 7.8700000000000003e+01, 0.,
    -9.0781899999999993e+00, 7.8750000000000000e+01, 0.,
    -9.0402299999999993e+00, 7.8800000000000011e+01, 0.,
    -8.9862699999999993e+00, 7.8850000000000009e+01, 0.,
    -8.9232300000000002e+00, 7.8900000000000006e+01, 0.,
    -8.8638300000000001e+00, 7.8950000000000003e+01, 0.,
    -8.8032500000000002e+00, 79., 0., -8.7493300000000005e+00,
    7.9050000000000011e+01, 0., -8.6984499999999993e+00,
    7.9100000000000009e+01, 0., -8.6291600000000006e+00,
    7.9150000000000006e+01, 0., -8.5670000000000002e+00,
    7.9200000000000003e+01, 0., -8.5022500000000001e+00,
    7.9250000000000000e+01, 0., -8.4435099999999998e+00,
    7.9300000000000011e+01, 0., -8.3997899999999994e+00,
    7.9350000000000009e+01, 0., -8.3417399999999997e+00,
    7.9400000000000006e+01, 0., -8.2797599999999996e+00,
    7.9450000000000003e+01, 0., -8.2249999999999996e+00,
    7.9500000000000000e+01, 0., -8.1559500000000007e+00,
    7.9550000000000011e+01, 0., -8.0860000000000003e+00,
    7.9600000000000009e+01, 0., -8.0282400000000003e+00,
    7.9650000000000006e+01, 0., -7.9579500000000003e+00,
    7.9700000000000003e+01, 0., -7.9041499999999996e+00,
    7.9750000000000000e+01, 0., -7.8408800000000003e+00,
    7.9800000000000011e+01, 0., -7.7849100000000000e+00,
    7.9850000000000009e+01, 0., -7.7477499999999999e+00,
    7.9900000000000006e+01, 0., -7.6943099999999998e+00,
    7.9950000000000003e+01, 0., -7.6353799999999996e+00, 80., 0.,
    -7.5857400000000004e+00, 8.0050000000000011e+01, 0.,
    -7.5188400000000000e+00, 8.0100000000000009e+01, 0.,
    -7.4627999999999997e+00, 8.0150000000000006e+01, 0.,
    -7.3854800000000003e+00, 8.0200000000000003e+01, 0.,
    -7.3032100000000000e+00, 8.0250000000000000e+01, 0.,
    -7.2336499999999999e+00, 8.0300000000000011e+01, 0.,
    -7.1610399999999998e+00, 8.0350000000000009e+01, 0.,
    -7.0926600000000004e+00, 8.0400000000000006e+01, 0.,
    -7.0399799999999999e+00, 8.0450000000000003e+01, 0.,
    -6.9681300000000004e+00, 8.0500000000000000e+01, 0.,
    -6.8977700000000004e+00, 8.0550000000000011e+01, 0.,
    -6.8587300000000004e+00, 8.0600000000000009e+01, 0.,
    -6.8220000000000001e+00, 8.0650000000000006e+01, 0.,
    -6.7991200000000003e+00, 8.0700000000000003e+01, 0.,
    -6.7423400000000004e+00, 8.0750000000000000e+01, 0.,
    -6.6809300000000000e+00, 8.0800000000000011e+01, 0.,
    -6.6347300000000002e+00, 8.0850000000000009e+01, 0.,
    -6.5379199999999997e+00, 8.0900000000000006e+01, 0.,
    -6.4457800000000001e+00, 8.0950000000000003e+01, 0.,
    -6.3894200000000003e+00, 81., 0., -6.3165199999999997e+00,
    8.1050000000000011e+01, 0., -6.2463899999999999e+00,
    8.1100000000000009e+01, 0., -6.2042700000000002e+00,
    8.1150000000000006e+01, 0., -6.1450600000000000e+00,
    8.1200000000000003e+01, 0., -6.0820400000000001e+00,
    8.1250000000000000e+01, 0., -6.0334800000000000e+00,
    8.1300000000000011e+01, 0., -5.9685199999999998e+00,
    8.1350000000000009e+01, 0., -5.9114800000000001e+00,
    8.1400000000000006e+01, 0., -5.8607199999999997e+00,
    8.1450000000000003e+01, 0., -5.8079700000000001e+00,
    8.1500000000000000e+01, 0., -5.7572099999999997e+00,
    8.1550000000000011e+01, 0., -5.6960400000000000e+00,
    8.1600000000000009e+01, 0., -5.6320800000000002e+00,
    8.1650000000000006e+01, 0., -5.5703199999999997e+00,
    8.1700000000000003e+01, 0., -5.4925100000000002e+00,
    8.1750000000000000e+01, 0., -5.4186699999999997e+00,
    8.1800000000000011e+01, 0., -5.3736699999999997e+00,
    8.1850000000000009e+01, 0., -5.3066599999999999e+00,
    8.1900000000000006e+01, 0., -5.2345600000000001e+00,
    8.1950000000000003e+01, 0., -5.1834800000000003e+00, 82., 0.,
    -5.1194600000000001e+00, 8.2050000000000011e+01, 0.,
    -5.0681799999999999e+00, 8.2100000000000009e+01, 0.,
    -5.0064599999999997e+00, 8.2150000000000006e+01, 0.,
    -4.9485000000000001e+00, 8.2200000000000003e+01, 0.,
    -4.9059400000000002e+00, 8.2250000000000000e+01, 0.,
    -4.8559799999999997e+00, 8.2300000000000011e+01, 0.,
    -4.8036799999999999e+00, 8.2350000000000009e+01, 0.,
    -4.7516400000000001e+00, 8.2400000000000006e+01, 0.,
    -4.6807400000000001e+00, 8.2450000000000003e+01, 0.,
    -4.6088600000000000e+00, 8.2500000000000000e+01, 0.,
    -4.5608599999999999e+00, 8.2550000000000011e+01, 0.,
    -4.5002700000000004e+00, 8.2600000000000009e+01, 0.,
    -4.4391600000000002e+00, 8.2650000000000006e+01, 0.,
    -4.3896400000000000e+00, 8.2700000000000003e+01, 0.,
    -4.3386300000000002e+00, 8.2750000000000000e+01, 0.,
    -4.3036700000000003e+00, 8.2800000000000011e+01, 0.,
    -4.2257699999999998e+00, 8.2850000000000009e+01, 0.,
    -4.1499699999999997e+00, 8.2900000000000006e+01, 0.,
    -4.1021700000000001e+00, 8.2950000000000003e+01, 0.,
    -4.0337300000000003e+00, 83., 0., -3.9615800000000001e+00,
    8.3050000000000011e+01, 0., -3.9020600000000001e+00,
    8.3100000000000009e+01, 0., -3.8354100000000000e+00,
    8.3150000000000006e+01, 0., -3.7716200000000000e+00,
    8.3200000000000003e+01, 0., -3.7216200000000002e+00,
    8.3250000000000000e+01, 0., -3.6520000000000001e+00,
    8.3300000000000011e+01, 0., -3.5807500000000001e+00,
    8.3350000000000009e+01, 0., -3.5337900000000002e+00,
    8.3400000000000006e+01, 0., -3.4609800000000002e+00,
    8.3450000000000003e+01, 0., -3.3887499999999999e+00,
    8.3500000000000000e+01, 0., -3.3629500000000001e+00,
    8.3550000000000011e+01, 0., -3.3171700000000000e+00,
    8.3600000000000009e+01, 0., -3.2633200000000002e+00,
    8.3650000000000006e+01, 0., -3.2233600000000000e+00,
    8.3700000000000003e+01, 0., -3.1535099999999998e+00,
    8.3750000000000000e+01, 0., -3.0870700000000002e+00,
    8.3800000000000011e+01, 0., -3.0172500000000002e+00,
    8.3850000000000009e+01, 0., -2.9507300000000001e+00,
    8.3900000000000006e+01, 0., -2.8974899999999999e+00,
    8.3950000000000003e+01, 0., -2.8372899999999999e+00, 84., 0.,
    -2.7735900000000000e+00, 8.4050000000000011e+01, 0.,
    -2.7165100000000000e+00, 8.4100000000000009e+01, 0.,
    -2.6491799999999999e+00, 8.4150000000000006e+01, 0.,
    -2.5836100000000002e+00, 8.4200000000000003e+01, 0.,
    -2.5320900000000002e+00, 8.4250000000000000e+01, 0.,
    -2.4600300000000002e+00, 8.4300000000000011e+01, 0.,
    -2.4000100000000000e+00, 8.4350000000000009e+01, 0.,
    -2.3688099999999999e+00, 8.4400000000000006e+01, 0.,
    -2.3194699999999999e+00, 8.4450000000000003e+01, 0.,
    -2.2642799999999998e+00, 8.4500000000000000e+01, 0.,
    -2.2098000000000000e+00, 8.4550000000000011e+01, 0.,
    -2.1399300000000001e+00, 8.4600000000000009e+01, 0.,
    -2.0687400000000000e+00, 8.4650000000000006e+01, 0.,
    -2.0111800000000000e+00, 8.4700000000000003e+01, 0.,
    -1.9392600000000000e+00, 8.4750000000000000e+01, 0.,
