%YAML:1.0
---
profile: [ 6.1300000000000004e+01, 0., -1.4060610000000000e+01,
    6.1350000000000001e+01, 0., -1.3925940000000001e+01,
    6.1400000000000006e+01, 0., -1.3899620000000001e+01,
    6.1450000000000003e+01, 0., -1.3859090000000000e+01,
    6.1500000000000000e+01, 0., -1.3817530000000000e+01,
    6.1550000000000004e+01, 0., -1.3759990000000000e+01,
    6.1600000000000001e+01, 0., -1.3710990000000001e+01,
    6.1650000000000006e+01, 0., -1.3644620000000000e+01,
    6.1700000000000003e+01, 0., -1.3580600000000000e+01,
    6.1750000000000000e+01, 0., -1.3533840000000000e+01,
    6.1800000000000004e+01, 0., -1.3478270000000000e+01,
    6.1850000000000001e+01, 0., -1.3435350000000000e+01,
    6.1900000000000006e+01, 0., -1.3371380000000000e+01,
    6.1950000000000003e+01, 0., -1.3304539999999999e+01, 62., 0.,
    -1.3250060000000000e+01, 6.2050000000000004e+01, 0.,
    -1.3181530000000000e+01, 6.2100000000000001e+01, 0.,
    -1.3126289999999999e+01, 6.2150000000000006e+01, 0.,
    -1.3056760000000001e+01, 6.2200000000000003e+01, 0.,
    -1.3000920000000001e+01, 6.2250000000000000e+01, 0.,
    -1.2934730000000000e+01, 6.2300000000000004e+01, 0.,
    -1.2871359999999999e+01, 6.2350000000000001e+01, 0.,
    -1.2826720000000000e+01, 6.2400000000000006e+01, 0.,
    -1.2769090000000000e+01, 6.2450000000000003e+01, 0.,
    -1.2722049999999999e+01, 6.2500000000000000e+01, 0.,
    -1.2660980000000000e+01, 6.2550000000000004e+01, 0.,
    -1.2598890000000001e+01, 6.2600000000000001e+01, 0.,
    -1.2547490000000000e+01, 6.2650000000000006e+01, 0.,
    -1.2484299999999999e+01, 6.2700000000000003e+01, 0.,
    -1.2435100000000000e+01, 6.2750000000000000e+01, 0.,
    -1.2362740000000001e+01, 6.2800000000000004e+01, 0.,
    -1.2285890000000000e+01, 6.2850000000000001e+01, 0.,
    -1.2233129999999999e+01, 6.2900000000000006e+01, 0.,
    -1.2170059999999999e+01, 6.2950000000000003e+01, 0.,
    -1.2123139999999999e+01, 63., 0., -1.2067720000000000e+01,
    6.3050000000000004e+01, 0., -1.2025160000000000e+01,
    6.3100000000000001e+01, 0., -1.1966850000000001e+01,
    6.3150000000000006e+01, 0., -1.1901690000000000e+01,
    6.3200000000000003e+01, 0., -1.1831610000000000e+01,
    6.3250000000000000e+01, 0., -1.1748939999999999e+01,
    6.3300000000000004e+01, 0., -1.1685499999999999e+01,
    6.3350000000000001e+01, 0., -1.1626420000000000e+01,
    6.3400000000000006e+01, 0., -1.1571669999999999e+01,
    6.3450000000000003e+01, 0., -1.1525589999999999e+01,
    6.3500000000000000e+01, 0., -1.1462970000000000e+01,
    6.3550000000000004e+01, 0., -1.1406890000000001e+01,
    6.3600000000000001e+01, 0., -1.1330760000000000e+01,
    6.3650000000000006e+01, 0., -1.1266719999999999e+01,
    6.3700000000000003e+01, 0., -1.1198960000000000e+01,
    6.3750000000000000e+01, 0., -1.1138220000000000e+01,
    6.3800000000000004e+01, 0., -1.1094379999999999e+01,
    6.3850000000000001e+01, 0., -1.1043860000000000e+01,
    6.3900000000000006e+01, 0., -1.1005820000000000e+01,
    6.3950000000000003e+01, 0., -1.0936320000000000e+01, 64., 0.,
    -1.0864810000000000e+01, 6.4049999999999997e+01, 0.,
    -1.0811730000000001e+01, 6.4100000000000009e+01, 0.,
    -1.0741050000000000e+01, 6.4150000000000006e+01, 0.,
    -1.0682210000000000e+01, 6.4200000000000003e+01, 0.,
    -1.0602240000000000e+01, 6.4250000000000000e+01, 0.,
    -1.0524279999999999e+01, 6.4299999999999997e+01, 0.,
    -1.0473480000000000e+01, 6.4350000000000009e+01, 0.,
    -1.0406680000000000e+01, 6.4400000000000006e+01, 0.,
    -1.0349399999999999e+01, 6.4450000000000003e+01, 0.,
    -1.0293580000000000e+01, 6.4500000000000000e+01, 0.,
    -1.0241199999999999e+01, 6.4549999999999997e+01, 0.,
    -1.0197600000000000e+01, 6.4600000000000009e+01, 0.,
    -1.0141590000000001e+01, 6.4650000000000006e+01, 0.,
    -1.0095070000000000e+01, 6.4700000000000003e+01, 0.,
    -1.0035600000000001e+01, 6.4750000000000000e+01, 0.,
    -9.9748999999999999e+00, 6.4799999999999997e+01, 0.,
    -9.9235399999999991e+00, 6.4850000000000009e+01, 0.,
    -9.8525399999999994e+00, 6.4900000000000006e+01, 0.,
    -9.7876600000000007e+00, 6.4950000000000003e+01, 0.,
    -9.7103400000000004e+00, 65., 0., -9.6504999999999992e+00,
    6.5049999999999997e+01, 0., -9.5720500000000008e+00,
    6.5100000000000009e+01, 0., -9.4981000000000009e+00,
    6.5150000000000006e+01, 0., -9.4454600000000006e+00,
    6.5200000000000003e+01, 0., -9.3823600000000003e+00,
    6.5250000000000000e+01, 0., -9.3333200000000005e+00,
    6.5299999999999997e+01, 0., -9.2656100000000006e+00,
    6.5350000000000009e+01, 0., -9.1976300000000002e+00,
    6.5400000000000006e+01, 0., -9.1473499999999994e+00,
    6.5450000000000003e+01, 0., -9.0860199999999995e+00,
    6.5500000000000000e+01, 0., -9.0378200000000000e+00,
    6.5549999999999997e+01, 0., -8.9690200000000004e+00,
    6.5600000000000009e+01, 0., -8.8968900000000009e+00,
    6.5650000000000006e+01, 0., -8.8353300000000008e+00,
    6.5700000000000003e+01, 0., -8.7636699999999994e+00,
    6.5750000000000000e+01, 0., -8.7091899999999995e+00,
    6.5799999999999997e+01, 0., -8.6509099999999997e+00,
    6.5850000000000009e+01, 0., -8.5901300000000003e+00,
    6.5900000000000006e+01, 0., -8.5254899999999996e+00,
    6.5950000000000003e+01, 0., -8.4518599999999999e+00, 66., 0.,
    -8.3967799999999997e+00, 6.6049999999999997e+01, 0.,
    -8.3299599999999998e+00, 6.6100000000000009e+01, 0.,
    -8.2614300000000007e+00, 6.6150000000000006e+01, 0.,
    -8.1993500000000008e+00, 6.6200000000000003e+01, 0.,
    -8.1412999999999993e+00, 6.6250000000000000e+01, 0.,
    -8.1052999999999997e+00, 6.6299999999999997e+01, 0.,
    -8.0539699999999996e+00, 6.6350000000000009e+01, 0.,
    -8.0003499999999992e+00, 6.6400000000000006e+01, 0.,
    -7.9551900000000000e+00, 6.6450000000000003e+01, 0.,
    -7.8945200000000000e+00, 6.6500000000000000e+01, 0.,
    -7.8437999999999999e+00, 6.6549999999999997e+01, 0.,
    -7.7747099999999998e+00, 6.6600000000000009e+01, 0.,
    -7.7012600000000004e+00, 6.6650000000000006e+01, 0.,
    -7.6329799999999999e+00, 6.6700000000000003e+01, 0.,
    -7.5635399999999997e+00, 6.6750000000000000e+01, 0.,
    -7.5164999999999997e+00, 6.6799999999999997e+01, 0.,
    -7.4486400000000001e+00, 6.6850000000000009e+01, 0.,
    -7.3880100000000004e+00, 6.6900000000000006e+01, 0.,
    -7.3508899999999997e+00, 6.6950000000000003e+01, 0.,
    -7.3023999999999996e+00, 67., 0., -7.2625599999999997e+00,
    6.7049999999999997e+01, 0., -7.2085800000000004e+00,
    6.7100000000000009e+01, 0., -7.1419400000000000e+00,
    6.7150000000000006e+01, 0., -7.0747799999999996e+00,
    6.7200000000000003e+01, 0., -6.9929699999999997e+00,
    6.7250000000000000e+01, 0., -6.9286899999999996e+00,
    6.7299999999999997e+01, 0., -6.8622399999999999e+00,
    6.7350000000000009e+01, 0., -6.8032300000000001e+00,
    6.7400000000000006e+01, 0., -6.7607499999999998e+00,
    6.7450000000000003e+01, 0., -6.7041599999999999e+00,
    6.7500000000000000e+01, 0., -6.6436500000000001e+00,
    6.7549999999999997e+01, 0., -6.5899700000000001e+00,
    6.7600000000000009e+01, 0., -6.5186099999999998e+00,
    6.7650000000000006e+01, 0., -6.4564100000000000e+00,
    6.7700000000000003e+01, 0., -6.3809100000000001e+00,
    6.7750000000000000e+01, 0., -6.3084499999999997e+00,
    6.7799999999999997e+01, 0., -6.2583299999999999e+00,
    6.7850000000000009e+01, 0., -6.1988099999999999e+00,
    6.7900000000000006e+01, 0., -6.1550500000000001e+00,
    6.7950000000000003e+01, 0., -6.0974700000000004e+00, 68., 0.,
    -6.0343200000000001e+00, 6.8049999999999997e+01, 0.,
    -5.9683200000000003e+00, 6.8100000000000009e+01, 0.,
    -5.8872900000000001e+00, 6.8150000000000006e+01, 0.,
    -5.8233300000000003e+00, 6.8200000000000003e+01, 0.,
    -5.7510199999999996e+00, 6.8250000000000000e+01, 0.,
    -5.6816500000000003e+00, 6.8299999999999997e+01, 0.,
    -5.6292900000000001e+00, 6.8350000000000009e+01, 0.,
    -5.5744300000000004e+00, 6.8400000000000006e+01, 0.,
