%YAML:1.0
---
profile: [ 4.3350000000000001e+01, 0., -2.2741730000000000e+01,
    4.3400000000000006e+01, 0., -2.2793460000000000e+01,
    4.3450000000000003e+01, 0., -2.2791180000000001e+01,
    4.3500000000000000e+01, 0., -2.2803830000000001e+01,
    4.3550000000000004e+01, 0., -2.2936679999999999e+01,
    4.3600000000000001e+01, 0., -2.3216919999999998e+01,
    4.3650000000000006e+01, 0., -2.3357250000000001e+01,
    4.3700000000000003e+01, 0., -2.3350330000000000e+01,
    4.3750000000000000e+01, 0., -2.3336929999999999e+01,
    4.3800000000000004e+01, 0., -2.3314280000000000e+01,
    4.3850000000000001e+01, 0., -2.3276479999999999e+01,
    4.3900000000000006e+01, 0., -2.3223559999999999e+01,
    4.3950000000000003e+01, 0., -2.3163119999999999e+01, 44., 0.,
    -2.3123320000000000e+01, 4.4050000000000004e+01, 0.,
    -2.3205719999999999e+01, 4.4100000000000001e+01, 0.,
    -2.3259010000000000e+01, 4.4150000000000006e+01, 0.,
    -2.3300750000000001e+01, 4.4200000000000003e+01, 0.,
    -2.3335149999999999e+01, 4.4250000000000000e+01, 0.,
    -2.3357869999999998e+01, 4.4300000000000004e+01, 0.,
    -2.3373120000000000e+01, 4.4350000000000001e+01, 0.,
    -2.3382359999999998e+01, 1.2030000000000001e+02, 0.,
    -3.6791600000000000e+00, 1.2035000000000001e+02, 0.,
    -3.5655500000000000e+00, 1.2040000000000001e+02, 0.,
    -3.5033900000000000e+00, 1.2045000000000000e+02, 0.,
    -3.4571800000000001e+00, 1.2050000000000000e+02, 0.,
    -3.4278800000000000e+00, 1.2055000000000001e+02, 0.,
    -3.4152800000000001e+00, 1.2060000000000001e+02, 0.,
    -3.3800800000000000e+00, 1.2065000000000001e+02, 0.,
    -3.3399500000000000e+00, 1.2070000000000000e+02, 0.,
    -3.2989600000000001e+00, 1.2075000000000000e+02, 0.,
    -3.2637200000000002e+00, 1.2080000000000001e+02, 0.,
    -3.2206899999999998e+00, 1.2085000000000001e+02, 0.,
    -3.1718600000000001e+00, 1.2090000000000001e+02, 0.,
    -3.1249400000000001e+00, 1.2095000000000000e+02, 0.,
    -3.0475300000000001e+00, 121., 0., -2.9736500000000001e+00,
    1.2105000000000001e+02, 0., -2.9103699999999999e+00,
    1.2110000000000001e+02, 0., -2.8658500000000000e+00,
    1.2115000000000001e+02, 0., -2.8219099999999999e+00,
    1.2120000000000000e+02, 0., -2.7861899999999999e+00,
    1.2125000000000000e+02, 0., -2.7531699999999999e+00,
    1.2130000000000001e+02, 0., -2.7242899999999999e+00,
    1.2135000000000001e+02, 0., -2.6749900000000002e+00,
    1.2140000000000001e+02, 0., -2.6253199999999999e+00,
    1.2145000000000000e+02, 0., -2.5956800000000002e+00,
    1.2150000000000000e+02, 0., -2.5500200000000000e+00,
    1.2155000000000001e+02, 0., -2.5051399999999999e+00,
    1.2160000000000001e+02, 0., -2.4601400000000000e+00,
    1.2165000000000001e+02, 0., -2.4174600000000002e+00,
    1.2170000000000000e+02, 0., -2.3647100000000001e+00,
    1.2175000000000000e+02, 0., -2.3191199999999998e+00,
    1.2180000000000001e+02, 0., -2.2816399999999999e+00,
    1.2185000000000001e+02, 0., -2.2443200000000001e+00,
    1.2190000000000001e+02, 0., -2.1930200000000002e+00,
    1.2195000000000000e+02, 0., -2.1401400000000002e+00, 122., 0.,
    -2.0997400000000002e+00, 1.2205000000000001e+02, 0.,
    -2.0533199999999998e+00, 1.2210000000000001e+02, 0.,
    -2.0059999999999998e+00, 1.2215000000000001e+02, 0.,
    -1.9643800000000000e+00, 1.2220000000000000e+02, 0.,
    -1.9534600000000000e+00, 1.2225000000000000e+02, 0.,
    -1.8990800000000001e+00, 1.2230000000000001e+02, 0.,
    -1.8211700000000000e+00, 1.2235000000000001e+02, 0.,
    -1.7562100000000000e+00, 1.2240000000000001e+02, 0.,
    -1.7282900000000001e+00, 1.2245000000000000e+02, 0.,
    -1.6770200000000000e+00, 1.2250000000000000e+02, 0.,
    -1.6280900000000000e+00, 1.2255000000000001e+02, 0.,
    -1.6048899999999999e+00, 1.2260000000000001e+02, 0.,
    -1.5476099999999999e+00, 1.2265000000000001e+02, 0.,
    -1.4799100000000001e+00, 1.2270000000000000e+02, 0.,
    -1.4201299999999999e+00, 1.2275000000000000e+02, 0.,
    -1.3845700000000001e+00, 1.2280000000000001e+02, 0.,
    -1.3223499999999999e+00, 1.2285000000000001e+02, 0.,
    -1.2736600000000000e+00, 1.2290000000000001e+02, 0.,
    -1.2324999999999999e+00, 1.2295000000000000e+02, 0.,
    -1.1855800000000001e+00, 123., 0., -1.1668499999999999e+00,
    1.2305000000000001e+02, 0., -1.1331700000000000e+00,
    1.2310000000000001e+02, 0., -1.0668899999999999e+00,
    1.2315000000000001e+02, 0., -1.0290900000000001e+00,
    1.2320000000000000e+02, 0., -9.7638999999999998e-01,
    1.2325000000000000e+02, 0., -9.2257999999999996e-01,
    1.2330000000000001e+02, 0., -8.8249999999999995e-01,
    1.2335000000000001e+02, 0., -8.3382000000000001e-01,
    1.2340000000000001e+02, 0., -7.7737000000000001e-01,
    1.2345000000000000e+02, 0., -7.2716000000000003e-01,
    1.2350000000000000e+02, 0., -7.0096000000000003e-01,
    1.2355000000000001e+02, 0., -6.4859999999999995e-01,
    1.2360000000000001e+02, 0., -6.0831999999999997e-01,
    1.2365000000000001e+02, 0., -5.6947000000000003e-01,
    1.2370000000000000e+02, 0., -5.0666999999999995e-01,
    1.2375000000000000e+02, 0., -4.5942000000000000e-01,
    1.2380000000000001e+02, 0., -4.2274000000000000e-01,
    1.2385000000000001e+02, 0., -3.8428000000000001e-01,
    1.2390000000000001e+02, 0., -3.3439999999999998e-01,
    1.2395000000000000e+02, 0., -2.7121000000000001e-01, 124., 0.,
    -2.1017000000000000e-01, 1.2405000000000001e+02, 0.,
    -1.5273000000000000e-01, 1.2410000000000001e+02, 0.,
    -1.0525000000000000e-01, 1.2415000000000001e+02, 0.,
    -6.6769999999999996e-02, 1.2420000000000000e+02, 0.,
    -3.6760000000000001e-02, 1.2425000000000000e+02, 0.,
    -6.1599999999999997e-03, 1.2430000000000001e+02, 0.,
    3.1809999999999998e-02, 1.2435000000000001e+02, 0.,
    6.9930000000000006e-02, 1.2440000000000001e+02, 0.,
    1.1681000000000000e-01, 1.2445000000000000e+02, 0.,
    1.8193000000000001e-01, 1.2450000000000000e+02, 0.,
    2.2345000000000001e-01, 1.2455000000000001e+02, 0.,
    2.7800000000000002e-01, 1.2460000000000001e+02, 0.,
    3.5594999999999999e-01, 1.2465000000000001e+02, 0.,
    3.8263000000000003e-01, 1.2470000000000000e+02, 0.,
    4.3914999999999998e-01, 1.2475000000000000e+02, 0.,
    4.8008000000000001e-01, 1.2480000000000001e+02, 0.,
    5.1900999999999997e-01, 1.2485000000000001e+02, 0.,
    5.8925000000000005e-01, 1.2490000000000001e+02, 0.,
    6.2433000000000005e-01, 1.2495000000000000e+02, 0.,
    6.5971999999999997e-01, 125., 0., 7.1182000000000001e-01,
    1.2505000000000001e+02, 0., 7.4229999999999996e-01,
    1.2510000000000001e+02, 0., 7.8817000000000004e-01,
    1.2515000000000001e+02, 0., 8.4016000000000002e-01,
    1.2520000000000000e+02, 0., 8.9043000000000005e-01,
    1.2525000000000000e+02, 0., 9.2079000000000000e-01,
    1.2530000000000001e+02, 0., 9.7331000000000001e-01,
    1.2535000000000001e+02, 0., 1.0345700000000000e+00,
    1.2540000000000001e+02, 0., 1.0908599999999999e+00,
    1.2545000000000000e+02, 0., 1.1242200000000000e+00,
    1.2550000000000000e+02, 0., 1.1675400000000000e+00,
    1.2555000000000001e+02, 0., 1.2094100000000001e+00,
    1.2560000000000001e+02, 0., 1.2398499999999999e+00,
    1.2565000000000001e+02, 0., 1.2890600000000001e+00,
    1.2570000000000000e+02, 0., 1.3367000000000000e+00,
    1.2575000000000000e+02, 0., 1.3789000000000000e+00,
    1.2580000000000001e+02, 0., 1.4046600000000000e+00,
    1.2585000000000001e+02, 0., 1.4452199999999999e+00,
    1.2590000000000001e+02, 0., 1.4930000000000001e+00,
    1.2595000000000000e+02, 0., 1.5453300000000001e+00, 126., 0.,
    1.5772500000000000e+00, 1.2605000000000001e+02, 0.,
    1.6170400000000000e+00, 1.2610000000000001e+02, 0.,
    1.6701500000000000e+00, 1.2615000000000001e+02, 0.,
    1.7383000000000000e+00, 1.2620000000000000e+02, 0.,
    1.7771800000000000e+00, 1.2625000000000000e+02, 0.,
    1.8308700000000000e+00, 1.2630000000000001e+02, 0.,
    1.8841600000000001e+00, 1.2635000000000001e+02, 0.,
