%YAML:1.0
---
profile: [ 4.5350000000000001e+01, 0., -1.9830620000000000e+01,
    4.5400000000000006e+01, 0., -1.9912859999999998e+01,
    4.5450000000000003e+01, 0., -2.0077870000000001e+01,
    4.5500000000000000e+01, 0., -2.0125360000000001e+01,
    4.5550000000000004e+01, 0., -2.0275820000000000e+01,
    4.5600000000000001e+01, 0., -2.0832339999999999e+01,
    4.5650000000000006e+01, 0., -2.0928750000000001e+01,
    4.5700000000000003e+01, 0., -2.0886030000000002e+01,
    4.5750000000000000e+01, 0., -2.0818909999999999e+01,
    4.5800000000000004e+01, 0., -2.0778479999999998e+01,
    4.5850000000000001e+01, 0., -2.0842199999999998e+01,
    4.5900000000000006e+01, 0., -2.1223559999999999e+01,
    4.5950000000000003e+01, 0., -2.1695689999999999e+01, 46., 0.,
    -2.1720289999999999e+01, 4.6050000000000004e+01, 0.,
    -2.1745799999999999e+01, 4.6100000000000001e+01, 0.,
    -2.1768719999999998e+01, 4.6150000000000006e+01, 0.,
    -2.1789840000000002e+01, 4.6200000000000003e+01, 0.,
    -2.1838640000000002e+01, 4.6250000000000000e+01, 0.,
    -2.1886510000000001e+01, 4.6300000000000004e+01, 0.,
    -2.1874310000000001e+01, 4.6350000000000001e+01, 0.,
    -2.1884039999999999e+01, 4.6400000000000006e+01, 0.,
    -2.1921800000000001e+01, 4.6450000000000003e+01, 0.,
    -2.2390120000000000e+01, 4.6500000000000000e+01, 0.,
    -2.3361300000000000e+01, 4.6550000000000004e+01, 0.,
    -2.3361300000000000e+01, 4.6600000000000001e+01, 0.,
    -2.3372850000000000e+01, 4.6650000000000006e+01, 0.,
    -2.3395849999999999e+01, 4.6700000000000003e+01, 0.,
    -2.3393879999999999e+01, 4.6750000000000000e+01, 0.,
    -2.3382850000000001e+01, 4.6800000000000004e+01, 0.,
    -2.3369650000000000e+01, 4.6850000000000001e+01, 0.,
    -2.3243320000000001e+01, 4.6900000000000006e+01, 0.,
    -2.3083760000000002e+01, 4.6950000000000003e+01, 0.,
    -2.2924199999999999e+01, 47., 0., -2.2941569999999999e+01,
    4.7050000000000004e+01, 0., -2.3018080000000001e+01,
    4.7100000000000001e+01, 0., -2.3099419999999999e+01,
    4.7150000000000006e+01, 0., -2.3156780000000001e+01,
    4.7200000000000003e+01, 0., -2.3228580000000001e+01,
    4.7250000000000000e+01, 0., -2.3301320000000000e+01,
    4.7300000000000004e+01, 0., -2.3362240000000000e+01,
    4.7350000000000001e+01, 0., -2.3391410000000000e+01,
    4.7400000000000006e+01, 0., -2.3388120000000001e+01,
    4.7450000000000003e+01, 0., -2.3381959999999999e+01,
    4.7500000000000000e+01, 0., -2.3371169999999999e+01,
    4.7550000000000004e+01, 0., -2.3358850000000000e+01,
    4.7600000000000001e+01, 0., -2.3365860000000001e+01,
    4.7650000000000006e+01, 0., -2.3369980000000002e+01,
    4.7700000000000003e+01, 0., -2.3346139999999998e+01,
    4.7750000000000000e+01, 0., -2.3329599999999999e+01,
    4.7800000000000004e+01, 0., -2.3332319999999999e+01,
    4.7850000000000001e+01, 0., -2.3338429999999999e+01,
    4.7900000000000006e+01, 0., -2.3344259999999998e+01,
    4.7950000000000003e+01, 0., -2.3346100000000000e+01, 48., 0.,
    -2.3346509999999999e+01, 4.8050000000000004e+01, 0.,
    -2.3345829999999999e+01, 4.8100000000000001e+01, 0.,
    -2.3343920000000001e+01, 4.8150000000000006e+01, 0.,
    -2.3344940000000001e+01, 4.8200000000000003e+01, 0.,
    -2.3349620000000002e+01, 4.8250000000000000e+01, 0.,
    -2.3356660000000002e+01, 4.8300000000000004e+01, 0.,
    -2.3363640000000000e+01, 4.8350000000000001e+01, 0.,
    -2.3366759999999999e+01, 4.8400000000000006e+01, 0.,
    -2.3368680000000001e+01, 4.8450000000000003e+01, 0.,
    -2.3367840000000001e+01, 4.8500000000000000e+01, 0.,
    -2.3366879999999998e+01, 4.8550000000000004e+01, 0.,
    -2.3366160000000001e+01, 4.8600000000000001e+01, 0.,
    -2.3366160000000001e+01, 4.8650000000000006e+01, 0.,
    -2.3364860000000000e+01, 4.8700000000000003e+01, 0.,
    -2.3362259999999999e+01, 4.8750000000000000e+01, 0.,
    -2.3360859999999999e+01, 4.8800000000000004e+01, 0.,
    -2.3360620000000001e+01, 4.8850000000000001e+01, 0.,
    -2.3362420000000000e+01, 4.8900000000000006e+01, 0.,
    -2.3365710000000000e+01, 4.8950000000000003e+01, 0.,
    -2.3368829999999999e+01, 49., 0., -2.3373220000000000e+01,
    4.9050000000000004e+01, 0., -2.3375910000000001e+01,
    4.9100000000000001e+01, 0., -2.3375950000000000e+01,
    4.9150000000000006e+01, 0., -2.3376000000000001e+01,
    4.9200000000000003e+01, 0., -2.3375859999999999e+01,
    4.9250000000000000e+01, 0., -2.3375139999999998e+01,
    4.9300000000000004e+01, 0., -2.3374130000000001e+01,
    4.9350000000000001e+01, 0., -2.3373290000000001e+01,
    4.9400000000000006e+01, 0., -2.3374620000000000e+01,
    4.9450000000000003e+01, 0., -2.3376380000000001e+01,
    4.9500000000000000e+01, 0., -2.3377179999999999e+01,
    4.9550000000000004e+01, 0., -2.3378280000000000e+01,
    4.9600000000000001e+01, 0., -2.3379159999999999e+01,
    4.9650000000000006e+01, 0., -2.3381000000000000e+01,
    4.9700000000000003e+01, 0., -2.3382840000000002e+01,
    4.9750000000000000e+01, 0., -2.3383759999999999e+01,
    4.9800000000000004e+01, 0., -2.3384280000000000e+01,
    4.9850000000000001e+01, 0., -2.3384360000000001e+01,
    4.9900000000000006e+01, 0., -2.3384499999999999e+01,
    4.9950000000000003e+01, 0., -2.3384219999999999e+01, 50., 0.,
    -2.3383540000000000e+01, 5.0050000000000004e+01, 0.,
    -2.3383279999999999e+01, 5.0100000000000001e+01, 0.,
    -2.3383590000000002e+01, 5.0150000000000006e+01, 0.,
    -2.3384429999999998e+01, 5.0200000000000003e+01, 0.,
    -2.3385539999999999e+01, 5.0250000000000000e+01, 0.,
    -2.3386500000000002e+01, 5.0300000000000004e+01, 0.,
    -2.3386820000000000e+01, 5.0350000000000001e+01, 0.,
    -2.3386920000000000e+01, 5.0400000000000006e+01, 0.,
    -2.3387000000000000e+01, 5.0450000000000003e+01, 0.,
    -2.3388000000000002e+01, 5.0500000000000000e+01, 0.,
    -2.3389880000000002e+01, 5.0550000000000004e+01, 0.,
    -2.3392019999999999e+01, 5.0600000000000001e+01, 0.,
    -2.3393920000000001e+01, 5.0650000000000006e+01, 0.,
    -2.3394919999999999e+01, 5.0700000000000003e+01, 0.,
    -2.3395510000000002e+01, 5.0750000000000000e+01, 0.,
    -2.3395630000000001e+01, 5.0800000000000004e+01, 0.,
    -2.3394939999999998e+01, 5.0850000000000001e+01, 0.,
    -2.3394449999999999e+01, 5.0900000000000006e+01, 0.,
    -2.3394530000000000e+01, 5.0950000000000003e+01, 0.,
    -2.3393999999999998e+01, 51., 0., -2.3393429999999999e+01,
    5.1050000000000004e+01, 0., -2.3394269999999999e+01,
    5.1100000000000001e+01, 0., -2.3394970000000001e+01,
    5.1150000000000006e+01, 0., -2.3395009999999999e+01,
    5.1200000000000003e+01, 0., -2.3396619999999999e+01,
    5.1250000000000000e+01, 0., -2.3398240000000001e+01,
    5.1300000000000004e+01, 0., -2.3398240000000001e+01,
    5.1350000000000001e+01, 0., -2.3398299999999999e+01,
    5.1400000000000006e+01, 0., -2.3398299999999999e+01,
    5.1450000000000003e+01, 0., -2.3396780000000000e+01,
    5.1500000000000000e+01, 0., -2.3394829999999999e+01,
    5.1550000000000004e+01, 0., -2.3393110000000000e+01,
    5.1600000000000001e+01, 0., -2.3392840000000000e+01,
    5.1650000000000006e+01, 0., -2.3393640000000001e+01,
    5.1700000000000003e+01, 0., -2.3393910000000002e+01,
    5.1750000000000000e+01, 0., -2.3394770000000001e+01,
    5.1800000000000004e+01, 0., -2.3396370000000001e+01,
    5.1850000000000001e+01, 0., -2.3397900000000000e+01,
    5.1900000000000006e+01, 0., -2.3398900000000001e+01,
    5.1950000000000003e+01, 0., -2.3398980000000002e+01, 52., 0.,
    -2.3399100000000001e+01, 5.2050000000000004e+01, 0.,
    -2.3399180000000001e+01, 5.2100000000000001e+01, 0.,
    -2.3399280000000001e+01, 5.2150000000000006e+01, 0.,
    -2.3399190000000001e+01, 5.2200000000000003e+01, 0.,
    -2.3398510000000002e+01, 5.2250000000000000e+01, 0.,
    -2.3398430000000001e+01, 5.2300000000000004e+01, 0.,
    -2.3399390000000000e+01, 5.2350000000000001e+01, 0.,
    -2.3400469999999999e+01, 5.2400000000000006e+01, 0.,
    -2.3401060000000001e+01, 5.2450000000000003e+01, 0.,
