%YAML:1.0
---
profile: [ 5.0000000000000003e-02, 0., -2.3019649999999999e+01,
    1.0000000000000001e-01, 0., -2.3017209999999999e+01,
    1.5000000000000002e-01, 0., -2.3011299999999999e+01,
    2.0000000000000001e-01, 0., -2.3003219999999999e+01,
    2.5000000000000000e-01, 0., -2.2995580000000000e+01,
    3.0000000000000004e-01, 0., -2.2989010000000000e+01,
    3.5000000000000003e-01, 0., -2.2985009999999999e+01,
    4.0000000000000002e-01, 0., -2.2983229999999999e+01,
    4.5000000000000001e-01, 0., -2.2985669999999999e+01,
    5.0000000000000000e-01, 0., -2.2989999999999998e+01,
    5.5000000000000004e-01, 0., -2.2997170000000001e+01,
    6.0000000000000009e-01, 0., -2.3011089999999999e+01,
    6.5000000000000002e-01, 0., -2.3024539999999998e+01,
    7.0000000000000007e-01, 0., -2.3036460000000002e+01,
    7.5000000000000000e-01, 0., -2.3049499999999998e+01,
    8.0000000000000004e-01, 0., -2.3055240000000001e+01,
    8.5000000000000009e-01, 0., -2.3054400000000001e+01,
    9.0000000000000002e-01, 0., -2.3055000000000000e+01,
    9.5000000000000007e-01, 0., -2.3055389999999999e+01, 1., 0.,
    -2.3055270000000000e+01, 1.0500000000000000e+00, 0.,
    -2.3055850000000000e+01, 1.1000000000000001e+00, 0.,
    -2.3057569999999998e+01, 1.1500000000000001e+00, 0.,
    -2.3061850000000000e+01, 1.2000000000000002e+00, 0.,
    -2.3068560000000002e+01, 1.2500000000000000e+00, 0.,
    -2.3074600000000000e+01, 1.3000000000000000e+00, 0.,
    -2.3083939999999998e+01, 1.3500000000000001e+00, 0.,
    -2.3094149999999999e+01, 1.4000000000000001e+00, 0.,
    -2.3102830000000001e+01, 1.4500000000000002e+00, 0.,
    -2.3102560000000000e+01, 1.5000000000000000e+00, 0.,
    -2.3099609999999998e+01, 1.5500000000000000e+00, 0.,
    -2.3097729999999999e+01, 1.6000000000000001e+00, 0.,
    -2.3094339999999999e+01, 1.6500000000000001e+00, 0.,
    -2.3091139999999999e+01, 1.7000000000000002e+00, 0.,
    -2.3087090000000000e+01, 1.7500000000000000e+00, 0.,
    -2.3083590000000001e+01, 1.8000000000000000e+00, 0.,
    -2.3082590000000000e+01, 1.8500000000000001e+00, 0.,
    -2.3085419999999999e+01, 1.9000000000000001e+00, 0.,
    -2.3089900000000000e+01, 1.9500000000000002e+00, 0.,
    -2.3104109999999999e+01, 2., 0., -2.3127170000000000e+01,
    2.0500000000000003e+00, 0., -2.3158280000000001e+01,
    2.1000000000000001e+00, 0., -2.3176400000000001e+01,
    2.1499999999999999e+00, 0., -2.3193280000000001e+01,
    2.2000000000000002e+00, 0., -2.3203220000000002e+01,
    2.2500000000000000e+00, 0., -2.3201540000000001e+01,
    2.3000000000000003e+00, 0., -2.3195889999999999e+01,
    2.3500000000000001e+00, 0., -2.3187249999999999e+01,
    2.4000000000000004e+00, 0., -2.3174230000000001e+01,
    2.4500000000000002e+00, 0., -2.3162710000000001e+01,
    2.5000000000000000e+00, 0., -2.3154260000000001e+01,
    2.5500000000000003e+00, 0., -2.3150240000000000e+01,
    2.6000000000000001e+00, 0., -2.3156240000000000e+01,
    2.6500000000000004e+00, 0., -2.3170900000000000e+01,
    2.7000000000000002e+00, 0., -2.3190539999999999e+01,
    2.7500000000000000e+00, 0., -2.3207180000000001e+01,
    2.8000000000000003e+00, 0., -2.3216740000000001e+01,
    2.8500000000000001e+00, 0., -2.3216770000000000e+01,
    2.9000000000000004e+00, 0., -2.3210490000000000e+01,
    2.9500000000000002e+00, 0., -2.3204120000000000e+01, 3., 0.,
    -2.3200920000000000e+01, 3.0500000000000003e+00, 0.,
    -2.3199870000000001e+01, 3.1000000000000001e+00, 0.,
    -2.3201149999999998e+01, 3.1500000000000004e+00, 0.,
    -2.3203350000000000e+01, 3.2000000000000002e+00, 0.,
    -2.3205850000000002e+01, 3.2500000000000000e+00, 0.,
    -2.3207490000000000e+01, 3.3000000000000003e+00, 0.,
    -2.3212460000000000e+01, 3.3500000000000001e+00, 0.,
    -2.3218579999999999e+01, 3.4000000000000004e+00, 0.,
    -2.3224660000000000e+01, 3.4500000000000002e+00, 0.,
    -2.3234279999999998e+01, 3.5000000000000000e+00, 0.,
    -2.3243970000000001e+01, 3.5500000000000003e+00, 0.,
    -2.3247730000000001e+01, 3.6000000000000001e+00, 0.,
    -2.3254059999999999e+01, 3.6500000000000004e+00, 0.,
    -2.3260980000000000e+01, 3.7000000000000002e+00, 0.,
    -2.3268750000000001e+01, 3.7500000000000000e+00, 0.,
    -2.3271680000000000e+01, 3.8000000000000003e+00, 0.,
    -2.3268480000000000e+01, 3.8500000000000001e+00, 0.,
    -2.3263249999999999e+01, 3.9000000000000004e+00, 0.,
    -2.3258489999999998e+01, 3.9500000000000002e+00, 0.,
    -2.3252710000000000e+01, 4., 0., -2.3251560000000001e+01,
    4.0499999999999998e+00, 0., -2.3256039999999999e+01,
    4.1000000000000005e+00, 0., -2.3267460000000000e+01,
    4.1500000000000004e+00, 0., -2.3282499999999999e+01,
    4.2000000000000002e+00, 0., -2.3293820000000000e+01,
    4.2500000000000000e+00, 0., -2.3303319999999999e+01,
    4.2999999999999998e+00, 0., -2.3309030000000000e+01,
    4.3500000000000005e+00, 0., -2.3311150000000001e+01,
    4.4000000000000004e+00, 0., -2.3313089999999999e+01,
    4.4500000000000002e+00, 0., -2.3313770000000002e+01,
    4.5000000000000000e+00, 0., -2.3311460000000000e+01,
    4.5499999999999998e+00, 0., -2.3309139999999999e+01,
    4.6000000000000005e+00, 0., -2.3309780000000000e+01,
    4.6500000000000004e+00, 0., -2.3309380000000001e+01,
    4.7000000000000002e+00, 0., -2.3308420000000002e+01,
    4.7500000000000000e+00, 0., -2.3310630000000000e+01,
    4.8000000000000007e+00, 0., -2.3315480000000001e+01,
    4.8500000000000005e+00, 0., -2.3321480000000001e+01,
    4.9000000000000004e+00, 0., -2.3329660000000001e+01,
    4.9500000000000002e+00, 0., -2.3337350000000001e+01, 5., 0.,
    -2.3340669999999999e+01, 5.0500000000000007e+00, 0.,
    -2.3342210000000001e+01, 5.1000000000000005e+00, 0.,
    -2.3342050000000000e+01, 5.1500000000000004e+00, 0.,
    -2.3341780000000000e+01, 5.2000000000000002e+00, 0.,
    -2.3341519999999999e+01, 5.2500000000000000e+00, 0.,
    -2.3341360000000002e+01, 5.3000000000000007e+00, 0.,
    -2.3341100000000001e+01, 5.3500000000000005e+00, 0.,
    -2.3341270000000002e+01, 5.4000000000000004e+00, 0.,
    -2.3342630000000000e+01, 5.4500000000000002e+00, 0.,
    -2.3345210000000002e+01, 5.5000000000000000e+00, 0.,
    -2.3348250000000000e+01, 5.5500000000000007e+00, 0.,
    -2.3350390000000001e+01, 5.6000000000000005e+00, 0.,
    -2.3353020000000001e+01, 5.6500000000000004e+00, 0.,
    -2.3358059999999998e+01, 5.7000000000000002e+00, 0.,
    -2.3360430000000001e+01, 5.7500000000000000e+00, 0.,
    -2.3360230000000001e+01, 5.8000000000000007e+00, 0.,
    -2.3361660000000001e+01, 5.8500000000000005e+00, 0.,
    -2.3362670000000001e+01, 5.9000000000000004e+00, 0.,
    -2.3362469999999998e+01, 5.9500000000000002e+00, 0.,
    -2.3362140000000000e+01, 6., 0., -2.3361650000000001e+01,
    6.0500000000000007e+00, 0., -2.3360690000000002e+01,
    6.1000000000000005e+00, 0., -2.3359380000000002e+01,
    6.1500000000000004e+00, 0., -2.3358260000000001e+01,
    6.2000000000000002e+00, 0., -2.3357780000000002e+01,
    6.2500000000000000e+00, 0., -2.3357970000000002e+01,
    6.3000000000000007e+00, 0., -2.3359490000000001e+01,
    6.3500000000000005e+00, 0., -2.3359529999999999e+01,
    6.4000000000000004e+00, 0., -2.3358570000000000e+01,
    6.4500000000000002e+00, 0., -2.3357320000000001e+01,
    6.5000000000000000e+00, 0., -2.3356290000000001e+01,
    6.5500000000000007e+00, 0., -2.3356089999999998e+01,
    6.6000000000000005e+00, 0., -2.3355830000000001e+01,
    6.6500000000000004e+00, 0., -2.3355670000000000e+01,
    6.7000000000000002e+00, 0., -2.3354479999999999e+01,
    6.7500000000000000e+00, 0., -2.3354299999999999e+01,
    6.8000000000000007e+00, 0., -2.3355660000000000e+01,
    6.8500000000000005e+00, 0., -2.3357540000000000e+01,
    6.9000000000000004e+00, 0., -2.3359259999999999e+01,
    6.9500000000000002e+00, 0., -2.3359819999999999e+01, 7., 0.,
    -2.3361020000000000e+01, 7.0500000000000007e+00, 0.,
    -2.3362580000000001e+01, 7.1000000000000005e+00, 0.,
    -2.3364329999999999e+01, 7.1500000000000004e+00, 0.,
