%YAML:1.0
---
profile: [ 1.1000000000000001e+00, 0., -3.8072800000000000e+00,
    1.1500000000000001e+00, 0., -3.7585199999999999e+00,
    1.2000000000000002e+00, 0., -3.7097600000000002e+00,
    1.2500000000000000e+00, 0., -3.6554300000000000e+00,
    1.3000000000000000e+00, 0., -3.6133099999999998e+00,
    1.3500000000000001e+00, 0., -3.5671599999999999e+00,
    1.4000000000000001e+00, 0., -3.5232899999999998e+00,
    1.4500000000000002e+00, 0., -3.4903300000000002e+00,
    1.5000000000000000e+00, 0., -3.4487100000000002e+00,
    1.5500000000000000e+00, 0., -3.4140700000000002e+00,
    1.6000000000000001e+00, 0., -3.3697800000000000e+00,
    1.6500000000000001e+00, 0., -3.3314200000000000e+00,
    1.7000000000000002e+00, 0., -3.2810500000000000e+00,
    1.7500000000000000e+00, 0., -3.2378499999999999e+00,
    1.8000000000000000e+00, 0., -3.1830400000000001e+00,
    1.8500000000000001e+00, 0., -3.1368399999999999e+00,
    1.9000000000000001e+00, 0., -3.0772699999999999e+00,
    1.9500000000000002e+00, 0., -3.0238299999999998e+00, 2., 0.,
    -2.9592600000000000e+00, 2.0500000000000003e+00, 0.,
    -2.9150200000000002e+00, 2.1000000000000001e+00, 0.,
    -2.8707799999999999e+00, 2.1499999999999999e+00, 0.,
    -2.8262000000000000e+00, 2.2000000000000002e+00, 0.,
    -2.7822399999999998e+00, 2.2500000000000000e+00, 0.,
    -2.7404000000000002e+00, 2.3000000000000003e+00, 0.,
    -2.6897600000000002e+00, 2.3500000000000001e+00, 0.,
    -2.6545999999999998e+00, 2.4000000000000004e+00, 0.,
    -2.6085300000000000e+00, 2.4500000000000002e+00, 0.,
    -2.5649700000000002e+00, 2.5000000000000000e+00, 0.,
    -2.5140400000000001e+00, 2.5500000000000003e+00, 0.,
    -2.4847600000000001e+00, 2.6000000000000001e+00, 0.,
    -2.4449000000000001e+00, 2.6500000000000004e+00, 0.,
    -2.4091800000000001e+00, 2.7000000000000002e+00, 0.,
    -2.3630700000000000e+00, 2.7500000000000000e+00, 0.,
    -2.3244300000000000e+00, 2.8000000000000003e+00, 0.,
    -2.2757600000000000e+00, 2.8500000000000001e+00, 0.,
    -2.2364799999999998e+00, 2.9000000000000004e+00, 0.,
    -2.1858499999999998e+00, 2.9500000000000002e+00, 0.,
    -2.1436500000000001e+00, 3., 0., -2.0899600000000000e+00,
    3.0500000000000003e+00, 0., -2.0459999999999998e+00,
    3.1000000000000001e+00, 0., -1.9951600000000000e+00,
    3.1500000000000004e+00, 0., -1.9595600000000000e+00,
    3.2000000000000002e+00, 0., -1.9123500000000000e+00,
    3.2500000000000000e+00, 0., -1.8714700000000000e+00,
    3.3000000000000003e+00, 0., -1.8190400000000000e+00,
    3.3500000000000001e+00, 0., -1.7756400000000001e+00,
    3.4000000000000004e+00, 0., -1.7183900000000001e+00,
    3.4500000000000002e+00, 0., -1.6691100000000001e+00,
    3.5000000000000000e+00, 0., -1.6158399999999999e+00,
    3.5500000000000003e+00, 0., -1.5832800000000000e+00,
    3.6000000000000001e+00, 0., -1.5399600000000000e+00,
    3.6500000000000004e+00, 0., -1.5021599999999999e+00,
    3.7000000000000002e+00, 0., -1.4506800000000000e+00,
    3.7500000000000000e+00, 0., -1.4073199999999999e+00,
    3.8000000000000003e+00, 0., -1.3504300000000000e+00,
    3.8500000000000001e+00, 0., -1.3035900000000000e+00,
    3.9000000000000004e+00, 0., -1.2570399999999999e+00,
    3.9500000000000002e+00, 0., -1.2262800000000000e+00, 4., 0.,
    -1.1840299999999999e+00, 4.0499999999999998e+00, 0.,
    -1.1482300000000001e+00, 4.1000000000000005e+00, 0.,
    -1.1061099999999999e+00, 4.1500000000000004e+00, 0.,
    -1.0729900000000001e+00, 4.2000000000000002e+00, 0.,
    -1.0303300000000000e+00, 4.2500000000000000e+00, 0.,
    -9.9600999999999995e-01, 4.2999999999999998e+00, 0.,
    -9.3167000000000000e-01, 4.3500000000000005e+00, 0.,
    -8.7590999999999997e-01, 4.4000000000000004e+00, 0.,
    -8.1518000000000002e-01, 4.4500000000000002e+00, 0.,
    -7.6841999999999999e-01, 4.5000000000000000e+00, 0.,
    -7.2248999999999997e-01, 4.5499999999999998e+00, 0.,
    -6.8825000000000003e-01, 4.6000000000000005e+00, 0.,
    -6.4073000000000002e-01, 4.6500000000000004e+00, 0.,
    -6.0177000000000003e-01, 4.7000000000000002e+00, 0.,
    -5.5354999999999999e-01, 4.7500000000000000e+00, 0.,
    -5.0317999999999996e-01, 4.8000000000000007e+00, 0.,
    -4.5578000000000002e-01, 4.8500000000000005e+00, 0.,
    -4.0838000000000002e-01, 4.9000000000000004e+00, 0.,
    -3.3839000000000002e-01, 4.9500000000000002e+00, 0.,
    -2.8027000000000002e-01, 5., 0., -2.2203000000000001e-01,
    5.0500000000000007e+00, 0., -1.8315000000000001e-01,
    5.1000000000000005e+00, 0., -1.3841999999999999e-01,
    5.1500000000000004e+00, 0., -1.0478000000000000e-01,
    5.2000000000000002e+00, 0., -6.2050000000000001e-02,
    5.2500000000000000e+00, 0., -1.7720000000000000e-02,
    5.3000000000000007e+00, 0., 2.2280000000000001e-02,
    5.3500000000000005e+00, 0., 7.4679999999999996e-02,
    5.4000000000000004e+00, 0., 1.2420000000000000e-01,
    5.4500000000000002e+00, 0., 1.8410000000000001e-01,
    5.5000000000000000e+00, 0., 2.2542000000000001e-01,
    5.5500000000000007e+00, 0., 2.6673999999999998e-01,
    5.6000000000000005e+00, 0., 3.1600000000000000e-01,
    5.6500000000000004e+00, 0., 3.6464000000000002e-01,
    5.7000000000000002e+00, 0., 4.0336000000000000e-01,
    5.7500000000000000e+00, 0., 4.5150000000000001e-01,
    5.8000000000000007e+00, 0., 4.8905999999999999e-01,
    5.8500000000000005e+00, 0., 5.3798999999999997e-01,
    5.9000000000000004e+00, 0., 5.8347000000000004e-01,
    5.9500000000000002e+00, 0., 6.3758999999999999e-01, 6., 0.,
    6.7747000000000002e-01, 6.0500000000000007e+00, 0.,
    7.3233999999999999e-01, 6.1000000000000005e+00, 0.,
    7.8222000000000003e-01, 6.1500000000000004e+00, 0.,
    8.4040000000000004e-01, 6.2000000000000002e+00, 0.,
    8.8192000000000004e-01, 6.2500000000000000e+00, 0.,
    9.3211999999999995e-01, 6.3000000000000007e+00, 0.,
    9.7016000000000002e-01, 6.3500000000000005e+00, 0.,
    1.0244800000000001e+00, 6.4000000000000004e+00, 0.,
    1.0760400000000001e+00, 6.4500000000000002e+00, 0.,
    1.1328100000000001e+00, 6.5000000000000000e+00, 0.,
    1.1690100000000001e+00, 6.5500000000000007e+00, 0.,
    1.2163299999999999e+00, 6.6000000000000005e+00, 0.,
    1.2565700000000000e+00, 6.6500000000000004e+00, 0.,
    1.3041400000000001e+00, 6.7000000000000002e+00, 0.,
    1.3388199999999999e+00, 6.7500000000000000e+00, 0.,
    1.3767499999999999e+00, 6.8000000000000007e+00, 0.,
    1.4041100000000000e+00, 6.8500000000000005e+00, 0.,
    1.4482500000000000e+00, 6.9000000000000004e+00, 0.,
    1.4854900000000000e+00, 6.9500000000000002e+00, 0.,
    1.5397700000000001e+00, 7., 0., 1.5846899999999999e+00,
    7.0500000000000007e+00, 0., 1.6426600000000000e+00,
    7.1000000000000005e+00, 0., 1.6893800000000001e+00,
    7.1500000000000004e+00, 0., 1.7441800000000001e+00,
    7.2000000000000002e+00, 0., 1.7872600000000001e+00,
    7.2500000000000000e+00, 0., 1.8353500000000000e+00,
    7.3000000000000007e+00, 0., 1.8809100000000001e+00,
    7.3500000000000005e+00, 0., 1.9139900000000001e+00,
    7.4000000000000004e+00, 0., 1.9575400000000001e+00,
    7.4500000000000002e+00, 0., 1.9993799999999999e+00,
    7.5000000000000000e+00, 0., 2.0522800000000001e+00,
    7.5500000000000007e+00, 0., 2.0952400000000000e+00,
    7.6000000000000005e+00, 0., 2.1477300000000001e+00,
    7.6500000000000004e+00, 0., 2.1855300000000000e+00,
    7.7000000000000002e+00, 0., 2.2342399999999998e+00,
    7.7500000000000000e+00, 0., 2.2748800000000000e+00,
    7.8000000000000007e+00, 0., 2.3243100000000001e+00,
    7.8500000000000005e+00, 0., 2.3620700000000001e+00,
    7.9000000000000004e+00, 0., 2.4044400000000001e+00,
    7.9500000000000002e+00, 0., 2.4357199999999999e+00, 8., 0.,
    2.4831500000000002e+00, 8.0500000000000007e+00, 0.,
    2.5255100000000001e+00, 8.0999999999999996e+00, 0.,
    2.5844999999999998e+00, 8.1500000000000004e+00, 0.,
    2.6348600000000002e+00, 8.2000000000000011e+00, 0.,
    2.6880700000000002e+00, 8.2500000000000000e+00, 0.,
