%YAML:1.0
---
profile: [ 1.3500000000000000e+01, 0., -9.9497800000000005e+00,
    1.3550000000000001e+01, 0., -9.9395799999999994e+00,
    1.3600000000000001e+01, 0., -9.9133899999999997e+00,
    1.3650000000000000e+01, 0., -9.8853500000000007e+00,
    1.3700000000000001e+01, 0., -9.8446800000000003e+00,
    1.3750000000000000e+01, 0., -9.8110800000000005e+00,
    1.3800000000000001e+01, 0., -9.7660999999999998e+00,
    1.3850000000000001e+01, 0., -9.7212599999999991e+00,
    1.3900000000000000e+01, 0., -9.6881799999999991e+00,
    1.3950000000000001e+01, 0., -9.6434899999999999e+00, 14., 0.,
    -9.5973699999999997e+00, 1.4050000000000001e+01, 0.,
    -9.5405400000000000e+00, 1.4100000000000001e+01, 0.,
    -9.4980200000000004e+00, 1.4150000000000000e+01, 0.,
    -9.4437700000000007e+00, 1.4200000000000001e+01, 0.,
    -9.3970900000000004e+00, 1.4250000000000000e+01, 0.,
    -9.3414300000000008e+00, 1.4300000000000001e+01, 0.,
    -9.3057499999999997e+00, 1.4350000000000001e+01, 0.,
    -9.2575099999999999e+00, 1.4400000000000000e+01, 0.,
    -9.2146699999999999e+00, 1.4450000000000001e+01, 0.,
    -9.1615800000000007e+00, 1.4500000000000000e+01, 0.,
    -9.1197800000000004e+00, 1.4550000000000001e+01, 0.,
    -9.0678800000000006e+00, 1.4600000000000001e+01, 0.,
    -9.0267999999999997e+00, 1.4650000000000000e+01, 0.,
    -8.9734900000000000e+00, 1.4700000000000001e+01, 0.,
    -8.9298500000000001e+00, 1.4750000000000000e+01, 0.,
    -8.8735400000000002e+00, 1.4800000000000001e+01, 0.,
    -8.8275799999999993e+00, 1.4850000000000001e+01, 0.,
    -8.7714300000000005e+00, 1.4900000000000000e+01, 0.,
    -8.7273099999999992e+00, 1.4950000000000001e+01, 0.,
    -8.6852499999999999e+00, 15., 0., -8.6586900000000000e+00,
    1.5050000000000001e+01, 0., -8.6250199999999992e+00,
    1.5100000000000001e+01, 0., -8.5979399999999995e+00,
    1.5150000000000000e+01, 0., -8.5443200000000008e+00,
    1.5200000000000001e+01, 0., -8.4865499999999994e+00,
    1.5250000000000000e+01, 0., -8.4430300000000003e+00,
    1.5300000000000001e+01, 0., -8.3884399999999992e+00,
    1.5350000000000001e+01, 0., -8.3442799999999995e+00,
    1.5400000000000000e+01, 0., -8.2917600000000000e+00,
    1.5450000000000001e+01, 0., -8.2583599999999997e+00,
    1.5500000000000000e+01, 0., -8.2144899999999996e+00,
    1.5550000000000001e+01, 0., -8.1728900000000007e+00,
    1.5600000000000001e+01, 0., -8.1200600000000005e+00,
    1.5650000000000000e+01, 0., -8.0754599999999996e+00,
    1.5700000000000001e+01, 0., -8.0180199999999999e+00,
    1.5750000000000000e+01, 0., -7.9701800000000000e+00,
    1.5800000000000001e+01, 0., -7.9153900000000004e+00,
    1.5850000000000001e+01, 0., -7.8776700000000002e+00,
    1.5900000000000000e+01, 0., -7.8301200000000000e+00,
    1.5950000000000001e+01, 0., -7.7917199999999998e+00, 16., 0.,
    -7.7431299999999998e+00, 1.6050000000000001e+01, 0.,
    -7.7035700000000000e+00, 1.6100000000000001e+01, 0.,
    -7.6493500000000001e+00, 1.6150000000000002e+01, 0.,
    -7.6035100000000000e+00, 1.6199999999999999e+01, 0.,
    -7.5527400000000000e+00, 1.6250000000000000e+01, 0.,
    -7.5156999999999998e+00, 1.6300000000000001e+01, 0.,
    -7.4632800000000001e+00, 1.6350000000000001e+01, 0.,
    -7.4180799999999998e+00, 1.6400000000000002e+01, 0.,
    -7.3728800000000003e+00, 1.6449999999999999e+01, 0.,
    -7.3390000000000004e+00, 1.6500000000000000e+01, 0.,
    -7.2728500000000000e+00, 1.6550000000000001e+01, 0.,
    -7.2152500000000002e+00, 1.6600000000000001e+01, 0.,
    -7.1464200000000000e+00, 1.6650000000000002e+01, 0.,
    -7.0920199999999998e+00, 1.6699999999999999e+01, 0.,
    -7.0488999999999997e+00, 1.6750000000000000e+01, 0.,
    -7.0194200000000002e+00, 1.6800000000000001e+01, 0.,
    -6.9845100000000002e+00, 1.6850000000000001e+01, 0.,
    -6.9493700000000000e+00, 1.6900000000000002e+01, 0.,
    -6.9191700000000003e+00, 1.6949999999999999e+01, 0.,
    -6.8757099999999998e+00, 17., 0., -6.8341900000000004e+00,
    1.7050000000000001e+01, 0., -6.7816599999999996e+00,
    1.7100000000000001e+01, 0., -6.7393000000000001e+00,
    1.7150000000000002e+01, 0., -6.6876800000000003e+00,
    1.7199999999999999e+01, 0., -6.6471200000000001e+00,
    1.7250000000000000e+01, 0., -6.5946199999999999e+00,
    1.7300000000000001e+01, 0., -6.5517000000000003e+00,
    1.7350000000000001e+01, 0., -6.4971199999999998e+00,
    1.7400000000000002e+01, 0., -6.4529600000000000e+00,
    1.7449999999999999e+01, 0., -6.3971999999999998e+00,
    1.7500000000000000e+01, 0., -6.3525200000000002e+00,
    1.7550000000000001e+01, 0., -6.3027300000000004e+00,
    1.7600000000000001e+01, 0., -6.2641700000000000e+00,
    1.7650000000000002e+01, 0., -6.2117100000000001e+00,
    1.7699999999999999e+01, 0., -6.1689499999999997e+00,
    1.7750000000000000e+01, 0., -6.1176300000000001e+00,
    1.7800000000000001e+01, 0., -6.0669899999999997e+00,
    1.7850000000000001e+01, 0., -6.0267099999999996e+00,
    1.7900000000000002e+01, 0., -5.9753800000000004e+00,
    1.7949999999999999e+01, 0., -5.9313799999999999e+00, 18., 0.,
    -5.8772700000000002e+00, 1.8050000000000001e+01, 0.,
    -5.8351100000000002e+00, 1.8100000000000001e+01, 0.,
    -5.7839099999999997e+00, 1.8150000000000002e+01, 0.,
    -5.7448300000000003e+00, 1.8199999999999999e+01, 0.,
    -5.6938700000000004e+00, 1.8250000000000000e+01, 0.,
    -5.6506299999999996e+00, 1.8300000000000001e+01, 0.,
    -5.6047700000000003e+00, 1.8350000000000001e+01, 0.,
    -5.5725300000000004e+00, 1.8400000000000002e+01, 0.,
    -5.5292000000000003e+00, 1.8449999999999999e+01, 0.,
    -5.4929600000000001e+00, 1.8500000000000000e+01, 0.,
    -5.4442300000000001e+00, 1.8550000000000001e+01, 0.,
    -5.4045899999999998e+00, 1.8600000000000001e+01, 0.,
    -5.3536099999999998e+00, 1.8650000000000002e+01, 0.,
    -5.3026200000000001e+00, 1.8699999999999999e+01, 0.,
    -5.2630200000000000e+00, 1.8750000000000000e+01, 0.,
    -5.2150800000000004e+00, 1.8800000000000001e+01, 0.,
    -5.1817200000000003e+00, 1.8850000000000001e+01, 0.,
    -5.1350899999999999e+00, 1.8900000000000002e+01, 0.,
    -5.0919699999999999e+00, 1.8949999999999999e+01, 0.,
    -5.0417300000000003e+00, 19., 0., -5.0034900000000002e+00,
    1.9050000000000001e+01, 0., -4.9537699999999996e+00,
    1.9100000000000001e+01, 0., -4.9130500000000001e+00,
    1.9150000000000002e+01, 0., -4.8630100000000001e+00,
    1.9200000000000003e+01, 0., -4.8234899999999996e+00,
    1.9250000000000000e+01, 0., -4.7593399999999999e+00,
    1.9300000000000001e+01, 0., -4.7051400000000001e+00,
    1.9350000000000001e+01, 0., -4.6503399999999999e+00,
    1.9400000000000002e+01, 0., -4.6090999999999998e+00,
    1.9450000000000003e+01, 0., -4.5564900000000002e+00,
    1.9500000000000000e+01, 0., -4.5073200000000000e+00,
    1.9550000000000001e+01, 0., -4.4795999999999996e+00,
    1.9600000000000001e+01, 0., -4.4406499999999998e+00,
    1.9650000000000002e+01, 0., -4.4044100000000004e+00,
    1.9700000000000003e+01, 0., -4.3584899999999998e+00,
    1.9750000000000000e+01, 0., -4.3211300000000001e+00,
    1.9800000000000001e+01, 0., -4.2665699999999998e+00,
    1.9850000000000001e+01, 0., -4.2187299999999999e+00,
    1.9900000000000002e+01, 0., -4.1611599999999997e+00,
    1.9950000000000003e+01, 0., -4.1163600000000002e+00, 20., 0.,
    -4.0576499999999998e+00, 2.0050000000000001e+01, 0.,
    -4.0092499999999998e+00, 2.0100000000000001e+01, 0.,
    -3.9550200000000002e+00, 2.0150000000000002e+01, 0.,
    -3.9150200000000002e+00, 2.0200000000000003e+01, 0.,
    -3.8684500000000002e+00, 2.0250000000000000e+01, 0.,
    -3.8238200000000000e+00, 2.0300000000000001e+01, 0.,
    -3.7914200000000000e+00, 2.0350000000000001e+01, 0.,
    -3.7487100000000000e+00, 2.0400000000000002e+01, 0.,
    -3.7119900000000001e+00, 2.0450000000000003e+01, 0.,
    -3.6618200000000001e+00, 2.0500000000000000e+01, 0.,
    -3.6165799999999999e+00, 2.0550000000000001e+01, 0.,
    -3.5554399999999999e+00, 2.0600000000000001e+01, 0.,
