%YAML:1.0
---
profile: [ 24., 0., -3.3521399999999999e+00, 2.4050000000000001e+01, 0.,
    -3.3291300000000001e+00, 2.4100000000000001e+01, 0.,
    -3.3026100000000000e+00, 2.4150000000000002e+01, 0.,
    -3.2673000000000001e+00, 2.4200000000000003e+01, 0.,
    -3.2379400000000000e+00, 2.4250000000000000e+01, 0.,
    -3.1972700000000001e+00, 2.4300000000000001e+01, 0.,
    -3.1639499999999998e+00, 2.4350000000000001e+01, 0.,
    -3.1201099999999999e+00, 2.4400000000000002e+01, 0.,
    -3.0745600000000000e+00, 2.4450000000000003e+01, 0.,
    -3.0343599999999999e+00, 2.4500000000000000e+01, 0.,
    -2.9848200000000000e+00, 2.4550000000000001e+01, 0.,
    -2.9461400000000002e+00, 2.4600000000000001e+01, 0.,
    -2.8984000000000001e+00, 2.4650000000000002e+01, 0.,
    -2.8610000000000002e+00, 2.4700000000000003e+01, 0.,
    -2.8142999999999998e+00, 2.4750000000000000e+01, 0.,
    -2.7770199999999998e+00, 2.4800000000000001e+01, 0.,
    -2.7357499999999999e+00, 2.4850000000000001e+01, 0.,
    -2.6938100000000000e+00, 2.4900000000000002e+01, 0.,
    -2.6538499999999998e+00, 2.4950000000000003e+01, 0.,
    -2.6032500000000001e+00, 25., 0., -2.5621299999999998e+00,
    2.5050000000000001e+01, 0., -2.5071699999999999e+00,
    2.5100000000000001e+01, 0., -2.4589300000000001e+00,
    2.5150000000000002e+01, 0., -2.4013100000000001e+00,
    2.5200000000000003e+01, 0., -2.3585099999999999e+00,
    2.5250000000000000e+01, 0., -2.3022700000000000e+00,
    2.5300000000000001e+01, 0., -2.2558699999999998e+00,
    2.5350000000000001e+01, 0., -2.1934499999999999e+00,
    2.5400000000000002e+01, 0., -2.1411699999999998e+00,
    2.5450000000000003e+01, 0., -2.0889400000000000e+00,
    2.5500000000000000e+01, 0., -2.0498200000000000e+00,
    2.5550000000000001e+01, 0., -2.0068299999999999e+00,
    2.5600000000000001e+01, 0., -1.9676899999999999e+00,
    2.5650000000000002e+01, 0., -1.9440900000000001e+00,
    2.5700000000000003e+01, 0., -1.9059800000000000e+00,
    2.5750000000000000e+01, 0., -1.8653000000000000e+00,
    2.5800000000000001e+01, 0., -1.8175600000000001e+00,
    2.5850000000000001e+01, 0., -1.7810400000000000e+00,
    2.5900000000000002e+01, 0., -1.7393600000000000e+00,
    2.5950000000000003e+01, 0., -1.6959900000000001e+00, 26., 0.,
    -1.6526300000000000e+00, 2.6050000000000001e+01, 0.,
    -1.5970800000000001e+00, 2.6100000000000001e+01, 0.,
    -1.5484000000000000e+00, 2.6150000000000002e+01, 0.,
    -1.4887400000000000e+00, 2.6200000000000003e+01, 0.,
    -1.4424999999999999e+00, 2.6250000000000000e+01, 0.,
    -1.3868199999999999e+00, 2.6300000000000001e+01, 0.,
    -1.3449000000000000e+00, 2.6350000000000001e+01, 0.,
    -1.2966299999999999e+00, 2.6400000000000002e+01, 0.,
    -1.2602300000000000e+00, 2.6450000000000003e+01, 0.,
    -1.2146500000000000e+00, 2.6500000000000000e+01, 0.,
    -1.1693000000000000e+00, 2.6550000000000001e+01, 0.,
    -1.1338999999999999e+00, 2.6600000000000001e+01, 0.,
    -1.0850000000000000e+00, 2.6650000000000002e+01, 0.,
    -1.0310800000000000e+00, 2.6700000000000003e+01, 0.,
    -9.6640000000000004e-01, 2.6750000000000000e+01, 0.,
    -9.1791999999999996e-01, 2.6800000000000001e+01, 0.,
    -8.6034999999999995e-01, 2.6850000000000001e+01, 0.,
    -8.1794999999999995e-01, 2.6900000000000002e+01, 0.,
    -7.6488999999999996e-01, 2.6950000000000003e+01, 0.,
    -7.2248999999999997e-01, 27., 0., -6.6646000000000005e-01,
    2.7050000000000001e+01, 0., -6.2005999999999994e-01,
    2.7100000000000001e+01, 0., -5.6186999999999998e-01,
    2.7150000000000002e+01, 0., -5.1531000000000005e-01,
    2.7200000000000003e+01, 0., -4.7077999999999998e-01,
    2.7250000000000000e+01, 0., -4.2996000000000001e-01,
    2.7300000000000001e+01, 0., -3.9848000000000000e-01,
    2.7350000000000001e+01, 0., -3.5737000000000002e-01,
    2.7400000000000002e+01, 0., -3.2249000000000000e-01,
    2.7450000000000003e+01, 0., -2.6523000000000002e-01,
    2.7500000000000000e+01, 0., -2.1223000000000000e-01,
    2.7550000000000001e+01, 0., -1.5604999999999999e-01,
    2.7600000000000001e+01, 0., -1.1312999999999999e-01,
    2.7650000000000002e+01, 0., -5.9540000000000003e-02,
    2.7700000000000003e+01, 0., -8.9800000000000001e-03,
    2.7750000000000000e+01, 0., 2.1780000000000001e-02,
    2.7800000000000001e+01, 0., 6.3240000000000005e-02,
    2.7850000000000001e+01, 0., 9.9959999999999993e-02,
    2.7900000000000002e+01, 0., 1.5045000000000000e-01,
    2.7950000000000003e+01, 0., 1.9320999999999999e-01, 28., 0.,
    2.4192000000000000e-01, 2.8050000000000001e+01, 0.,
    2.7988000000000002e-01, 2.8100000000000001e+01, 0.,
    3.2877000000000001e-01, 2.8150000000000002e+01, 0.,
    3.7847999999999998e-01, 2.8200000000000003e+01, 0.,
    4.1980000000000001e-01, 2.8250000000000000e+01, 0.,
    4.7415000000000002e-01, 2.8300000000000001e+01, 0.,
    5.2075000000000005e-01, 2.8350000000000001e+01, 0.,
    5.6984999999999997e-01, 2.8400000000000002e+01, 0.,
    6.0416999999999998e-01, 2.8450000000000003e+01, 0.,
    6.5024000000000004e-01, 2.8500000000000000e+01, 0.,
    6.8876000000000004e-01, 2.8550000000000001e+01, 0.,
    7.4234999999999995e-01, 2.8600000000000001e+01, 0.,
    7.9808999999999997e-01, 2.8650000000000002e+01, 0.,
    8.4536999999999995e-01, 2.8700000000000003e+01, 0.,
    9.0527000000000002e-01, 2.8750000000000000e+01, 0.,
    9.5574999999999999e-01, 2.8800000000000001e+01, 0.,
    1.0089300000000001e+00, 2.8850000000000001e+01, 0.,
    1.0394500000000000e+00, 2.8900000000000002e+01, 0.,
    1.0920099999999999e+00, 2.8950000000000003e+01, 0.,
    1.1416500000000001e+00, 29., 0., 1.1847900000000000e+00,
    2.9050000000000001e+01, 0., 1.2151000000000001e+00,
    2.9100000000000001e+01, 0., 1.2390600000000001e+00,
    2.9150000000000002e+01, 0., 1.2729900000000001e+00,
    2.9200000000000003e+01, 0., 1.3049100000000000e+00,
    2.9250000000000000e+01, 0., 1.3538200000000000e+00,
    2.9300000000000001e+01, 0., 1.3976999999999999e+00,
    2.9350000000000001e+01, 0., 1.4577199999999999e+00,
    2.9400000000000002e+01, 0., 1.5067200000000001e+00,
    2.9450000000000003e+01, 0., 1.5688200000000001e+00,
    2.9500000000000000e+01, 0., 1.6295599999999999e+00,
    2.9550000000000001e+01, 0., 1.6732800000000001e+00,
    2.9600000000000001e+01, 0., 1.7253499999999999e+00,
    2.9650000000000002e+01, 0., 1.7637900000000000e+00,
    2.9700000000000003e+01, 0., 1.8214500000000000e+00,
    2.9750000000000000e+01, 0., 1.8726499999999999e+00,
    2.9800000000000001e+01, 0., 1.9186099999999999e+00,
    2.9850000000000001e+01, 0., 1.9457300000000000e+00,
    2.9900000000000002e+01, 0., 1.9577700000000000e+00,
    2.9950000000000003e+01, 0., 1.9838199999999999e+00, 30., 0.,
    2.0280600000000000e+00, 3.0050000000000001e+01, 0.,
    2.0750199999999999e+00, 3.0100000000000001e+01, 0.,
    2.1080600000000000e+00, 3.0150000000000002e+01, 0.,
    2.1638600000000001e+00, 3.0200000000000003e+01, 0.,
    2.2212399999999999e+00, 3.0250000000000000e+01, 0.,
    2.2605599999999999e+00, 3.0300000000000001e+01, 0.,
    2.3129599999999999e+00, 3.0350000000000001e+01, 0.,
    2.3650799999999998e+00, 3.0400000000000002e+01, 0.,
    2.4273099999999999e+00, 3.0450000000000003e+01, 0.,
    2.4735900000000002e+00, 3.0500000000000000e+01, 0.,
    2.5317599999999998e+00, 3.0550000000000001e+01, 0.,
    2.5785600000000000e+00, 3.0600000000000001e+01, 0.,
    2.6415400000000000e+00, 3.0650000000000002e+01, 0.,
    2.6942200000000001e+00, 3.0700000000000003e+01, 0.,
    2.7482600000000001e+00, 3.0750000000000000e+01, 0.,
    2.7988200000000001e+00, 3.0800000000000001e+01, 0.,
    2.8376199999999998e+00, 3.0850000000000001e+01, 0.,
    2.8838200000000001e+00, 3.0900000000000002e+01, 0.,
    2.9180199999999998e+00, 3.0950000000000003e+01, 0.,
    2.9642599999999999e+00, 31., 0., 3.0030199999999998e+00,
    3.1050000000000001e+01, 0., 3.0489899999999999e+00,
    3.1100000000000001e+01, 0., 3.0852300000000001e+00,
    3.1150000000000002e+01, 0., 3.1402999999999999e+00,
