%YAML:1.0
---
profile: [ 4.6900000000000006e+01, 0., -5.8569699999999996e+00,
    4.6950000000000003e+01, 0., -5.8486099999999999e+00, 47., 0.,
    -5.8312700000000000e+00, 4.7050000000000004e+01, 0.,
    -5.8076600000000003e+00, 4.7100000000000001e+01, 0.,
    -5.7832600000000003e+00, 4.7150000000000006e+01, 0.,
    -5.7448800000000002e+00, 4.7200000000000003e+01, 0.,
    -5.7100400000000002e+00, 4.7250000000000000e+01, 0.,
    -5.6463599999999996e+00, 4.7300000000000004e+01, 0.,
    -5.5799300000000001e+00, 4.7350000000000001e+01, 0.,
    -5.5340499999999997e+00, 4.7400000000000006e+01, 0.,
    -5.4798499999999999e+00, 4.7450000000000003e+01, 0.,
    -5.4402900000000001e+00, 4.7500000000000000e+01, 0.,
    -5.3895600000000004e+00, 4.7550000000000004e+01, 0.,
    -5.3379099999999999e+00, 4.7600000000000001e+01, 0.,
    -5.2963500000000003e+00, 4.7650000000000006e+01, 0.,
    -5.2495399999999997e+00, 4.7700000000000003e+01, 0.,
    -5.2183799999999998e+00, 4.7750000000000000e+01, 0.,
    -5.1799600000000003e+00, 4.7800000000000004e+01, 0.,
    -5.1495199999999999e+00, 4.7850000000000001e+01, 0.,
    -5.1024700000000003e+00, 4.7900000000000006e+01, 0.,
    -5.0521200000000004e+00, 4.7950000000000003e+01, 0.,
    -5.0085600000000001e+00, 48., 0., -4.9526899999999996e+00,
    4.8050000000000004e+01, 0., -4.9064100000000002e+00,
    4.8100000000000001e+01, 0., -4.8531899999999997e+00,
    4.8150000000000006e+01, 0., -4.8131500000000003e+00,
    4.8200000000000003e+01, 0., -4.7557999999999998e+00,
    4.8250000000000000e+01, 0., -4.7016799999999996e+00,
    4.8300000000000004e+01, 0., -4.6644399999999999e+00,
    4.8350000000000001e+01, 0., -4.6147999999999998e+00,
    4.8400000000000006e+01, 0., -4.5734800000000000e+00,
    4.8450000000000003e+01, 0., -4.5293400000000004e+00,
    4.8500000000000000e+01, 0., -4.4865700000000004e+00,
    4.8550000000000004e+01, 0., -4.4507700000000003e+00,
    4.8600000000000001e+01, 0., -4.4037800000000002e+00,
    4.8650000000000006e+01, 0., -4.3636200000000001e+00,
    4.8700000000000003e+01, 0., -4.3142500000000004e+00,
    4.8750000000000000e+01, 0., -4.2630800000000004e+00,
    4.8800000000000004e+01, 0., -4.2156000000000002e+00,
    4.8850000000000001e+01, 0., -4.1596399999999996e+00,
    4.8900000000000006e+01, 0., -4.1190400000000000e+00,
    4.8950000000000003e+01, 0., -4.0651999999999999e+00, 49., 0.,
    -4.0205200000000003e+00, 4.9050000000000004e+01, 0.,
    -3.9722000000000000e+00, 4.9100000000000001e+01, 0.,
    -3.9251000000000000e+00, 4.9150000000000006e+01, 0.,
    -3.8852600000000002e+00, 4.9200000000000003e+01, 0.,
    -3.8357500000000000e+00, 4.9250000000000000e+01, 0.,
    -3.7965100000000001e+00, 4.9300000000000004e+01, 0.,
    -3.7434599999999998e+00, 4.9350000000000001e+01, 0.,
    -3.6887400000000001e+00, 4.9400000000000006e+01, 0.,
    -3.6428199999999999e+00, 4.9450000000000003e+01, 0.,
    -3.5877800000000000e+00, 4.9500000000000000e+01, 0.,
    -3.5467000000000000e+00, 4.9550000000000004e+01, 0.,
    -3.5055900000000002e+00, 4.9600000000000001e+01, 0.,
    -3.4782299999999999e+00, 4.9650000000000006e+01, 0.,
    -3.4354100000000001e+00, 4.9700000000000003e+01, 0.,
    -3.3854700000000002e+00, 4.9750000000000000e+01, 0.,
    -3.3395899999999998e+00, 4.9800000000000004e+01, 0.,
    -3.2858700000000001e+00, 4.9850000000000001e+01, 0.,
    -3.2448299999999999e+00, 4.9900000000000006e+01, 0.,
    -3.1886800000000002e+00, 4.9950000000000003e+01, 0.,
    -3.1335700000000002e+00, 50., 0., -3.0966499999999999e+00,
    5.0050000000000004e+01, 0., -3.0463900000000002e+00,
    5.0100000000000001e+01, 0., -3.0012699999999999e+00,
    5.0150000000000006e+01, 0., -2.9465300000000001e+00,
    5.0200000000000003e+01, 0., -2.8940299999999999e+00,
    5.0250000000000000e+01, 0., -2.8557899999999998e+00,
    5.0300000000000004e+01, 0., -2.8097200000000000e+00,
    5.0350000000000001e+01, 0., -2.7749600000000001e+00,
    5.0400000000000006e+01, 0., -2.7268800000000000e+00,
    5.0450000000000003e+01, 0., -2.6859600000000001e+00,
    5.0500000000000000e+01, 0., -2.6341299999999999e+00,
    5.0550000000000004e+01, 0., -2.5810800000000000e+00,
    5.0600000000000001e+01, 0., -2.5351599999999999e+00,
    5.0650000000000006e+01, 0., -2.4805500000000000e+00,
    5.0700000000000003e+01, 0., -2.4383499999999998e+00,
    5.0750000000000000e+01, 0., -2.3890099999999999e+00,
    5.0800000000000004e+01, 0., -2.3413900000000001e+00,
    5.0850000000000001e+01, 0., -2.3060700000000001e+00,
    5.0900000000000006e+01, 0., -2.2609800000000000e+00,
    5.0950000000000003e+01, 0., -2.2237800000000001e+00, 51., 0.,
    -2.1718000000000002e+00, 5.1050000000000004e+01, 0.,
    -2.1183800000000002e+00, 5.1100000000000001e+01, 0.,
    -2.0756999999999999e+00, 5.1150000000000006e+01, 0.,
    -2.0182000000000002e+00, 5.1200000000000003e+01, 0.,
    -1.9673600000000000e+00, 5.1250000000000000e+01, 0.,
    -1.9144900000000000e+00, 5.1300000000000004e+01, 0.,
    -1.8778900000000001e+00, 5.1350000000000001e+01, 0.,
    -1.8277399999999999e+00, 5.1400000000000006e+01, 0.,
    -1.7814200000000000e+00, 5.1450000000000003e+01, 0.,
    -1.7503000000000000e+00, 5.1500000000000000e+01, 0.,
    -1.7113300000000000e+00, 5.1550000000000004e+01, 0.,
    -1.6802100000000000e+00, 5.1600000000000001e+01, 0.,
    -1.6291400000000000e+00, 5.1650000000000006e+01, 0.,
    -1.5787400000000000e+00, 5.1700000000000003e+01, 0.,
    -1.5428999999999999e+00, 5.1750000000000000e+01, 0.,
    -1.4940300000000000e+00, 5.1800000000000004e+01, 0.,
    -1.4528300000000001e+00, 5.1850000000000001e+01, 0.,
    -1.4019600000000001e+00, 5.1900000000000006e+01, 0.,
    -1.3471299999999999e+00, 5.1950000000000003e+01, 0.,
    -1.2900499999999999e+00, 52., 0., -1.2311200000000000e+00,
    5.2050000000000004e+01, 0., -1.1906399999999999e+00,
    5.2100000000000001e+01, 0., -1.1467700000000001e+00,
    5.2150000000000006e+01, 0., -1.1037800000000000e+00,
    5.2200000000000003e+01, 0., -1.0667800000000001e+00,
    5.2250000000000000e+01, 0., -1.0230200000000000e+00,
    5.2300000000000004e+01, 0., -9.8934000000000000e-01,
    5.2350000000000001e+01, 0., -9.3637000000000004e-01,
    5.2400000000000006e+01, 0., -8.8261999999999996e-01,
    5.2450000000000003e+01, 0., -8.4558000000000000e-01,
    5.2500000000000000e+01, 0., -7.9971000000000003e-01,
    5.2550000000000004e+01, 0., -7.6358999999999999e-01,
    5.2600000000000001e+01, 0., -7.2423999999999999e-01,
    5.2650000000000006e+01, 0., -6.8337999999999999e-01,
    5.2700000000000003e+01, 0., -6.4110000000000000e-01,
    5.2750000000000000e+01, 0., -5.8160999999999996e-01,
    5.2800000000000004e+01, 0., -5.3049000000000002e-01,
    5.2850000000000001e+01, 0., -4.7134999999999999e-01,
    5.2900000000000006e+01, 0., -4.1555999999999998e-01,
    5.2950000000000003e+01, 0., -3.7800000000000000e-01, 53., 0.,
    -3.2795000000000002e-01, 5.3050000000000004e+01, 0.,
    -2.8427000000000002e-01, 5.3100000000000001e+01, 0.,
    -2.3444999999999999e-01, 5.3150000000000006e+01, 0.,
    -1.8664000000000000e-01, 5.3200000000000003e+01, 0.,
    -1.5115999999999999e-01, 5.3250000000000000e+01, 0.,
    -1.0456000000000000e-01, 5.3300000000000004e+01, 0.,
    -6.4720000000000000e-02, 5.3350000000000001e+01, 0.,
    -1.9259999999999999e-02, 5.3400000000000006e+01, 0.,
    2.6810000000000000e-02, 5.3450000000000003e+01, 0.,
    6.9010000000000002e-02, 5.3500000000000000e+01, 0.,
    1.2669000000000000e-01, 5.3550000000000004e+01, 0.,
    1.7868999999999999e-01, 5.3600000000000001e+01, 0.,
    2.3921000000000001e-01, 5.3650000000000006e+01, 0.,
    2.9611999999999999e-01, 5.3700000000000003e+01, 0.,
    3.3356000000000002e-01, 5.3750000000000000e+01, 0.,
    3.8671000000000000e-01, 5.3800000000000004e+01, 0.,
    4.3683000000000000e-01, 5.3850000000000001e+01, 0.,
    4.6589999999999998e-01, 5.3900000000000006e+01, 0.,
    4.7942000000000001e-01, 5.3950000000000003e+01, 0.,
    5.1222000000000001e-01, 54., 0., 5.6120999999999999e-01,
