%YAML:1.0
---
profile: [ 1.14999998e+00, 0., -3.66471004e+00, 1.20000005e+00, 0.,
    -3.65370989e+00, 1.25000000e+00, 0., -3.62918997e+00, 1.29999995e+00,
    0., -3.60390997e+00, 1.35000002e+00, 0., -3.58570004e+00,
    1.39999998e+00, 0., -3.57331991e+00, 1.45000005e+00, 0.,
    -3.56640005e+00, 1.50000000e+00, 0., -3.54956007e+00, 1.54999995e+00,
    0., -3.53171992e+00, 1.60000002e+00, 0., -3.51546001e+00,
    1.64999998e+00, 0., -3.50663996e+00, 1.70000005e+00, 0.,
    -3.50663996e+00, 1.75000000e+00, 0., -3.46776009e+00, 1.79999995e+00,
    0., -3.42887998e+00, 1.85000002e+00, 0., -3.46007991e+00,
    1.89999998e+00, 0., -3.47761989e+00, 1.95000005e+00, 0.,
    -3.47362995e+00, 2., 0., -3.47358990e+00, 2.04999995e+00, 0.,
    -3.47474003e+00, 2.09999990e+00, 0., -3.47702003e+00, 2.15000010e+00,
    0., -3.47130990e+00, 2.20000005e+00, 0., -3.46175003e+00,
    2.25000000e+00, 0., -3.45215011e+00, 2.29999995e+00, 0.,
    -3.43680000e+00, 2.34999990e+00, 0., -3.42055011e+00, 2.40000010e+00,
    0., -3.41162992e+00, 2.45000005e+00, 0., -3.39706993e+00,
    2.50000000e+00, 0., -3.38139009e+00, 2.54999995e+00, 0.,
    -3.37673998e+00, 2.59999990e+00, 0., -3.37424994e+00, 2.65000010e+00,
    0., -3.36717010e+00, 2.70000005e+00, 0., -3.35130000e+00,
    2.75000000e+00, 0., -3.33486009e+00, 2.79999995e+00, 0.,
    -3.33065009e+00, 2.84999990e+00, 0., -3.33060002e+00, 2.90000010e+00,
    0., -3.33055997e+00, 2.95000005e+00, 0., -3.33049011e+00, 3., 0.,
    -3.32186007e+00, 3.04999995e+00, 0., -3.30469990e+00, 3.09999990e+00,
    0., -3.26922011e+00, 3.15000010e+00, 0., -3.23338008e+00,
    3.20000005e+00, 0., -3.21534991e+00, 3.25000000e+00, 0.,
    -3.21724010e+00, 3.29999995e+00, 0., -3.22496009e+00, 3.34999990e+00,
    0., -3.19822001e+00, 3.40000010e+00, 0., -3.15741992e+00,
    3.45000005e+00, 0., -3.20012999e+00, 3.50000000e+00, 0.,
    -3.24215007e+00, 3.54999995e+00, 0., -3.24220991e+00, 3.59999990e+00,
    0., -3.24288988e+00, 3.65000010e+00, 0., -3.24317002e+00,
    3.70000005e+00, 0., -3.24281001e+00, 3.75000000e+00, 0.,
    -3.24193001e+00, 3.79999995e+00, 0., -3.21265006e+00, 3.84999990e+00,
    0., -3.17424989e+00, 3.90000010e+00, 0., -3.15432000e+00,
    3.95000005e+00, 0., -3.15336990e+00, 4., 0., -3.15324998e+00,
    4.05000019e+00, 0., -3.15305996e+00, 4.09999990e+00, 0.,
    -3.15294003e+00, 4.15000010e+00, 0., -3.15270996e+00, 4.19999981e+00,
    0., -3.15248990e+00, 4.25000000e+00, 0., -3.15232992e+00,
    4.30000019e+00, 0., -3.15210009e+00, 4.34999990e+00, 0.,
    -3.15188003e+00, 4.40000010e+00, 0., -3.15172005e+00, 4.44999981e+00,
    0., -3.15149999e+00, 4.50000000e+00, 0., -3.14755988e+00,
    4.55000019e+00, 0., -3.13992000e+00, 4.59999990e+00, 0.,
    -3.12486005e+00, 4.65000010e+00, 0., -3.10592008e+00, 4.69999981e+00,
    0., -3.09012008e+00, 4.75000000e+00, 0., -3.08330011e+00,
    4.80000019e+00, 0., -3.09333992e+00, 4.84999990e+00, 0.,
    -3.10205007e+00, 4.90000010e+00, 0., -3.10049009e+00, 4.94999981e+00,
    0., -3.08813000e+00, 5., 0., -3.08012009e+00, 5.05000019e+00, 0.,
    -3.07452989e+00, 5.09999990e+00, 0., -3.06201005e+00, 5.15000010e+00,
    0., -3.05101991e+00, 5.19999981e+00, 0., -3.04478002e+00,
    5.25000000e+00, 0., -3.04222989e+00, 5.30000019e+00, 0.,
    -3.02982998e+00, 5.34999990e+00, 0., -3.00646996e+00, 5.40000010e+00,
    0., -2.99226999e+00, 5.44999981e+00, 0., -2.98722005e+00,
    5.50000000e+00, 0., -2.98025990e+00, 5.55000019e+00, 0.,
    -2.96866989e+00, 5.59999990e+00, 0., -2.95602989e+00, 5.65000010e+00,
    0., -2.95348001e+00, 5.69999981e+00, 0., -2.95268989e+00,
    5.75000000e+00, 0., -2.95021009e+00, 5.80000019e+00, 0.,
    -2.94467998e+00, 5.84999990e+00, 0., -2.93154001e+00, 5.90000010e+00,
    0., -2.89870000e+00, 5.94999981e+00, 0., -2.87714005e+00, 6., 0.,
    -2.88321996e+00, 6.05000019e+00, 0., -2.89152002e+00, 6.09999990e+00,
    0., -2.86986995e+00, 6.15000010e+00, 0., -2.81643009e+00,
    6.19999981e+00, 0., -2.77282000e+00, 6.25000000e+00, 0.,
    -2.76586008e+00, 6.30000019e+00, 0., -2.76806998e+00, 6.34999990e+00,
    0., -2.77904010e+00, 6.40000010e+00, 0., -2.79247999e+00,
    6.44999981e+00, 0., -2.79572010e+00, 6.50000000e+00, 0.,
    -2.79064012e+00, 6.55000019e+00, 0., -2.77099991e+00, 6.59999990e+00,
    0., -2.77568007e+00, 6.65000010e+00, 0., -2.79497004e+00,
    6.69999981e+00, 0., -2.79485011e+00, 6.75000000e+00, 0.,
    -2.79462004e+00, 6.80000019e+00, 0., -2.79442000e+00, 6.84999990e+00,
    0., -2.79426003e+00, 6.90000010e+00, 0., -2.76050997e+00,
    6.94999981e+00, 0., -2.71563005e+00, 7., 0., -2.74336004e+00,
    7.05000019e+00, 0., -2.76256990e+00, 7.09999990e+00, 0.,
    -2.70073009e+00, 7.15000010e+00, 0., -2.65420008e+00, 7.19999981e+00,
    0., -2.65400004e+00, 7.25000000e+00, 0., -2.62894011e+00,
    7.30000019e+00, 0., -2.60394001e+00, 7.34999990e+00, 0.,
    -2.61104012e+00, 7.40000010e+00, 0., -2.60478997e+00, 7.44999981e+00,
    0., -2.58754992e+00, 7.50000000e+00, 0., -2.60249996e+00,
    7.55000019e+00, 0., -2.61683011e+00, 7.59999990e+00, 0.,
    -2.61663008e+00, 7.65000010e+00, 0., -2.61633992e+00, 7.69999981e+00,
    0., -2.61603999e+00, 7.75000000e+00, 0., -2.61583996e+00,
    7.80000019e+00, 0., -2.57091999e+00, 7.84999990e+00, 0.,
    -2.52607989e+00, 7.90000010e+00, 0., -2.59493995e+00, 7.94999981e+00,
    0., -2.59568000e+00, 8., 0., -2.56698990e+00, 8.05000019e+00, 0.,
    -2.52942991e+00, 8.10000038e+00, 0., -2.49376988e+00, 8.14999962e+00,
    0., -2.50129008e+00, 8.19999981e+00, 0., -2.50373006e+00,
    8.25000000e+00, 0., -2.50404000e+00, 8.30000019e+00, 0.,
    -2.51236010e+00, 8.35000038e+00, 0., -2.55297995e+00, 8.39999962e+00,
    0., -2.56184006e+00, 8.44999981e+00, 0., -2.50672007e+00,
    8.50000000e+00, 0., -2.47385001e+00, 8.55000019e+00, 0.,
    -2.49077010e+00, 8.60000038e+00, 0., -2.49483991e+00, 8.64999962e+00,
    0., -2.49150991e+00, 8.69999981e+00, 0., -2.48515010e+00,
    8.75000000e+00, 0., -2.46838999e+00, 8.80000019e+00, 0.,
    -2.45825005e+00, 8.85000038e+00, 0., -2.47800994e+00, 8.89999962e+00,
    0., -2.48357010e+00, 8.94999981e+00, 0., -2.48391008e+00, 9., 0.,
    -2.48375010e+00, 9.05000019e+00, 0., -2.46615005e+00, 9.10000038e+00,
    0., -2.44283009e+00, 9.14999962e+00, 0., -2.43673992e+00,
    9.19999981e+00, 0., -2.43216991e+00, 9.25000000e+00, 0.,
    -2.42340994e+00, 9.30000019e+00, 0., -2.42875004e+00, 9.35000038e+00,
    0., -2.43467999e+00, 9.39999962e+00, 0., -2.43524003e+00,
    9.44999981e+00, 0., -2.43442011e+00, 9.50000000e+00, 0.,
    -2.43358994e+00, 9.55000019e+00, 0., -2.43342996e+00, 9.60000038e+00,
    0., -2.43323994e+00, 9.64999962e+00, 0., -2.41374993e+00,
    9.69999981e+00, 0., -2.37507010e+00, 9.75000000e+00, 0.,
    -2.34597993e+00, 9.80000019e+00, 0., -2.34586000e+00, 9.85000038e+00,
    0., -2.38805008e+00, 9.89999962e+00, 0., -2.40443993e+00,
    9.94999981e+00, 0., -2.39815998e+00, 10., 0., -2.38005996e+00,
    1.00500002e+01, 0., -2.34345007e+00, 1.01000004e+01, 0.,
    -2.29508996e+00, 1.01499996e+01, 0., -2.24640012e+00, 1.01999998e+01,
    0., -2.22171998e+00, 1.02500000e+01, 0., -2.21623993e+00,
    1.03000002e+01, 0., -2.21915007e+00, 1.03500004e+01, 0.,
    -2.19446993e+00, 1.03999996e+01, 0., -2.17585993e+00, 1.04499998e+01,
    0., -2.17565989e+00, 1.05000000e+01, 0., -2.19167995e+00,
    1.05500002e+01, 0., -2.20363998e+00, 1.06000004e+01, 0.,
    -2.20343995e+00, 1.06499996e+01, 0., -2.19633007e+00, 1.06999998e+01,
    0., -2.18924999e+00, 1.07500000e+01, 0., -2.18900990e+00,
    1.08000002e+01, 0., -2.16126990e+00, 1.08500004e+01, 0.,
    -2.12447000e+00, 1.08999996e+01, 0., -2.11500001e+00, 1.09499998e+01,
    0., -2.11468005e+00, 11., 0., -2.11443996e+00, 1.10500002e+01, 0.,
    -2.08763003e+00, 1.11000004e+01, 0., -2.06084991e+00, 1.11499996e+01,
    0., -2.06065011e+00, 1.11999998e+01, 0., -2.06034994e+00,
    1.12500000e+01, 0., -2.06011009e+00, 1.13000002e+01, 0.,
    -2.05979991e+00, 1.13500004e+01, 0., -2.05947995e+00, 1.13999996e+01,
