%YAML:1.0
---
profile: [ 5.00000007e-02, 0., -1.77280598e+01, 1.00000001e-01, 0.,
    -1.77768993e+01, 1.50000006e-01, 0., -1.77688293e+01, 2.00000003e-01,
    0., -1.77466507e+01, 2.50000000e-01, 0., -1.77390900e+01,
    3.00000012e-01, 0., -1.77235699e+01, 3.49999994e-01, 0.,
    -1.77039700e+01, 4.00000006e-01, 0., -1.76884899e+01, 4.49999988e-01,
    0., -1.76809292e+01, 5.00000000e-01, 0., -1.77217903e+01,
    5.50000012e-01, 0., -1.77397194e+01, 6.00000024e-01, 0.,
    -1.77351208e+01, 6.49999976e-01, 0., -1.77338295e+01, 6.99999988e-01,
    0., -1.77233200e+01, 7.50000000e-01, 0., -1.77025604e+01,
    8.00000012e-01, 0., -1.76737995e+01, 8.50000024e-01, 0.,
    -1.76475201e+01, 8.99999976e-01, 0., -1.76303005e+01, 9.49999988e-01,
    0., -1.76249409e+01, 1., 0., -1.76166096e+01, 1.04999995e+00, 0.,
    -1.76068001e+01, 1.10000002e+00, 0., -1.75977192e+01, 1.14999998e+00,
    0., -1.75925007e+01, 1.20000005e+00, 0., -1.75916595e+01,
    1.25000000e+00, 0., -1.75912895e+01, 1.29999995e+00, 0.,
    -1.75893002e+01, 1.35000002e+00, 0., -1.75855007e+01, 1.39999998e+00,
    0., -1.75764198e+01, 1.45000005e+00, 0., -1.75669098e+01,
    1.50000000e+00, 0., -1.75668297e+01, 1.54999995e+00, 0.,
    -1.75662804e+01, 1.60000002e+00, 0., -1.75653191e+01, 1.64999998e+00,
    0., -1.75650005e+01, 1.70000005e+00, 0., -1.75603504e+01,
    1.75000000e+00, 0., -1.75423107e+01, 1.79999995e+00, 0.,
    -1.75291595e+01, 1.85000002e+00, 0., -1.75298405e+01, 1.89999998e+00,
    0., -1.74999294e+01, 1.95000005e+00, 0., -1.74698505e+01, 2., 0.,
    -1.74689903e+01, 2.04999995e+00, 0., -1.74679298e+01, 2.09999990e+00,
    0., -1.74558506e+01, 2.15000010e+00, 0., -1.74418392e+01,
    2.20000005e+00, 0., -1.74312401e+01, 2.25000000e+00, 0.,
    -1.74173508e+01, 2.29999995e+00, 0., -1.74032192e+01, 2.34999990e+00,
    0., -1.73918991e+01, 2.40000010e+00, 0., -1.73844109e+01,
    2.45000005e+00, 0., -1.73820496e+01, 2.50000000e+00, 0.,
    -1.73803501e+01, 2.54999995e+00, 0., -1.73787498e+01, 2.59999990e+00,
    0., -1.73771095e+01, 2.65000010e+00, 0., -1.73889294e+01,
    2.70000005e+00, 0., -1.74051399e+01, 2.75000000e+00, 0.,
    -1.74024601e+01, 2.79999995e+00, 0., -1.74009705e+01, 2.84999990e+00,
    0., -1.74008503e+01, 2.90000010e+00, 0., -1.73963795e+01,
    2.95000005e+00, 0., -1.73911591e+01, 3., 0., -1.73873196e+01,
    3.04999995e+00, 0., -1.73701992e+01, 3.09999990e+00, 0.,
    -1.73499603e+01, 3.15000010e+00, 0., -1.73185501e+01, 3.20000005e+00,
    0., -1.72894096e+01, 3.25000000e+00, 0., -1.72781296e+01,
    3.29999995e+00, 0., -1.72658501e+01, 3.34999990e+00, 0.,
    -1.72582893e+01, 3.40000010e+00, 0., -1.72537708e+01, 3.45000005e+00,
    0., -1.72527199e+01, 3.50000000e+00, 0., -1.72525997e+01,
    3.54999995e+00, 0., -1.72562904e+01, 3.59999990e+00, 0.,
    -1.72637691e+01, 3.65000010e+00, 0., -1.72356796e+01, 3.70000005e+00,
    0., -1.72056408e+01, 3.75000000e+00, 0., -1.72055206e+01,
    3.79999995e+00, 0., -1.72014408e+01, 3.84999990e+00, 0.,
    -1.71935997e+01, 3.90000010e+00, 0., -1.71817799e+01, 3.95000005e+00,
    0., -1.71774292e+01, 4., 0., -1.71993904e+01, 4.05000019e+00, 0.,
    -1.71957302e+01, 4.09999990e+00, 0., -1.71762104e+01, 4.15000010e+00,
    0., -1.71821499e+01, 4.19999981e+00, 0., -1.71902294e+01,
    4.25000000e+00, 0., -1.71900692e+01, 4.30000019e+00, 0.,
    -1.71980305e+01, 4.34999990e+00, 0., -1.72032204e+01, 4.40000010e+00,
    0., -1.71919804e+01, 4.44999981e+00, 0., -1.72079201e+01,
    4.50000000e+00, 0., -1.72236805e+01, 4.55000019e+00, 0.,
    -1.71716805e+01, 4.59999990e+00, 0., -1.71196804e+01, 4.65000010e+00,
    0., -1.70900803e+01, 4.69999981e+00, 0., -1.70695496e+01,
    4.75000000e+00, 0., -1.70537491e+01, 4.80000019e+00, 0.,
    -1.70464897e+01, 4.84999990e+00, 0., -1.70556507e+01, 4.90000010e+00,
    0., -1.70680008e+01, 4.94999981e+00, 0., -1.70706005e+01, 5., 0.,
    -1.70608006e+01, 5.05000019e+00, 0., -1.70608406e+01, 5.09999990e+00,
    0., -1.70699501e+01, 5.15000010e+00, 0., -1.70799904e+01,
    5.19999981e+00, 0., -1.70798798e+01, 5.25000000e+00, 0.,
    -1.70730400e+01, 5.30000019e+00, 0., -1.70472698e+01, 5.34999990e+00,
    0., -1.70204296e+01, 5.40000010e+00, 0., -1.70091095e+01,
    5.44999981e+00, 0., -1.70056400e+01, 5.50000000e+00, 0.,
    -1.70156403e+01, 5.55000019e+00, 0., -1.70179806e+01, 5.59999990e+00,
    0., -1.70177898e+01, 5.65000010e+00, 0., -1.70176697e+01,
    5.69999981e+00, 0., -1.70041199e+01, 5.75000000e+00, 0.,
    -1.69861603e+01, 5.80000019e+00, 0., -1.69666004e+01, 5.84999990e+00,
    0., -1.69506702e+01, 5.90000010e+00, 0., -1.69471092e+01,
    5.94999981e+00, 0., -1.69364204e+01, 6., 0., -1.69245396e+01,
    6.05000019e+00, 0., -1.69004993e+01, 6.09999990e+00, 0.,
    -1.68794498e+01, 6.15000010e+00, 0., -1.68792896e+01, 6.19999981e+00,
    0., -1.68997593e+01, 6.25000000e+00, 0., -1.69328995e+01,
    6.30000019e+00, 0., -1.69004993e+01, 6.34999990e+00, 0.,
    -1.68656807e+01, 6.40000010e+00, 0., -1.68561592e+01, 6.44999981e+00,
    0., -1.68595695e+01, 6.50000000e+00, 0., -1.68704205e+01,
    6.55000019e+00, 0., -1.68703003e+01, 6.59999990e+00, 0.,
    -1.68611393e+01, 6.65000010e+00, 0., -1.68431396e+01, 6.69999981e+00,
    0., -1.68205509e+01, 6.75000000e+00, 0., -1.68025093e+01,
    6.80000019e+00, 0., -1.68037491e+01, 6.84999990e+00, 0.,
    -1.68061008e+01, 6.90000010e+00, 0., -1.68022194e+01, 6.94999981e+00,
    0., -1.68013802e+01, 7., 0., -1.68026104e+01, 7.05000019e+00, 0.,
    -1.68016109e+01, 7.09999990e+00, 0., -1.67937698e+01, 7.15000010e+00,
    0., -1.67840099e+01, 7.19999981e+00, 0., -1.67680302e+01,
    7.25000000e+00, 0., -1.67506409e+01, 7.30000019e+00, 0.,
    -1.67351608e+01, 7.34999990e+00, 0., -1.67219505e+01, 7.40000010e+00,
    0., -1.67188301e+01, 7.44999981e+00, 0., -1.67107601e+01,
    7.50000000e+00, 0., -1.67016392e+01, 7.55000019e+00, 0.,
    -1.67000008e+01, 7.59999990e+00, 0., -1.66973801e+01, 7.65000010e+00,
    0., -1.66946602e+01, 7.69999981e+00, 0., -1.67141609e+01,
    7.75000000e+00, 0., -1.67114105e+01, 7.80000019e+00, 0.,
    -1.66756096e+01, 7.84999990e+00, 0., -1.66430206e+01, 7.90000010e+00,
    0., -1.66317005e+01, 7.94999981e+00, 0., -1.66153202e+01, 8., 0.,
    -1.66010399e+01, 8.05000019e+00, 0., -1.66308193e+01, 8.10000038e+00,
    0., -1.66306591e+01, 8.14999962e+00, 0., -1.66081791e+01,
    8.19999981e+00, 0., -1.66008205e+01, 8.25000000e+00, 0.,
    -1.65997200e+01, 8.30000019e+00, 0., -1.66019993e+01, 8.35000038e+00,
    0., -1.65862808e+01, 8.39999962e+00, 0., -1.65638008e+01,
    8.44999981e+00, 0., -1.65431004e+01, 8.50000000e+00, 0.,
    -1.65244408e+01, 8.55000019e+00, 0., -1.65101604e+01, 8.60000038e+00,
    0., -1.64978008e+01, 8.64999962e+00, 0., -1.64946404e+01,
    8.69999981e+00, 0., -1.64903603e+01, 8.75000000e+00, 0.,
    -1.64884109e+01, 8.80000019e+00, 0., -1.64949703e+01, 8.85000038e+00,
    0., -1.64903297e+01, 8.89999962e+00, 0., -1.64797707e+01,
    8.94999981e+00, 0., -1.64761791e+01, 9., 0., -1.64749908e+01,
    9.05000019e+00, 0., -1.64739494e+01, 9.10000038e+00, 0.,
    -1.64847202e+01, 9.14999962e+00, 0., -1.64964199e+01, 9.19999981e+00,
    0., -1.64829006e+01, 9.25000000e+00, 0., -1.64581604e+01,
    9.30000019e+00, 0., -1.64290409e+01, 9.35000038e+00, 0.,
    -1.64121399e+01, 9.39999962e+00, 0., -1.64090195e+01, 9.44999981e+00,
    0., -1.64080296e+01, 9.50000000e+00, 0., -1.64048195e+01,
    9.55000019e+00, 0., -1.63987408e+01, 9.60000038e+00, 0.,
    -1.63955193e+01, 9.64999962e+00, 0., -1.63936005e+01, 9.69999981e+00,
    0., -1.63867607e+01, 9.75000000e+00, 0., -1.63815193e+01,
    9.80000019e+00, 0., -1.63813591e+01, 9.85000038e+00, 0.,
    -1.63789101e+01, 9.89999962e+00, 0., -1.63783493e+01, 9.94999981e+00,
    0., -1.63857899e+01, 10., 0., -1.63893909e+01, 1.00500002e+01, 0.,
    -1.63891392e+01, 1.01000004e+01, 0., -1.63889809e+01, 1.01499996e+01,
    0., -1.63824100e+01, 1.01999998e+01, 0., -1.63695297e+01,
    1.02500000e+01, 0., -1.63638592e+01, 1.03000002e+01, 0.,
