%YAML:1.0
---
profile: [ 5.75000000e+00, 0., 1.44785500e+01, 5.80000019e+00, 0.,
    1.44722700e+01, 5.84999990e+00, 0., 1.44697304e+01, 5.90000010e+00,
    0., 1.44717102e+01, 5.94999981e+00, 0., 1.44744701e+01, 6., 0.,
    1.44752102e+01, 6.05000019e+00, 0., 1.44755497e+01, 6.09999990e+00,
    0., 1.44762297e+01, 6.15000010e+00, 0., 1.44792004e+01,
    6.19999981e+00, 0., 1.44879303e+01, 6.25000000e+00, 0.,
    1.45011301e+01, 6.30000019e+00, 0., 1.45051098e+01, 6.34999990e+00,
    0., 1.45035896e+01, 6.40000010e+00, 0., 1.44994297e+01,
    6.44999981e+00, 0., 1.45123501e+01, 6.50000000e+00, 0.,
    1.45235500e+01, 6.55000019e+00, 0., 1.45249500e+01, 6.59999990e+00,
    0., 1.45302601e+01, 6.65000010e+00, 0., 1.45364103e+01,
    6.69999981e+00, 0., 1.45413303e+01, 6.75000000e+00, 0.,
    1.45517197e+01, 6.80000019e+00, 0., 1.45648899e+01, 6.84999990e+00,
    0., 1.45774899e+01, 6.90000010e+00, 0., 1.45984402e+01,
    6.94999981e+00, 0., 1.46177797e+01, 7., 0., 1.46240997e+01,
    7.05000019e+00, 0., 1.46292000e+01, 7.09999990e+00, 0.,
    1.46345100e+01, 7.15000010e+00, 0., 1.46413498e+01, 7.19999981e+00,
    0., 1.46492300e+01, 7.25000000e+00, 0., 1.46564503e+01,
    7.30000019e+00, 0., 1.46606102e+01, 7.34999990e+00, 0.,
    1.46617298e+01, 7.40000010e+00, 0., 1.46656904e+01, 7.44999981e+00,
    0., 1.46734505e+01, 7.50000000e+00, 0., 1.46810303e+01,
    7.55000019e+00, 0., 1.46892004e+01, 7.59999990e+00, 0.,
    1.46969604e+01, 7.65000010e+00, 0., 1.47081003e+01, 7.69999981e+00,
    0., 1.47167997e+01, 7.75000000e+00, 0., 1.47203999e+01,
    7.80000019e+00, 0., 1.47293797e+01, 7.84999990e+00, 0.,
    1.47428398e+01, 7.90000010e+00, 0., 1.47645197e+01, 7.94999981e+00,
    0., 1.47770700e+01, 8., 0., 1.47793102e+01, 8.05000019e+00, 0.,
    1.47794304e+01, 8.10000038e+00, 0., 1.47821903e+01, 8.14999962e+00,
    0., 1.47867298e+01, 8.19999981e+00, 0., 1.47903299e+01,
    8.25000000e+00, 0., 1.47953596e+01, 8.30000019e+00, 0.,
    1.48049097e+01, 8.35000038e+00, 0., 1.48176298e+01, 8.39999962e+00,
    0., 1.48272800e+01, 8.44999981e+00, 0., 1.48346500e+01,
    8.50000000e+00, 0., 1.48466501e+01, 8.55000019e+00, 0.,
    1.48543501e+01, 8.60000038e+00, 0., 1.48570299e+01, 8.64999962e+00,
    0., 1.48585901e+01, 8.69999981e+00, 0., 1.48616304e+01,
    8.75000000e+00, 0., 1.48644199e+01, 8.80000019e+00, 0.,
    1.48638601e+01, 8.85000038e+00, 0., 1.48673601e+01, 8.89999962e+00,
    0., 1.48747196e+01, 8.94999981e+00, 0., 1.48839197e+01, 9., 0.,
    1.48836203e+01, 9.05000019e+00, 0., 1.48845301e+01, 9.10000038e+00,
    0., 1.48902502e+01, 9.14999962e+00, 0., 1.49002304e+01,
    9.19999981e+00, 0., 1.49146996e+01, 9.25000000e+00, 0.,
    1.49308596e+01, 9.30000019e+00, 0., 1.49406204e+01, 9.35000038e+00,
    0., 1.49463797e+01, 9.39999962e+00, 0., 1.49492998e+01,
    9.44999981e+00, 0., 1.49603796e+01, 9.50000000e+00, 0.,
    1.49688797e+01, 9.55000019e+00, 0., 1.49703999e+01, 9.60000038e+00,
    0., 1.49737501e+01, 9.64999962e+00, 0., 1.49819803e+01,
    9.69999981e+00, 0., 1.49939404e+01, 9.75000000e+00, 0.,
    1.49964600e+01, 9.80000019e+00, 0., 1.50003099e+01, 9.85000038e+00,
    0., 1.50087900e+01, 9.89999962e+00, 0., 1.50125303e+01,
    9.94999981e+00, 0., 1.50148201e+01, 10., 0., 1.50170603e+01,
    1.00500002e+01, 0., 1.50198803e+01, 1.01000004e+01, 0.,
    1.50251503e+01, 1.01499996e+01, 0., 1.50322704e+01, 1.01999998e+01,
    0., 1.50369701e+01, 1.02500000e+01, 0., 1.50447998e+01,
    1.03000002e+01, 0., 1.50560398e+01, 1.03500004e+01, 0.,
    1.50881701e+01, 1.03999996e+01, 0., 1.51212597e+01, 1.04499998e+01,
    0., 1.51363401e+01, 1.05000000e+01, 0., 1.51543999e+01,
    1.05500002e+01, 0., 1.51707001e+01, 1.06000004e+01, 0.,
    1.51798201e+01, 1.06499996e+01, 0., 1.51881504e+01, 1.06999998e+01,
    0., 1.51933804e+01, 1.07500000e+01, 0., 1.51942196e+01,
    1.08000002e+01, 0., 1.51921501e+01, 1.08500004e+01, 0.,
    1.51858597e+01, 1.08999996e+01, 0., 1.51739397e+01, 1.09499998e+01,
    0., 1.51523895e+01, 11., 0., 1.51090803e+01, 1.10500002e+01, 0.,
    1.50281296e+01, 1.11000004e+01, 0., 1.49129496e+01, 1.11499996e+01,
    0., 1.44446297e+01, 1.11999998e+01, 0., 1.40047398e+01,
    1.12500000e+01, 0., 1.37071400e+01, 1.13000002e+01, 0.,
    1.35161400e+01, 1.13500004e+01, 0., 1.34108400e+01, 1.13999996e+01,
    0., 1.30584202e+01, 1.14499998e+01, 0., 1.26391296e+01,
    1.15000000e+01, 0., 1.23596296e+01, 1.15500002e+01, 0.,
    1.22224798e+01, 1.16000004e+01, 0., 1.20367603e+01, 1.16499996e+01,
    0., 1.18936195e+01, 1.16999998e+01, 0., 1.16672497e+01,
    1.17500000e+01, 0., 1.14953604e+01, 1.18000002e+01, 0.,
    1.13409796e+01, 1.18500004e+01, 0., 1.09930296e+01, 1.18999996e+01,
    0., 1.07636204e+01, 1.19499998e+01, 0., 1.04929104e+01, 12., 0.,
    1.02978697e+01, 1.20500002e+01, 0., 1.01389599e+01, 1.21000004e+01,
    0., 9.91635990e+00, 1.21499996e+01, 0., 9.77882957e+00,
    1.21999998e+01, 0., 9.59813976e+00, 1.22500000e+01, 0.,
    9.38689041e+00, 1.23000002e+01, 0., 9.11143017e+00, 1.23500004e+01,
    0., 8.64144993e+00, 1.23999996e+01, 0., 8.52908039e+00,
    1.24499998e+01, 0., 8.36616039e+00, 1.25000000e+01, 0.,
    8.11126995e+00, 1.25500002e+01, 0., 8.00314999e+00, 1.26000004e+01,
    0., 7.85196018e+00, 1.26499996e+01, 0., 7.61062002e+00,
    1.26999998e+01, 0., 7.42930984e+00, 1.27500000e+01, 0.,
    7.09813976e+00, 1.28000002e+01, 0., 6.96872997e+00, 1.28500004e+01,
    0., 6.37834978e+00, 1.28999996e+01, 0., 6.28423977e+00,
    1.29499998e+01, 0., 6.24151993e+00, 13., 0., 6.15044022e+00,
    1.30500002e+01, 0., 5.75421000e+00, 1.31000004e+01, 0.,
    5.47883987e+00, 1.31499996e+01, 0., 5.33468008e+00, 1.31999998e+01,
    0., 5.14019012e+00, 1.32500000e+01, 0., 4.98417997e+00,
    1.33000002e+01, 0., 4.85944986e+00, 1.33500004e+01, 0.,
    4.52701998e+00, 1.33999996e+01, 0., 4.33460999e+00, 1.34499998e+01,
    0., 4.22388983e+00, 1.35000000e+01, 0., 4.08411980e+00,
    1.35500002e+01, 0., 3.69479990e+00, 1.36000004e+01, 0.,
    3.35232997e+00, 1.36499996e+01, 0., 3.15645003e+00, 1.36999998e+01,
    0., 2.94935012e+00, 1.37500000e+01, 0., 2.83852005e+00,
    1.38000002e+01, 0., 2.51959991e+00, 1.38500004e+01, 0.,
    2.01289010e+00, 1.38999996e+01, 0., 1.87073004e+00, 1.39499998e+01,
    0., 1.83477998e+00, 14., 0., 1.79630005e+00, 1.40500002e+01, 0.,
    1.76039004e+00, 1.41000004e+01, 0., 1.67273998e+00, 1.41499996e+01,
    0., 1.33010995e+00, 1.41999998e+01, 0., 1.07598996e+00,
    1.42500000e+01, 0., 7.57110000e-01, 1.43000002e+01, 0.,
    3.09170008e-01, 1.43500004e+01, 0., 1.64340004e-01, 1.43999996e+01,
    0., 4.97200005e-02, 1.44499998e+01, 0., -6.82099983e-02,
    1.45000000e+01, 0., -2.16830000e-01, 1.45500002e+01, 0.,
    -4.94049996e-01, 1.46000004e+01, 0., -9.48559999e-01, 1.46499996e+01,
    0., -1.13813996e+00, 1.46999998e+01, 0., -1.22363997e+00,
    1.47500000e+01, 0., -1.39086998e+00, 1.48000002e+01, 0.,
    -1.80824995e+00, 1.48500004e+01, 0., -2.01237011e+00, 1.48999996e+01,
    0., -2.31638002e+00, 1.49499998e+01, 0., -2.49673009e+00, 15., 0.,
    -2.71587992e+00, 1.50500002e+01, 0., -3.08775997e+00, 1.51000004e+01,
    0., -3.25251007e+00, 1.51499996e+01, 0., -3.37876010e+00,
    1.51999998e+01, 0., -3.48593998e+00, 1.52500000e+01, 0.,
    -3.69614005e+00, 1.53000002e+01, 0., -4.05226994e+00, 1.53500004e+01,
    0., -4.23441982e+00, 1.53999996e+01, 0., -4.40432978e+00,
    1.54499998e+01, 0., -4.72114992e+00, 1.55000000e+01, 0.,
    -4.89811993e+00, 1.55500002e+01, 0., -5.14455986e+00, 1.56000004e+01,
    0., -5.38605022e+00, 1.56499996e+01, 0., -5.52726984e+00,
    1.56999998e+01, 0., -5.64803982e+00, 1.57500000e+01, 0.,
    -5.76892996e+00, 1.58000002e+01, 0., -6.15990019e+00, 1.58500004e+01,
    0., -6.52707005e+00, 1.58999996e+01, 0., -6.70869017e+00,
    1.59499998e+01, 0., -6.89132023e+00, 16., 0., -7.04547024e+00,
    1.60499992e+01, 0., -7.22279978e+00, 1.61000004e+01, 0.,
    -7.64320993e+00, 1.61499996e+01, 0., -7.88536978e+00, 1.62000008e+01,
