%YAML:1.0
---
profile: [ 5.00000007e-02, 0., -1.71949406e+01, 1.00000001e-01, 0.,
    -1.71864204e+01, 1.50000006e-01, 0., -1.71833801e+01, 2.00000003e-01,
    0., -1.71769505e+01, 2.50000000e-01, 0., -1.71687107e+01,
    3.00000012e-01, 0., -1.71632099e+01, 3.49999994e-01, 0.,
    -1.71578407e+01, 4.00000006e-01, 0., -1.71436405e+01, 4.49999988e-01,
    0., -1.71306801e+01, 5.00000000e-01, 0., -1.71261196e+01,
    5.50000012e-01, 0., -1.71166992e+01, 6.00000024e-01, 0.,
    -1.71301098e+01, 6.49999976e-01, 0., -1.72121201e+01, 6.99999988e-01,
    0., -1.71739197e+01, 7.50000000e-01, 0., -1.71357193e+01,
    8.00000012e-01, 0., -1.70835991e+01, 8.50000024e-01, 0.,
    -1.70411205e+01, 8.99999976e-01, 0., -1.70303001e+01, 9.49999988e-01,
    0., -1.70300999e+01, 1., 0., -1.70299797e+01, 1.04999995e+00, 0.,
    -1.70297394e+01, 1.10000002e+00, 0., -1.70291405e+01, 1.14999998e+00,
    0., -1.70275002e+01, 1.20000005e+00, 0., -1.70236492e+01,
    1.25000000e+00, 0., -1.70184097e+01, 1.29999995e+00, 0.,
    -1.70109692e+01, 1.35000002e+00, 0., -1.70031796e+01, 1.39999998e+00,
    0., -1.69963799e+01, 1.45000005e+00, 0., -1.69877796e+01,
    1.50000000e+00, 0., -1.69808598e+01, 1.54999995e+00, 0.,
    -1.69723206e+01, 1.60000002e+00, 0., -1.69644203e+01, 1.64999998e+00,
    0., -1.69600601e+01, 1.70000005e+00, 0., -1.69434700e+01,
    1.75000000e+00, 0., -1.69242706e+01, 1.79999995e+00, 0.,
    -1.69183102e+01, 1.85000002e+00, 0., -1.69223804e+01, 1.89999998e+00,
    0., -1.69188194e+01, 1.95000005e+00, 0., -1.69163704e+01, 2., 0.,
    -1.69154892e+01, 2.04999995e+00, 0., -1.69024506e+01, 2.09999990e+00,
    0., -1.68898602e+01, 2.15000010e+00, 0., -1.68904991e+01,
    2.20000005e+00, 0., -1.68862591e+01, 2.25000000e+00, 0.,
    -1.68801804e+01, 2.29999995e+00, 0., -1.68695107e+01, 2.34999990e+00,
    0., -1.68567600e+01, 2.40000010e+00, 0., -1.68421593e+01,
    2.45000005e+00, 0., -1.68346806e+01, 2.50000000e+00, 0.,
    -1.68345203e+01, 2.54999995e+00, 0., -1.68342991e+01, 2.59999990e+00,
    0., -1.68340607e+01, 2.65000010e+00, 0., -1.68339005e+01,
    2.70000005e+00, 0., -1.68020401e+01, 2.75000000e+00, 0.,
    -1.67596798e+01, 2.79999995e+00, 0., -1.67555008e+01, 2.84999990e+00,
    0., -1.67776794e+01, 2.90000010e+00, 0., -1.67758408e+01,
    2.95000005e+00, 0., -1.67773304e+01, 3., 0., -1.67880192e+01,
    3.04999995e+00, 0., -1.68176193e+01, 3.09999990e+00, 0.,
    -1.68007107e+01, 3.15000010e+00, 0., -1.67584305e+01, 3.20000005e+00,
    0., -1.67846508e+01, 3.25000000e+00, 0., -1.68109093e+01,
    3.29999995e+00, 0., -1.67686291e+01, 3.34999990e+00, 0.,
    -1.67368507e+01, 3.40000010e+00, 0., -1.67367706e+01, 3.45000005e+00,
    0., -1.67366409e+01, 3.50000000e+00, 0., -1.67364998e+01,
    3.54999995e+00, 0., -1.67363796e+01, 3.59999990e+00, 0.,
    -1.67045498e+01, 3.65000010e+00, 0., -1.66621895e+01, 3.70000005e+00,
    0., -1.66408596e+01, 3.75000000e+00, 0., -1.66407394e+01,
    3.79999995e+00, 0., -1.66405907e+01, 3.84999990e+00, 0.,
    -1.66193295e+01, 3.90000010e+00, 0., -1.65770893e+01, 3.95000005e+00,
    0., -1.65379105e+01, 4., 0., -1.65229092e+01, 4.05000019e+00, 0.,
    -1.65152607e+01, 4.09999990e+00, 0., -1.65151005e+01, 4.15000010e+00,
    0., -1.65097809e+01, 4.19999981e+00, 0., -1.65057201e+01,
    4.25000000e+00, 0., -1.65055599e+01, 4.30000019e+00, 0.,
    -1.65171604e+01, 4.34999990e+00, 0., -1.65213604e+01, 4.40000010e+00,
    0., -1.65063591e+01, 4.44999981e+00, 0., -1.65177402e+01,
    4.50000000e+00, 0., -1.65429306e+01, 4.55000019e+00, 0.,
    -1.65427303e+01, 4.59999990e+00, 0., -1.65424995e+01, 4.65000010e+00,
    0., -1.65423393e+01, 4.69999981e+00, 0., -1.65420609e+01,
    4.75000000e+00, 0., -1.65207100e+01, 4.80000019e+00, 0.,
    -1.64783096e+01, 4.84999990e+00, 0., -1.64464302e+01, 4.90000010e+00,
    0., -1.64462700e+01, 4.94999981e+00, 0., -1.64460392e+01, 5., 0.,
    -1.64458103e+01, 5.05000019e+00, 0., -1.64456902e+01, 5.09999990e+00,
    0., -1.64178505e+01, 5.15000010e+00, 0., -1.63624897e+01,
    5.19999981e+00, 0., -1.63293095e+01, 5.25000000e+00, 0.,
    -1.63461094e+01, 5.30000019e+00, 0., -1.63501892e+01, 5.34999990e+00,
    0., -1.63689308e+01, 5.40000010e+00, 0., -1.64443398e+01,
    5.44999981e+00, 0., -1.64442196e+01, 5.50000000e+00, 0.,
    -1.64444199e+01, 5.55000019e+00, 0., -1.64451008e+01, 5.59999990e+00,
    0., -1.63783092e+01, 5.65000010e+00, 0., -1.63113499e+01,
    5.69999981e+00, 0., -1.62677002e+01, 5.75000000e+00, 0.,
    -1.62542591e+01, 5.80000019e+00, 0., -1.62635403e+01, 5.84999990e+00,
    0., -1.62814598e+01, 5.90000010e+00, 0., -1.62982998e+01,
    5.94999981e+00, 0., -1.63945293e+01, 6., 0., -1.63867302e+01,
    6.05000019e+00, 0., -1.63559303e+01, 6.09999990e+00, 0.,
    -1.63480797e+01, 6.15000010e+00, 0., -1.63479004e+01, 6.19999981e+00,
    0., -1.63477802e+01, 6.25000000e+00, 0., -1.63475494e+01,
    6.30000019e+00, 0., -1.63473396e+01, 6.34999990e+00, 0.,
    -1.63472195e+01, 6.40000010e+00, 0., -1.63469791e+01, 6.44999981e+00,
    0., -1.63468208e+01, 6.50000000e+00, 0., -1.63044300e+01,
    6.55000019e+00, 0., -1.62621098e+01, 6.59999990e+00, 0.,
    -1.62513905e+01, 6.65000010e+00, 0., -1.62511902e+01, 6.69999981e+00,
    0., -1.62510300e+01, 6.75000000e+00, 0., -1.62508106e+01,
    6.80000019e+00, 0., -1.62505703e+01, 6.84999990e+00, 0.,
    -1.62504101e+01, 6.90000010e+00, 0., -1.62292500e+01, 6.94999981e+00,
    0., -1.61872101e+01, 7., 0., -1.61555595e+01, 7.05000019e+00, 0.,
    -1.61553593e+01, 7.09999990e+00, 0., -1.61551208e+01, 7.15000010e+00,
    0., -1.61641598e+01, 7.19999981e+00, 0., -1.62010403e+01,
    7.25000000e+00, 0., -1.62101402e+01, 7.30000019e+00, 0.,
    -1.62099209e+01, 7.34999990e+00, 0., -1.62097607e+01, 7.40000010e+00,
    0., -1.62095604e+01, 7.44999981e+00, 0., -1.61944408e+01,
    7.50000000e+00, 0., -1.61346798e+01, 7.55000019e+00, 0.,
    -1.60749207e+01, 7.59999990e+00, 0., -1.60884800e+01, 7.65000010e+00,
    0., -1.61097507e+01, 7.69999981e+00, 0., -1.61095104e+01,
    7.75000000e+00, 0., -1.61337109e+01, 7.80000019e+00, 0.,
    -1.61517506e+01, 7.84999990e+00, 0., -1.61514702e+01, 7.90000010e+00,
    0., -1.61510696e+01, 7.94999981e+00, 0., -1.61377106e+01, 8., 0.,
    -1.60854301e+01, 8.05000019e+00, 0., -1.60525608e+01, 8.10000038e+00,
    0., -1.61301994e+01, 8.14999962e+00, 0., -1.61492901e+01,
    8.19999981e+00, 0., -1.61489105e+01, 8.25000000e+00, 0.,
    -1.61486301e+01, 8.30000019e+00, 0., -1.61061497e+01, 8.35000038e+00,
    0., -1.60637894e+01, 8.39999962e+00, 0., -1.60529099e+01,
    8.44999981e+00, 0., -1.60494595e+01, 8.50000000e+00, 0.,
    -1.60366592e+01, 8.55000019e+00, 0., -1.60268993e+01, 8.60000038e+00,
    0., -1.60266609e+01, 8.64999962e+00, 0., -1.60212002e+01,
    8.69999981e+00, 0., -1.60157299e+01, 8.75000000e+00, 0.,
    -1.60155296e+01, 8.80000019e+00, 0., -1.59695501e+01, 8.85000038e+00,
    0., -1.59084301e+01, 8.89999962e+00, 0., -1.58934698e+01,
    8.94999981e+00, 0., -1.59553404e+01, 9., 0., -1.59551401e+01,
    9.05000019e+00, 0., -1.59548903e+01, 9.10000038e+00, 0.,
    -1.59547300e+01, 9.14999962e+00, 0., -1.59544497e+01, 9.19999981e+00,
    0., -1.59541903e+01, 9.25000000e+00, 0., -1.59539900e+01,
    9.30000019e+00, 0., -1.59165001e+01, 9.35000038e+00, 0.,
    -1.58790598e+01, 9.39999962e+00, 0., -1.58457899e+01, 9.44999981e+00,
    0., -1.58263903e+01, 9.50000000e+00, 0., -1.58213701e+01,
    9.55000019e+00, 0., -1.58163099e+01, 9.60000038e+00, 0.,
    -1.58065500e+01, 9.64999962e+00, 0., -1.57951403e+01, 9.69999981e+00,
    0., -1.57864504e+01, 9.75000000e+00, 0., -1.57862902e+01,
    9.80000019e+00, 0., -1.57735004e+01, 9.85000038e+00, 0.,
    -1.57481804e+01, 9.89999962e+00, 0., -1.57354002e+01, 9.94999981e+00,
    0., -1.57351503e+01, 10., 0., -1.57349901e+01, 1.00500002e+01, 0.,
    -1.57305698e+01, 1.01000004e+01, 0., -1.57219696e+01, 1.01499996e+01,
    0., -1.56874399e+01, 1.01999998e+01, 0., -1.56551199e+01,
    1.02500000e+01, 0., -1.56755199e+01, 1.03000002e+01, 0.,
