%YAML:1.0
---
profile: [ 9.49999988e-01, 0., -4.54946995e+00, 1., 0.,
    -4.54471016e+00, 1.04999995e+00, 0., -4.54702997e+00, 1.10000002e+00,
    0., -4.51521015e+00, 1.14999998e+00, 0., -4.48281002e+00,
    1.20000005e+00, 0., -4.46295977e+00, 1.25000000e+00, 0.,
    -4.46153021e+00, 1.29999995e+00, 0., -4.50272989e+00, 1.35000002e+00,
    0., -4.49383020e+00, 1.39999998e+00, 0., -4.47442007e+00,
    1.45000005e+00, 0., -4.47365999e+00, 1.50000000e+00, 0.,
    -4.46907997e+00, 1.54999995e+00, 0., -4.46354008e+00, 1.60000002e+00,
    0., -4.46354008e+00, 1.64999998e+00, 0., -4.46350002e+00,
    1.70000005e+00, 0., -4.46343994e+00, 1.75000000e+00, 0.,
    -4.46343994e+00, 1.79999995e+00, 0., -4.44924021e+00, 1.85000002e+00,
    0., -4.42095995e+00, 1.89999998e+00, 0., -4.40677977e+00,
    1.95000005e+00, 0., -4.40172005e+00, 2., 0., -4.38172007e+00,
    2.04999995e+00, 0., -4.36589003e+00, 2.09999990e+00, 0.,
    -4.36429024e+00, 2.15000010e+00, 0., -4.36383009e+00, 2.20000005e+00,
    0., -4.37599993e+00, 2.25000000e+00, 0., -4.40036011e+00,
    2.29999995e+00, 0., -4.37817001e+00, 2.34999990e+00, 0.,
    -4.35557985e+00, 2.40000010e+00, 0., -4.37849998e+00, 2.45000005e+00,
    0., -4.38419008e+00, 2.50000000e+00, 0., -4.38413000e+00,
    2.54999995e+00, 0., -4.38408995e+00, 2.59999990e+00, 0.,
    -4.38400984e+00, 2.65000010e+00, 0., -4.37432003e+00, 2.70000005e+00,
    0., -4.33584023e+00, 2.75000000e+00, 0., -4.30021000e+00,
    2.79999995e+00, 0., -4.31176996e+00, 2.84999990e+00, 0.,
    -4.28134012e+00, 2.90000010e+00, 0., -4.23305988e+00, 2.95000005e+00,
    0., -4.20884991e+00, 3., 0., -4.20874977e+00, 3.04999995e+00, 0.,
    -4.20867014e+00, 3.09999990e+00, 0., -4.22862005e+00, 3.15000010e+00,
    0., -4.24921989e+00, 3.20000005e+00, 0., -4.22505999e+00,
    3.25000000e+00, 0., -4.24207020e+00, 3.29999995e+00, 0.,
    -4.27521992e+00, 3.34999990e+00, 0., -4.23598003e+00, 3.40000010e+00,
    0., -4.22888994e+00, 3.45000005e+00, 0., -4.26238012e+00,
    3.50000000e+00, 0., -4.21697998e+00, 3.54999995e+00, 0.,
    -4.16775990e+00, 3.59999990e+00, 0., -4.15252018e+00, 3.65000010e+00,
    0., -4.13214016e+00, 3.70000005e+00, 0., -4.11433983e+00,
    3.75000000e+00, 0., -4.10534000e+00, 3.79999995e+00, 0.,
    -4.12185001e+00, 3.84999990e+00, 0., -4.18394995e+00, 3.90000010e+00,
    0., -4.16594982e+00, 3.95000005e+00, 0., -4.16255999e+00, 4., 0.,
    -4.18283987e+00, 4.05000019e+00, 0., -4.16731024e+00, 4.09999990e+00,
    0., -4.13230991e+00, 4.15000010e+00, 0., -4.09322977e+00,
    4.19999981e+00, 0., -4.06777000e+00, 4.25000000e+00, 0.,
    -4.07544994e+00, 4.30000019e+00, 0., -4.07409000e+00, 4.34999990e+00,
    0., -4.06226015e+00, 4.40000010e+00, 0., -4.04358006e+00,
    4.44999981e+00, 0., -4.02950001e+00, 4.50000000e+00, 0.,
    -4.02322006e+00, 4.55000019e+00, 0., -4.01681995e+00, 4.59999990e+00,
    0., -4.00900984e+00, 4.65000010e+00, 0., -4.00068998e+00,
    4.69999981e+00, 0., -3.99642992e+00, 4.75000000e+00, 0.,
    -4.00131989e+00, 4.80000019e+00, 0., -4.02135992e+00, 4.84999990e+00,
    0., -3.99572992e+00, 4.90000010e+00, 0., -3.96509004e+00,
    4.94999981e+00, 0., -3.97832990e+00, 5., 0., -3.99754000e+00,
    5.05000019e+00, 0., -4.01194000e+00, 5.09999990e+00, 0.,
    -4.02277994e+00, 5.15000010e+00, 0., -4.01728010e+00, 5.19999981e+00,
    0., -4.00271988e+00, 5.25000000e+00, 0., -3.98396993e+00,
    5.30000019e+00, 0., -3.96375990e+00, 5.34999990e+00, 0.,
    -3.94596004e+00, 5.40000010e+00, 0., -3.91529012e+00, 5.44999981e+00,
    0., -3.88629007e+00, 5.50000000e+00, 0., -3.86170006e+00,
    5.55000019e+00, 0., -3.86457992e+00, 5.59999990e+00, 0.,
    -3.93523002e+00, 5.65000010e+00, 0., -3.89462996e+00, 5.69999981e+00,
    0., -3.85402989e+00, 5.75000000e+00, 0., -3.85458994e+00,
    5.80000019e+00, 0., -3.85933995e+00, 5.84999990e+00, 0.,
    -3.85850000e+00, 5.90000010e+00, 0., -3.83846998e+00, 5.94999981e+00,
    0., -3.82350993e+00, 6., 0., -3.82334995e+00, 6.05000019e+00, 0.,
    -3.83475995e+00, 6.09999990e+00, 0., -3.84614992e+00, 6.15000010e+00,
    0., -3.84594989e+00, 6.19999981e+00, 0., -3.84574008e+00,
    6.25000000e+00, 0., -3.84551001e+00, 6.30000019e+00, 0.,
    -3.84535003e+00, 6.34999990e+00, 0., -3.84509993e+00, 6.40000010e+00,
    0., -3.83361006e+00, 6.44999981e+00, 0., -3.78849006e+00,
    6.50000000e+00, 0., -3.74132991e+00, 6.55000019e+00, 0.,
    -3.73333001e+00, 6.59999990e+00, 0., -3.73562002e+00, 6.65000010e+00,
    0., -3.74072003e+00, 6.69999981e+00, 0., -3.72751999e+00,
    6.75000000e+00, 0., -3.71355009e+00, 6.80000019e+00, 0.,
    -3.70550990e+00, 6.84999990e+00, 0., -3.71346998e+00, 6.90000010e+00,
    0., -3.71056008e+00, 6.94999981e+00, 0., -3.68980002e+00, 7., 0.,
    -3.67805004e+00, 7.05000019e+00, 0., -3.67414999e+00, 7.09999990e+00,
    0., -3.66575003e+00, 7.15000010e+00, 0., -3.65734005e+00,
    7.19999981e+00, 0., -3.65321994e+00, 7.25000000e+00, 0.,
    -3.64411998e+00, 7.30000019e+00, 0., -3.63797998e+00, 7.34999990e+00,
    0., -3.63782001e+00, 7.40000010e+00, 0., -3.63873005e+00,
    7.44999981e+00, 0., -3.63901997e+00, 7.50000000e+00, 0.,
    -3.63490009e+00, 7.55000019e+00, 0., -3.63560009e+00, 7.59999990e+00,
    0., -3.63785005e+00, 7.65000010e+00, 0., -3.63212991e+00,
    7.69999981e+00, 0., -3.61522007e+00, 7.75000000e+00, 0.,
    -3.59649992e+00, 7.80000019e+00, 0., -3.60257006e+00, 7.84999990e+00,
    0., -3.59551001e+00, 7.90000010e+00, 0., -3.56531000e+00,
    7.94999981e+00, 0., -3.54889011e+00, 8., 0., -3.57001996e+00,
    8.05000019e+00, 0., -3.65009999e+00, 8.10000038e+00, 0.,
    -3.60402012e+00, 8.14999962e+00, 0., -3.55794001e+00, 8.19999981e+00,
    0., -3.58436990e+00, 8.25000000e+00, 0., -3.57136989e+00,
    8.30000019e+00, 0., -3.52872992e+00, 8.35000038e+00, 0.,
    -3.52301002e+00, 8.39999962e+00, 0., -3.53516006e+00, 8.44999981e+00,
    0., -3.52819991e+00, 8.50000000e+00, 0., -3.51066995e+00,
    8.55000019e+00, 0., -3.49202991e+00, 8.60000038e+00, 0.,
    -3.48716998e+00, 8.64999962e+00, 0., -3.48691010e+00, 8.69999981e+00,
    0., -3.48671007e+00, 8.75000000e+00, 0., -3.48645997e+00,
    8.80000019e+00, 0., -3.47971010e+00, 8.85000038e+00, 0.,
    -3.46651006e+00, 8.89999962e+00, 0., -3.44917989e+00, 8.94999981e+00,
    0., -3.43427992e+00, 9., 0., -3.43203998e+00, 9.05000019e+00, 0.,
    -3.42792010e+00, 9.10000038e+00, 0., -3.42303991e+00, 9.14999962e+00,
    0., -3.42159009e+00, 9.19999981e+00, 0., -3.40704012e+00,
    9.25000000e+00, 0., -3.37824011e+00, 9.30000019e+00, 0.,
    -3.35339999e+00, 9.35000038e+00, 0., -3.33956003e+00, 9.39999962e+00,
    0., -3.35411000e+00, 9.44999981e+00, 0., -3.36303997e+00,
    9.50000000e+00, 0., -3.36292005e+00, 9.55000019e+00, 0.,
    -3.34541988e+00, 9.60000038e+00, 0., -3.34561992e+00, 9.64999962e+00,
    0., -3.37202001e+00, 9.69999981e+00, 0., -3.37141991e+00,
    9.75000000e+00, 0., -3.35118008e+00, 9.80000019e+00, 0.,
    -3.32157993e+00, 9.85000038e+00, 0., -3.30663991e+00, 9.89999962e+00,
    0., -3.30488992e+00, 9.94999981e+00, 0., -3.29860997e+00, 10., 0.,
    -3.28477001e+00, 1.00500002e+01, 0., -3.26660991e+00, 1.01000004e+01,
    0., -3.26257992e+00, 1.01499996e+01, 0., -3.26306009e+00,
    1.01999998e+01, 0., -3.26290011e+00, 1.02500000e+01, 0.,
    -3.25322008e+00, 1.03000002e+01, 0., -3.23924994e+00, 1.03500004e+01,
    0., -3.23428988e+00, 1.03999996e+01, 0., -3.22690010e+00,
    1.04499998e+01, 0., -3.21966004e+00, 1.05000000e+01, 0.,
    -3.18356991e+00, 1.05500002e+01, 0., -3.15218997e+00, 1.06000004e+01,
    0., -3.16367006e+00, 1.06499996e+01, 0., -3.17690992e+00,
    1.06999998e+01, 0., -3.18618989e+00, 1.07500000e+01, 0.,
    -3.18362999e+00, 1.08000002e+01, 0., -3.18217993e+00, 1.08500004e+01,
    0., -3.17641997e+00, 1.08999996e+01, 0., -3.15434003e+00,
    1.09499998e+01, 0., -3.13526011e+00, 11., 0., -3.13030005e+00,
    1.10500002e+01, 0., -3.12350988e+00, 1.11000004e+01, 0.,
    -3.11754990e+00, 1.11499996e+01, 0., -3.11654997e+00, 1.11999998e+01,
