%YAML:1.0
---
profile: [ 9.4999998799999996e-01, 0., -4.5494699499999998e+00, 1., 0.,
    -4.5447101600000002e+00, 1.0499999499999999e+00, 0.,
    -4.5470299699999996e+00, 1.1000000200000000e+00, 0.,
    -4.5152101499999997e+00, 1.1499999800000000e+00, 0.,
    -4.4828100199999996e+00, 1.2000000500000001e+00, 0.,
    -4.4629597700000003e+00, 1.2500000000000000e+00, 0.,
    -4.4615302100000003e+00, 1.2999999499999999e+00, 0.,
    -4.5027298900000003e+00, 1.3500000200000000e+00, 0.,
    -4.4938301999999997e+00, 1.3999999800000000e+00, 0.,
    -4.4744200699999999e+00, 1.4500000500000001e+00, 0.,
    -4.4736599899999998e+00, 1.5000000000000000e+00, 0.,
    -4.4690799700000001e+00, 1.5499999499999999e+00, 0.,
    -4.4635400799999996e+00, 1.6000000200000000e+00, 0.,
    -4.4635400799999996e+00, 1.6499999800000000e+00, 0.,
    -4.4635000199999997e+00, 1.7000000500000001e+00, 0.,
    -4.4634399399999998e+00, 1.7500000000000000e+00, 0.,
    -4.4634399399999998e+00, 1.7999999499999999e+00, 0.,
    -4.4492402100000001e+00, 1.8500000200000000e+00, 0.,
    -4.4209599500000003e+00, 1.8999999800000000e+00, 0.,
    -4.4067797700000000e+00, 1.9500000500000001e+00, 0.,
    -4.4017200499999998e+00, 2., 0., -4.3817200700000001e+00,
    2.0499999500000001e+00, 0., -4.3658900300000001e+00,
    2.0999998999999998e+00, 0., -4.3642902399999999e+00,
    2.1500001000000002e+00, 0., -4.3638300900000004e+00,
    2.2000000499999999e+00, 0., -4.3759999299999999e+00,
    2.2500000000000000e+00, 0., -4.4003601100000003e+00,
    2.2999999500000001e+00, 0., -4.3781700099999998e+00,
    2.3499998999999998e+00, 0., -4.3555798499999998e+00,
    2.4000001000000002e+00, 0., -4.3784999800000000e+00,
    2.4500000499999999e+00, 0., -4.3841900799999998e+00,
    2.5000000000000000e+00, 0., -4.3841299999999999e+00,
    2.5499999500000001e+00, 0., -4.3840899499999999e+00,
    2.5999998999999998e+00, 0., -4.3840098400000000e+00,
    2.6500001000000002e+00, 0., -4.3743200299999998e+00,
    2.7000000499999999e+00, 0., -4.3358402299999996e+00,
    2.7500000000000000e+00, 0., -4.3002099999999999e+00,
    2.7999999500000001e+00, 0., -4.3117699600000003e+00,
    2.8499998999999998e+00, 0., -4.2813401200000003e+00,
    2.9000001000000002e+00, 0., -4.2330598799999999e+00,
    2.9500000499999999e+00, 0., -4.2088499099999996e+00, 3., 0.,
    -4.2087497699999998e+00, 3.0499999500000001e+00, 0.,
    -4.2086701399999997e+00, 3.0999998999999998e+00, 0.,
    -4.2286200500000000e+00, 3.1500001000000002e+00, 0.,
    -4.2492198900000000e+00, 3.2000000499999999e+00, 0.,
    -4.2250599900000001e+00, 3.2500000000000000e+00, 0.,
    -4.2420701999999997e+00, 3.2999999500000001e+00, 0.,
    -4.2752199199999996e+00, 3.3499998999999998e+00, 0.,
    -4.2359800300000003e+00, 3.4000001000000002e+00, 0.,
    -4.2288899400000002e+00, 3.4500000499999999e+00, 0.,
    -4.2623801200000004e+00, 3.5000000000000000e+00, 0.,
    -4.2169799799999996e+00, 3.5499999500000001e+00, 0.,
    -4.1677599000000001e+00, 3.5999998999999998e+00, 0.,
    -4.1525201799999998e+00, 3.6500001000000002e+00, 0.,
    -4.1321401599999996e+00, 3.7000000499999999e+00, 0.,
    -4.1143398299999996e+00, 3.7500000000000000e+00, 0.,
    -4.1053400000000000e+00, 3.7999999500000001e+00, 0.,
    -4.1218500100000002e+00, 3.8499998999999998e+00, 0.,
    -4.1839499499999997e+00, 3.9000001000000002e+00, 0.,
    -4.1659498199999998e+00, 3.9500000499999999e+00, 0.,
    -4.1625599900000001e+00, 4., 0., -4.1828398699999996e+00,
    4.0500001900000004e+00, 0., -4.1673102399999999e+00,
    4.0999999000000003e+00, 0., -4.1323099100000000e+00,
    4.1500000999999997e+00, 0., -4.0932297699999998e+00,
    4.1999998099999996e+00, 0., -4.0677700000000003e+00,
    4.2500000000000000e+00, 0., -4.0754499400000004e+00,
    4.3000001900000004e+00, 0., -4.0740900000000000e+00,
    4.3499999000000003e+00, 0., -4.0622601500000002e+00,
    4.4000000999999997e+00, 0., -4.0435800600000000e+00,
    4.4499998099999996e+00, 0., -4.0295000099999996e+00,
    4.5000000000000000e+00, 0., -4.0232200599999999e+00,
    4.5500001900000004e+00, 0., -4.0168199500000004e+00,
    4.5999999000000003e+00, 0., -4.0090098400000000e+00,
    4.6500000999999997e+00, 0., -4.0006899799999998e+00,
    4.6999998099999996e+00, 0., -3.9964299200000002e+00,
    4.7500000000000000e+00, 0., -4.0013198900000004e+00,
    4.8000001900000004e+00, 0., -4.0213599200000001e+00,
    4.8499999000000003e+00, 0., -3.9957299200000000e+00,
    4.9000000999999997e+00, 0., -3.9650900400000002e+00,
    4.9499998099999996e+00, 0., -3.9783298999999999e+00, 5., 0.,
    -3.9975399999999999e+00, 5.0500001900000004e+00, 0.,
    -4.0119400000000001e+00, 5.0999999000000003e+00, 0.,
    -4.0227799400000004e+00, 5.1500000999999997e+00, 0.,
    -4.0172800999999998e+00, 5.1999998099999996e+00, 0.,
    -4.0027198799999999e+00, 5.2500000000000000e+00, 0.,
    -3.9839699300000002e+00, 5.3000001900000004e+00, 0.,
    -3.9637598999999999e+00, 5.3499999000000003e+00, 0.,
    -3.9459600400000001e+00, 5.4000000999999997e+00, 0.,
    -3.9152901199999999e+00, 5.4499998099999996e+00, 0.,
    -3.8862900699999998e+00, 5.5000000000000000e+00, 0.,
    -3.8617000600000000e+00, 5.5500001900000004e+00, 0.,
    -3.8645799200000002e+00, 5.5999999000000003e+00, 0.,
    -3.9352300200000001e+00, 5.6500000999999997e+00, 0.,
    -3.8946299600000001e+00, 5.6999998099999996e+00, 0.,
    -3.8540298900000001e+00, 5.7500000000000000e+00, 0.,
    -3.8545899399999999e+00, 5.8000001900000004e+00, 0.,
    -3.8593399499999999e+00, 5.8499999000000003e+00, 0.,
    -3.8584999999999998e+00, 5.9000000999999997e+00, 0.,
    -3.8384699800000002e+00, 5.9499998099999996e+00, 0.,
    -3.8235099300000002e+00, 6., 0., -3.8233499499999999e+00,
    6.0500001900000004e+00, 0., -3.8347599500000000e+00,
    6.0999999000000003e+00, 0., -3.8461499200000002e+00,
    6.1500000999999997e+00, 0., -3.8459498900000000e+00,
    6.1999998099999996e+00, 0., -3.8457400800000001e+00,
    6.2500000000000000e+00, 0., -3.8455100099999999e+00,
    6.3000001900000004e+00, 0., -3.8453500300000001e+00,
    6.3499999000000003e+00, 0., -3.8450999299999999e+00,
    6.4000000999999997e+00, 0., -3.8336100599999998e+00,
    6.4499998099999996e+00, 0., -3.7884900600000000e+00,
    6.5000000000000000e+00, 0., -3.7413299100000001e+00,
    6.5500001900000004e+00, 0., -3.7333300100000000e+00,
    6.5999999000000003e+00, 0., -3.7356200199999998e+00,
    6.6500000999999997e+00, 0., -3.7407200299999999e+00,
    6.6999998099999996e+00, 0., -3.7275199899999998e+00,
    6.7500000000000000e+00, 0., -3.7135500900000000e+00,
    6.8000001900000004e+00, 0., -3.7055099000000000e+00,
    6.8499999000000003e+00, 0., -3.7134699800000002e+00,
    6.9000000999999997e+00, 0., -3.7105600800000000e+00,
    6.9499998099999996e+00, 0., -3.6898000199999998e+00, 7., 0.,
    -3.6780500400000000e+00, 7.0500001900000004e+00, 0.,
    -3.6741499900000001e+00, 7.0999999000000003e+00, 0.,
    -3.6657500299999999e+00, 7.1500000999999997e+00, 0.,
    -3.6573400500000002e+00, 7.1999998099999996e+00, 0.,
    -3.6532199400000001e+00, 7.2500000000000000e+00, 0.,
    -3.6441199800000001e+00, 7.3000001900000004e+00, 0.,
    -3.6379799799999999e+00, 7.3499999000000003e+00, 0.,
    -3.6378200100000000e+00, 7.4000000999999997e+00, 0.,
    -3.6387300499999999e+00, 7.4499998099999996e+00, 0.,
    -3.6390199700000001e+00, 7.5000000000000000e+00, 0.,
    -3.6349000899999999e+00, 7.5500001900000004e+00, 0.,
    -3.6356000900000001e+00, 7.5999999000000003e+00, 0.,
    -3.6378500499999999e+00, 7.6500000999999997e+00, 0.,
    -3.6321299100000002e+00, 7.6999998099999996e+00, 0.,
    -3.6152200699999999e+00, 7.7500000000000000e+00, 0.,
    -3.5964999199999999e+00, 7.8000001900000004e+00, 0.,
    -3.6025700600000001e+00, 7.8499999000000003e+00, 0.,
    -3.5955100099999999e+00, 7.9000000999999997e+00, 0.,
    -3.5653100000000002e+00, 7.9499998099999996e+00, 0.,
    -3.5488901099999999e+00, 8., 0., -3.5700199600000002e+00,
    8.0500001900000004e+00, 0., -3.6500999900000002e+00,
