%YAML:1.0
---
profile: [ 5.00000007e-02, 0., -1.11695004e+01, 1.00000001e-01, 0.,
    -1.11406498e+01, 1.50000006e-01, 0., -1.11405296e+01, 2.00000003e-01,
    0., -1.11199503e+01, 2.50000000e-01, 0., -1.10789900e+01,
    3.00000012e-01, 0., -1.10481596e+01, 3.49999994e-01, 0.,
    -1.10480404e+01, 4.00000006e-01, 0., -1.10691605e+01, 4.49999988e-01,
    0., -1.10825396e+01, 5.00000000e-01, 0., -1.10775003e+01,
    5.50000012e-01, 0., -1.10744400e+01, 6.00000024e-01, 0.,
    -1.10726995e+01, 6.49999976e-01, 0., -1.10719004e+01, 6.99999988e-01,
    0., -1.10726299e+01, 7.50000000e-01, 0., -1.10721598e+01,
    8.00000012e-01, 0., -1.10642004e+01, 8.50000024e-01, 0.,
    -1.10577097e+01, 8.99999976e-01, 0., -1.10567904e+01, 9.49999988e-01,
    0., -1.10507002e+01, 1., 0., -1.10422897e+01, 1.04999995e+00, 0.,
    -1.10342903e+01, 1.10000002e+00, 0., -1.10237398e+01, 1.14999998e+00,
    0., -1.10150204e+01, 1.20000005e+00, 0., -1.10053501e+01,
    1.25000000e+00, 0., -1.09882298e+01, 1.29999995e+00, 0.,
    -1.09652700e+01, 1.35000002e+00, 0., -1.09537096e+01, 1.39999998e+00,
    0., -1.09536695e+01, 1.45000005e+00, 0., -1.09535799e+01,
    1.50000000e+00, 0., -1.09331102e+01, 1.54999995e+00, 0.,
    -1.08922701e+01, 1.60000002e+00, 0., -1.08864403e+01, 1.64999998e+00,
    0., -1.09365396e+01, 1.70000005e+00, 0., -1.09380999e+01,
    1.75000000e+00, 0., -1.09361496e+01, 1.79999995e+00, 0.,
    -1.09325104e+01, 1.85000002e+00, 0., -1.09331503e+01, 1.89999998e+00,
    0., -1.09280901e+01, 1.95000005e+00, 0., -1.09156904e+01, 2., 0.,
    -1.09124899e+01, 2.04999995e+00, 0., -1.09125204e+01, 2.09999990e+00,
    0., -1.09132004e+01, 2.15000010e+00, 0., -1.09091301e+01,
    2.20000005e+00, 0., -1.09014101e+01, 2.25000000e+00, 0.,
    -1.08941298e+01, 2.29999995e+00, 0., -1.08869200e+01, 2.34999990e+00,
    0., -1.08835201e+01, 2.40000010e+00, 0., -1.08739100e+01,
    2.45000005e+00, 0., -1.08621101e+01, 2.50000000e+00, 0.,
    -1.08498297e+01, 2.54999995e+00, 0., -1.08243599e+01, 2.59999990e+00,
    0., -1.07919197e+01, 2.65000010e+00, 0., -1.07675200e+01,
    2.70000005e+00, 0., -1.07673998e+01, 2.75000000e+00, 0.,
    -1.07672501e+01, 2.79999995e+00, 0., -1.07671003e+01, 2.84999990e+00,
    0., -1.07669802e+01, 2.90000010e+00, 0., -1.07668695e+01,
    2.95000005e+00, 0., -1.07667303e+01, 3., 0., -1.07666502e+01,
    3.04999995e+00, 0., -1.07359505e+01, 3.09999990e+00, 0.,
    -1.06951103e+01, 3.15000010e+00, 0., -1.06681499e+01, 3.20000005e+00,
    0., -1.06594696e+01, 3.25000000e+00, 0., -1.06473799e+01,
    3.29999995e+00, 0., -1.06500998e+01, 3.34999990e+00, 0.,
    -1.06704197e+01, 3.40000010e+00, 0., -1.06737003e+01, 3.45000005e+00,
    0., -1.06704903e+01, 3.50000000e+00, 0., -1.06667700e+01,
    3.54999995e+00, 0., -1.06616697e+01, 3.59999990e+00, 0.,
    -1.06581602e+01, 3.65000010e+00, 0., -1.06612396e+01, 3.70000005e+00,
    0., -1.06594200e+01, 3.75000000e+00, 0., -1.06549397e+01,
    3.79999995e+00, 0., -1.06437798e+01, 3.84999990e+00, 0.,
    -1.06238098e+01, 3.90000010e+00, 0., -1.05989704e+01, 3.95000005e+00,
    0., -1.05801601e+01, 4., 0., -1.05799198e+01, 4.05000019e+00, 0.,
    -1.05796499e+01, 4.09999990e+00, 0., -1.05567503e+01, 4.15000010e+00,
    0., -1.05113497e+01, 4.19999981e+00, 0., -1.04689102e+01,
    4.25000000e+00, 0., -1.04809504e+01, 4.30000019e+00, 0.,
    -1.04868202e+01, 4.34999990e+00, 0., -1.04838800e+01, 4.40000010e+00,
    0., -1.04729996e+01, 4.44999981e+00, 0., -1.04646997e+01,
    4.50000000e+00, 0., -1.04645395e+01, 4.55000019e+00, 0.,
    -1.04765396e+01, 4.59999990e+00, 0., -1.04855003e+01, 4.65000010e+00,
    0., -1.04853001e+01, 4.69999981e+00, 0., -1.04850502e+01,
    4.75000000e+00, 0., -1.04848204e+01, 4.80000019e+00, 0.,
    -1.04846601e+01, 4.84999990e+00, 0., -1.04844503e+01, 4.90000010e+00,
    0., -1.04799404e+01, 4.94999981e+00, 0., -1.04626198e+01, 5., 0.,
    -1.04305496e+01, 5.05000019e+00, 0., -1.03923903e+01, 5.09999990e+00,
    0., -1.03718500e+01, 5.15000010e+00, 0., -1.03880501e+01,
    5.19999981e+00, 0., -1.03755798e+01, 5.25000000e+00, 0.,
    -1.03443699e+01, 5.30000019e+00, 0., -1.03067303e+01, 5.34999990e+00,
    0., -1.02784204e+01, 5.40000010e+00, 0., -1.02782602e+01,
    5.44999981e+00, 0., -1.03533802e+01, 5.50000000e+00, 0.,
    -1.03747902e+01, 5.55000019e+00, 0., -1.03532305e+01, 5.59999990e+00,
    0., -1.03762398e+01, 5.65000010e+00, 0., -1.03903704e+01,
    5.69999981e+00, 0., -1.03902197e+01, 5.75000000e+00, 0.,
    -1.03901396e+01, 5.80000019e+00, 0., -1.03648596e+01, 5.84999990e+00,
    0., -1.03145399e+01, 5.90000010e+00, 0., -1.02767401e+01,
    5.94999981e+00, 0., -1.02766199e+01, 6., 0., -1.02600203e+01,
    6.05000019e+00, 0., -1.02512102e+01, 6.09999990e+00, 0.,
    -1.02820902e+01, 6.15000010e+00, 0., -1.02974100e+01, 6.19999981e+00,
    0., -1.02971897e+01, 6.25000000e+00, 0., -1.02970304e+01,
    6.30000019e+00, 0., -1.02967796e+01, 6.34999990e+00, 0.,
    -1.02965202e+01, 6.40000010e+00, 0., -1.02963600e+01, 6.44999981e+00,
    0., -1.02961397e+01, 6.50000000e+00, 0., -1.02959805e+01,
    6.55000019e+00, 0., -1.02685699e+01, 6.59999990e+00, 0.,
    -1.02583799e+01, 6.65000010e+00, 0., -1.03268204e+01, 6.69999981e+00,
    0., -1.02878103e+01, 6.75000000e+00, 0., -1.02316904e+01,
    6.80000019e+00, 0., -1.01847095e+01, 6.84999990e+00, 0.,
    -1.01595898e+01, 6.90000010e+00, 0., -1.01457596e+01, 6.94999981e+00,
    0., -1.01461601e+01, 7., 0., -1.01582403e+01, 7.05000019e+00, 0.,
    -1.01375799e+01, 7.09999990e+00, 0., -1.01111298e+01, 7.15000010e+00,
    0., -1.01002903e+01, 7.19999981e+00, 0., -1.00892401e+01,
    7.25000000e+00, 0., -1.00833998e+01, 7.30000019e+00, 0.,
    -1.00818100e+01, 7.34999990e+00, 0., -1.00796003e+01, 7.40000010e+00,
    0., -1.00712795e+01, 7.44999981e+00, 0., -1.00509195e+01,
    7.50000000e+00, 0., -1.00293198e+01, 7.55000019e+00, 0.,
    -1.00384102e+01, 7.59999990e+00, 0., -1.00395403e+01, 7.65000010e+00,
    0., -1.00200195e+01, 7.69999981e+00, 0., -1.00266504e+01,
    7.75000000e+00, 0., -1.00539303e+01, 7.80000019e+00, 0.,
    -1.00755301e+01, 7.84999990e+00, 0., -1.00401697e+01, 7.90000010e+00,
    0., -9.99940968e+00, 7.94999981e+00, 0., -9.97885036e+00, 8., 0.,
    -9.97463989e+00, 8.05000019e+00, 0., -9.95876026e+00, 8.10000038e+00,
    0., -9.95571041e+00, 8.14999962e+00, 0., -9.96580982e+00,
    8.19999981e+00, 0., -9.93517017e+00, 8.25000000e+00, 0.,
    -9.90445042e+00, 8.30000019e+00, 0., -9.90421009e+00, 8.35000038e+00,
    0., -9.90019035e+00, 8.39999962e+00, 0., -9.89498997e+00,
    8.44999981e+00, 0., -9.91341019e+00, 8.50000000e+00, 0.,
    -9.91829967e+00, 8.55000019e+00, 0., -9.91170025e+00, 8.60000038e+00,
    0., -9.89486027e+00, 8.64999962e+00, 0., -9.87901974e+00,
    8.69999981e+00, 0., -9.87637997e+00, 8.75000000e+00, 0.,
    -9.87174988e+00, 8.80000019e+00, 0., -9.86734962e+00, 8.85000038e+00,
    0., -9.86606979e+00, 8.89999962e+00, 0., -9.86056042e+00,
    8.94999981e+00, 0., -9.84984016e+00, 9., 0., -9.85130024e+00,
    9.05000019e+00, 0., -9.86163044e+00, 9.10000038e+00, 0.,
    -9.88615036e+00, 9.14999962e+00, 0., -9.85468006e+00, 9.19999981e+00,
    0., -9.81707954e+00, 9.25000000e+00, 0., -9.80741024e+00,
    9.30000019e+00, 0., -9.81002998e+00, 9.35000038e+00, 0.,
    -9.81550980e+00, 9.39999962e+00, 0., -9.77235985e+00, 9.44999981e+00,
    0., -9.72784042e+00, 9.50000000e+00, 0., -9.71654034e+00,
    9.55000019e+00, 0., -9.71629047e+00, 9.60000038e+00, 0.,
    -9.71609020e+00, 9.64999962e+00, 0., -9.71582985e+00, 9.69999981e+00,
    0., -9.71553993e+00, 9.75000000e+00, 0., -9.71533966e+00,
    9.80000019e+00, 0., -9.70487976e+00, 9.85000038e+00, 0.,
    -9.68428040e+00, 9.89999962e+00, 0., -9.67249012e+00, 9.94999981e+00,
    0., -9.66329956e+00, 10., 0., -9.65322018e+00, 1.00500002e+01, 0.,
    -9.66086960e+00, 1.01000004e+01, 0., -9.68305016e+00, 1.01499996e+01,
    0., -9.70396996e+00, 1.01999998e+01, 0., -9.71428013e+00,
    1.02500000e+01, 0., -9.71397972e+00, 1.03000002e+01, 0.,
