%YAML:1.0
---
profile: [ 6.99999988e-01, 0., -5.41402006e+00, 7.50000000e-01, 0.,
    -5.40778017e+00, 8.00000012e-01, 0., -5.42614985e+00, 8.50000024e-01,
    0., -5.42877007e+00, 8.99999976e-01, 0., -5.39104986e+00,
    9.49999988e-01, 0., -5.35682011e+00, 1., 0., -5.34501982e+00,
    1.04999995e+00, 0., -5.34268999e+00, 1.10000002e+00, 0.,
    -5.34463978e+00, 1.14999998e+00, 0., -5.33355999e+00, 1.20000005e+00,
    0., -5.32069016e+00, 1.25000000e+00, 0., -5.31096983e+00,
    1.29999995e+00, 0., -5.28912020e+00, 1.35000002e+00, 0.,
    -5.26967001e+00, 1.39999998e+00, 0., -5.26967001e+00, 1.45000005e+00,
    0., -5.26961994e+00, 1.50000000e+00, 0., -5.27055979e+00,
    1.54999995e+00, 0., -5.27447987e+00, 1.60000002e+00, 0.,
    -5.27523994e+00, 1.64999998e+00, 0., -5.27221012e+00, 1.70000005e+00,
    0., -5.26665020e+00, 1.75000000e+00, 0., -5.25727987e+00,
    1.79999995e+00, 0., -5.24696016e+00, 1.85000002e+00, 0.,
    -5.23806000e+00, 1.89999998e+00, 0., -5.23097992e+00, 1.95000005e+00,
    0., -5.22777987e+00, 2., 0., -5.21987009e+00, 2.04999995e+00, 0.,
    -5.21151018e+00, 2.09999990e+00, 0., -5.17882013e+00, 2.15000010e+00,
    0., -5.15256023e+00, 2.20000005e+00, 0., -5.16991997e+00,
    2.25000000e+00, 0., -5.16248989e+00, 2.29999995e+00, 0.,
    -5.14100981e+00, 2.34999990e+00, 0., -5.12291002e+00, 2.40000010e+00,
    0., -5.11195993e+00, 2.45000005e+00, 0., -5.10915995e+00,
    2.50000000e+00, 0., -5.10650015e+00, 2.54999995e+00, 0.,
    -5.10384989e+00, 2.59999990e+00, 0., -5.09985018e+00, 2.65000010e+00,
    0., -5.09597015e+00, 2.70000005e+00, 0., -5.09245014e+00,
    2.75000000e+00, 0., -5.08825016e+00, 2.79999995e+00, 0.,
    -5.08301020e+00, 2.84999990e+00, 0., -5.07896996e+00, 2.90000010e+00,
    0., -5.06193018e+00, 2.95000005e+00, 0., -5.04589987e+00, 3., 0.,
    -5.04582024e+00, 3.04999995e+00, 0., -5.02899981e+00, 3.09999990e+00,
    0., -5.00668001e+00, 3.15000010e+00, 0., -5.00095987e+00,
    3.20000005e+00, 0., -5.00081015e+00, 3.25000000e+00, 0.,
    -5.00068998e+00, 3.29999995e+00, 0., -5.00051022e+00, 3.34999990e+00,
    0., -4.99256992e+00, 3.40000010e+00, 0., -4.96132994e+00,
    3.45000005e+00, 0., -4.94294024e+00, 3.50000000e+00, 0.,
    -4.95306015e+00, 3.54999995e+00, 0., -4.93335009e+00, 3.59999990e+00,
    0., -4.92214012e+00, 3.65000010e+00, 0., -4.96621990e+00,
    3.70000005e+00, 0., -4.96920013e+00, 3.75000000e+00, 0.,
    -4.96139002e+00, 3.79999995e+00, 0., -4.95782995e+00, 3.84999990e+00,
    0., -4.95889997e+00, 3.90000010e+00, 0., -4.95971012e+00,
    3.95000005e+00, 0., -4.94775009e+00, 4., 0., -4.93799019e+00,
    4.05000019e+00, 0., -4.93303013e+00, 4.09999990e+00, 0.,
    -4.91190004e+00, 4.15000010e+00, 0., -4.90162992e+00, 4.19999981e+00,
    0., -4.91095018e+00, 4.25000000e+00, 0., -4.90488005e+00,
    4.30000019e+00, 0., -4.89519978e+00, 4.34999990e+00, 0.,
    -4.89031982e+00, 4.40000010e+00, 0., -4.87896013e+00, 4.44999981e+00,
    0., -4.86708021e+00, 4.50000000e+00, 0., -4.84670019e+00,
    4.55000019e+00, 0., -4.82766008e+00, 4.59999990e+00, 0.,
    -4.82117987e+00, 4.65000010e+00, 0., -4.79713011e+00, 4.69999981e+00,
    0., -4.76941013e+00, 4.75000000e+00, 0., -4.76941013e+00,
    4.80000019e+00, 0., -4.76352978e+00, 4.84999990e+00, 0.,
    -4.74133015e+00, 4.90000010e+00, 0., -4.74080992e+00, 4.94999981e+00,
    0., -4.75347996e+00, 5., 0., -4.74783993e+00, 5.05000019e+00, 0.,
    -4.74431992e+00, 5.09999990e+00, 0., -4.74163008e+00, 5.15000010e+00,
    0., -4.73459005e+00, 5.19999981e+00, 0., -4.73121977e+00,
    5.25000000e+00, 0., -4.73498011e+00, 5.30000019e+00, 0.,
    -4.76703978e+00, 5.34999990e+00, 0., -4.77006006e+00, 5.40000010e+00,
    0., -4.75333977e+00, 5.44999981e+00, 0., -4.74498987e+00,
    5.50000000e+00, 0., -4.73488998e+00, 5.55000019e+00, 0.,
    -4.72093010e+00, 5.59999990e+00, 0., -4.71318007e+00, 5.65000010e+00,
    0., -4.70849991e+00, 5.69999981e+00, 0., -4.69382000e+00,
    5.75000000e+00, 0., -4.67311001e+00, 5.80000019e+00, 0.,
    -4.65370989e+00, 5.84999990e+00, 0., -4.64264011e+00, 5.90000010e+00,
    0., -4.63856983e+00, 5.94999981e+00, 0., -4.62944984e+00, 6., 0.,
    -4.62167978e+00, 6.05000019e+00, 0., -4.61991978e+00, 6.09999990e+00,
    0., -4.58006001e+00, 6.15000010e+00, 0., -4.54065990e+00,
    6.19999981e+00, 0., -4.54257011e+00, 6.25000000e+00, 0.,
    -4.54830980e+00, 6.30000019e+00, 0., -4.54815006e+00, 6.34999990e+00,
    0., -4.54794979e+00, 6.40000010e+00, 0., -4.53319979e+00,
    6.44999981e+00, 0., -4.50403976e+00, 6.50000000e+00, 0.,
    -4.48930979e+00, 6.55000019e+00, 0., -4.49536991e+00, 6.59999990e+00,
    0., -4.52037001e+00, 6.65000010e+00, 0., -4.49881983e+00,
    6.69999981e+00, 0., -4.45342016e+00, 6.75000000e+00, 0.,
    -4.43056011e+00, 6.80000019e+00, 0., -4.43029022e+00, 6.84999990e+00,
    0., -4.43008995e+00, 6.90000010e+00, 0., -4.43573999e+00,
    6.94999981e+00, 0., -4.44337988e+00, 7., 0., -4.44322014e+00,
    7.05000019e+00, 0., -4.47178984e+00, 7.09999990e+00, 0.,
    -4.48942995e+00, 7.15000010e+00, 0., -4.46735001e+00, 7.19999981e+00,
    0., -4.45615005e+00, 7.25000000e+00, 0., -4.45590019e+00,
    7.30000019e+00, 0., -4.45573997e+00, 7.34999990e+00, 0.,
    -4.45548010e+00, 7.40000010e+00, 0., -4.45527983e+00, 7.44999981e+00,
    0., -4.45498991e+00, 7.50000000e+00, 0., -4.43508005e+00,
    7.55000019e+00, 0., -4.39567995e+00, 7.59999990e+00, 0.,
    -4.36600018e+00, 7.65000010e+00, 0., -4.36579990e+00, 7.69999981e+00,
    0., -4.36549997e+00, 7.75000000e+00, 0., -4.36521006e+00,
    7.80000019e+00, 0., -4.36500978e+00, 7.84999990e+00, 0.,
    -4.33586979e+00, 7.90000010e+00, 0., -4.30670977e+00, 7.94999981e+00,
    0., -4.30659008e+00, 8., 0., -4.29200983e+00, 8.05000019e+00, 0.,
    -4.26309013e+00, 8.10000038e+00, 0., -4.24853992e+00, 8.14999962e+00,
    0., -4.24799013e+00, 8.19999981e+00, 0., -4.24631023e+00,
    8.25000000e+00, 0., -4.24888992e+00, 8.30000019e+00, 0.,
    -4.25238991e+00, 8.35000038e+00, 0., -4.24814987e+00, 8.39999962e+00,
    0., -4.23893976e+00, 8.44999981e+00, 0., -4.22698021e+00,
    8.50000000e+00, 0., -4.22930002e+00, 8.55000019e+00, 0.,
    -4.22220993e+00, 8.60000038e+00, 0., -4.20004988e+00, 8.64999962e+00,
    0., -4.18104982e+00, 8.69999981e+00, 0., -4.17056990e+00,
    8.75000000e+00, 0., -4.15839005e+00, 8.80000019e+00, 0.,
    -4.16132021e+00, 8.85000038e+00, 0., -4.18164015e+00, 8.89999962e+00,
    0., -4.20125008e+00, 8.94999981e+00, 0., -4.19965982e+00, 9., 0.,
    -4.18786001e+00, 9.05000019e+00, 0., -4.16820002e+00, 9.10000038e+00,
    0., -4.14910984e+00, 9.14999962e+00, 0., -4.13951015e+00,
    9.19999981e+00, 0., -4.14751005e+00, 9.25000000e+00, 0.,
    -4.15634012e+00, 9.30000019e+00, 0., -4.12317991e+00, 9.35000038e+00,
    0., -4.12017012e+00, 9.39999962e+00, 0., -4.15804005e+00,
    9.44999981e+00, 0., -4.13448000e+00, 9.50000000e+00, 0.,
    -4.11119986e+00, 9.55000019e+00, 0., -4.10008001e+00, 9.60000038e+00,
    0., -4.09438992e+00, 9.64999962e+00, 0., -4.09413004e+00,
    9.69999981e+00, 0., -4.09396982e+00, 9.75000000e+00, 0.,
    -4.09370995e+00, 9.80000019e+00, 0., -4.09344006e+00, 9.85000038e+00,
    0., -4.09323978e+00, 9.89999962e+00, 0., -4.07238007e+00,
    9.94999981e+00, 0., -4.04470015e+00, 10., 0., -4.03839016e+00,
    1.00500002e+01, 0., -4.04617977e+00, 1.01000004e+01, 0.,
    -4.03734016e+00, 1.01499996e+01, 0., -4.03920984e+00, 1.01999998e+01,
    0., -4.04210997e+00, 1.02500000e+01, 0., -4.01994991e+00,
    1.03000002e+01, 0., -4.00316000e+00, 1.03500004e+01, 0.,
    -4.00296021e+00, 1.03999996e+01, 0., -4.00269985e+00, 1.04499998e+01,
    0., -4.00247002e+00, 1.05000000e+01, 0., -4.00230980e+00,
    1.05500002e+01, 0., -3.98005009e+00, 1.06000004e+01, 0.,
    -3.95777011e+00, 1.06499996e+01, 0., -3.95757008e+00, 1.06999998e+01,
    0., -3.96911001e+00, 1.07500000e+01, 0., -3.98248005e+00,
    1.08000002e+01, 0., -3.97404003e+00, 1.08500004e+01, 0.,
    -3.96760011e+00, 1.08999996e+01, 0., -3.96740007e+00, 1.09499998e+01,
