%YAML:1.0
---
profile: [ 6.9999998799999996e-01, 0., -5.4140200600000004e+00,
    7.5000000000000000e-01, 0., -5.4077801699999997e+00,
    8.0000001200000004e-01, 0., -5.4261498499999998e+00,
    8.5000002399999997e-01, 0., -5.4287700699999997e+00,
    8.9999997600000003e-01, 0., -5.3910498599999999e+00,
    9.4999998799999996e-01, 0., -5.3568201100000001e+00, 1., 0.,
    -5.3450198200000001e+00, 1.0499999499999999e+00, 0.,
    -5.3426899900000002e+00, 1.1000000200000000e+00, 0.,
    -5.3446397799999996e+00, 1.1499999800000000e+00, 0.,
    -5.3335599900000004e+00, 1.2000000500000001e+00, 0.,
    -5.3206901599999998e+00, 1.2500000000000000e+00, 0.,
    -5.3109698300000003e+00, 1.2999999499999999e+00, 0.,
    -5.2891202000000002e+00, 1.3500000200000000e+00, 0.,
    -5.2696700099999996e+00, 1.3999999800000000e+00, 0.,
    -5.2696700099999996e+00, 1.4500000500000001e+00, 0.,
    -5.2696199400000001e+00, 1.5000000000000000e+00, 0.,
    -5.2705597900000001e+00, 1.5499999499999999e+00, 0.,
    -5.2744798700000004e+00, 1.6000000200000000e+00, 0.,
    -5.2752399399999996e+00, 1.6499999800000000e+00, 0.,
    -5.2722101200000004e+00, 1.7000000500000001e+00, 0.,
    -5.2666501999999999e+00, 1.7500000000000000e+00, 0.,
    -5.2572798699999996e+00, 1.7999999499999999e+00, 0.,
    -5.2469601600000004e+00, 1.8500000200000000e+00, 0.,
    -5.2380599999999999e+00, 1.8999999800000000e+00, 0.,
    -5.2309799200000002e+00, 1.9500000500000001e+00, 0.,
    -5.2277798700000000e+00, 2., 0., -5.2198700899999997e+00,
    2.0499999500000001e+00, 0., -5.2115101800000003e+00,
    2.0999998999999998e+00, 0., -5.1788201300000001e+00,
    2.1500001000000002e+00, 0., -5.1525602299999997e+00,
    2.2000000499999999e+00, 0., -5.1699199699999996e+00,
    2.2500000000000000e+00, 0., -5.1624898899999998e+00,
    2.2999999500000001e+00, 0., -5.1410098099999999e+00,
    2.3499998999999998e+00, 0., -5.1229100200000000e+00,
    2.4000001000000002e+00, 0., -5.1119599300000003e+00,
    2.4500000499999999e+00, 0., -5.1091599499999996e+00,
    2.5000000000000000e+00, 0., -5.1065001499999996e+00,
    2.5499999500000001e+00, 0., -5.1038498900000002e+00,
    2.5999998999999998e+00, 0., -5.0998501799999998e+00,
    2.6500001000000002e+00, 0., -5.0959701500000003e+00,
    2.7000000499999999e+00, 0., -5.0924501400000004e+00,
    2.7500000000000000e+00, 0., -5.0882501600000003e+00,
    2.7999999500000001e+00, 0., -5.0830102000000004e+00,
    2.8499998999999998e+00, 0., -5.0789699600000002e+00,
    2.9000001000000002e+00, 0., -5.0619301800000001e+00,
    2.9500000499999999e+00, 0., -5.0458998700000004e+00, 3., 0.,
    -5.0458202400000003e+00, 3.0499999500000001e+00, 0.,
    -5.0289998100000002e+00, 3.0999998999999998e+00, 0.,
    -5.0066800100000002e+00, 3.1500001000000002e+00, 0.,
    -5.0009598700000000e+00, 3.2000000499999999e+00, 0.,
    -5.0008101500000004e+00, 3.2500000000000000e+00, 0.,
    -5.0006899799999998e+00, 3.2999999500000001e+00, 0.,
    -5.0005102199999998e+00, 3.3499998999999998e+00, 0.,
    -4.9925699200000002e+00, 3.4000001000000002e+00, 0.,
    -4.9613299399999997e+00, 3.4500000499999999e+00, 0.,
    -4.9429402400000004e+00, 3.5000000000000000e+00, 0.,
    -4.9530601499999998e+00, 3.5499999500000001e+00, 0.,
    -4.9333500900000002e+00, 3.5999998999999998e+00, 0.,
    -4.9221401199999999e+00, 3.6500001000000002e+00, 0.,
    -4.9662198999999996e+00, 3.7000000499999999e+00, 0.,
    -4.9692001299999999e+00, 3.7500000000000000e+00, 0.,
    -4.9613900199999996e+00, 3.7999999500000001e+00, 0.,
    -4.9578299499999998e+00, 3.8499998999999998e+00, 0.,
    -4.9588999700000000e+00, 3.9000001000000002e+00, 0.,
    -4.9597101200000004e+00, 3.9500000499999999e+00, 0.,
    -4.9477500900000004e+00, 4., 0., -4.9379901899999998e+00,
    4.0500001900000004e+00, 0., -4.9330301299999997e+00,
    4.0999999000000003e+00, 0., -4.9119000399999999e+00,
    4.1500000999999997e+00, 0., -4.9016299200000004e+00,
    4.1999998099999996e+00, 0., -4.9109501800000004e+00,
    4.2500000000000000e+00, 0., -4.9048800500000000e+00,
    4.3000001900000004e+00, 0., -4.8951997799999996e+00,
    4.3499999000000003e+00, 0., -4.8903198200000002e+00,
    4.4000000999999997e+00, 0., -4.8789601300000003e+00,
    4.4499998099999996e+00, 0., -4.8670802100000001e+00,
    4.5000000000000000e+00, 0., -4.8467001900000000e+00,
    4.5500001900000004e+00, 0., -4.8276600800000002e+00,
    4.5999999000000003e+00, 0., -4.8211798699999999e+00,
    4.6500000999999997e+00, 0., -4.7971301100000003e+00,
    4.6999998099999996e+00, 0., -4.7694101299999998e+00,
    4.7500000000000000e+00, 0., -4.7694101299999998e+00,
    4.8000001900000004e+00, 0., -4.7635297799999998e+00,
    4.8499999000000003e+00, 0., -4.7413301499999996e+00,
    4.9000000999999997e+00, 0., -4.7408099200000002e+00,
    4.9499998099999996e+00, 0., -4.7534799599999999e+00, 5., 0.,
    -4.7478399299999996e+00, 5.0500001900000004e+00, 0.,
    -4.7443199199999997e+00, 5.0999999000000003e+00, 0.,
    -4.7416300800000002e+00, 5.1500000999999997e+00, 0.,
    -4.7345900500000004e+00, 5.1999998099999996e+00, 0.,
    -4.7312197700000000e+00, 5.2500000000000000e+00, 0.,
    -4.7349801100000004e+00, 5.3000001900000004e+00, 0.,
    -4.7670397800000002e+00, 5.3499999000000003e+00, 0.,
    -4.7700600599999996e+00, 5.4000000999999997e+00, 0.,
    -4.7533397700000002e+00, 5.4499998099999996e+00, 0.,
    -4.7449898700000004e+00, 5.5000000000000000e+00, 0.,
    -4.7348899800000002e+00, 5.5500001900000004e+00, 0.,
    -4.7209301000000004e+00, 5.5999999000000003e+00, 0.,
    -4.7131800699999999e+00, 5.6500000999999997e+00, 0.,
    -4.7084999099999996e+00, 5.6999998099999996e+00, 0.,
    -4.6938199999999997e+00, 5.7500000000000000e+00, 0.,
    -4.6731100100000003e+00, 5.8000001900000004e+00, 0.,
    -4.6537098900000000e+00, 5.8499999000000003e+00, 0.,
    -4.6426401100000003e+00, 5.9000000999999997e+00, 0.,
    -4.6385698299999998e+00, 5.9499998099999996e+00, 0.,
    -4.6294498400000004e+00, 6., 0., -4.6216797800000000e+00,
    6.0500001900000004e+00, 0., -4.6199197800000000e+00,
    6.0999999000000003e+00, 0., -4.5800600100000004e+00,
    6.1500000999999997e+00, 0., -4.5406598999999996e+00,
    6.1999998099999996e+00, 0., -4.5425701099999998e+00,
    6.2500000000000000e+00, 0., -4.5483098000000002e+00,
    6.3000001900000004e+00, 0., -4.5481500600000002e+00,
    6.3499999000000003e+00, 0., -4.5479497899999997e+00,
    6.4000000999999997e+00, 0., -4.5331997900000003e+00,
    6.4499998099999996e+00, 0., -4.5040397600000004e+00,
    6.5000000000000000e+00, 0., -4.4893097900000001e+00,
    6.5500001900000004e+00, 0., -4.4953699100000000e+00,
    6.5999999000000003e+00, 0., -4.5203700099999997e+00,
    6.6500000999999997e+00, 0., -4.4988198300000004e+00,
    6.6999998099999996e+00, 0., -4.4534201600000003e+00,
    6.7500000000000000e+00, 0., -4.4305601100000001e+00,
    6.8000001900000004e+00, 0., -4.4302902199999998e+00,
    6.8499999000000003e+00, 0., -4.4300899500000002e+00,
    6.9000000999999997e+00, 0., -4.4357399900000001e+00,
    6.9499998099999996e+00, 0., -4.4433798800000002e+00, 7., 0.,
    -4.4432201400000002e+00, 7.0500001900000004e+00, 0.,
    -4.4717898399999996e+00, 7.0999999000000003e+00, 0.,
    -4.4894299499999999e+00, 7.1500000999999997e+00, 0.,
    -4.4673500099999996e+00, 7.1999998099999996e+00, 0.,
    -4.4561500499999998e+00, 7.2500000000000000e+00, 0.,
    -4.4559001900000004e+00, 7.3000001900000004e+00, 0.,
    -4.4557399699999998e+00, 7.3499999000000003e+00, 0.,
    -4.4554800999999999e+00, 7.4000000999999997e+00, 0.,
    -4.4552798300000003e+00, 7.4499998099999996e+00, 0.,
    -4.4549899100000001e+00, 7.5000000000000000e+00, 0.,
    -4.4350800499999998e+00, 7.5500001900000004e+00, 0.,
    -4.3956799499999999e+00, 7.5999999000000003e+00, 0.,
    -4.3660001800000003e+00, 7.6500000999999997e+00, 0.,
    -4.3657998999999998e+00, 7.6999998099999996e+00, 0.,
    -4.3654999700000001e+00, 7.7500000000000000e+00, 0.,
    -4.3652100599999999e+00, 7.8000001900000004e+00, 0.,
