%YAML:1.0
---
profile: [ 4.80000019e+00, 0., 1.05950603e+01, 4.84999990e+00, 0.,
    1.05905399e+01, 4.90000010e+00, 0., 1.06083803e+01, 4.94999981e+00,
    0., 1.06128397e+01, 5., 0., 1.06128197e+01, 5.05000019e+00, 0.,
    1.06128197e+01, 5.09999990e+00, 0., 1.06220999e+01, 5.15000010e+00,
    0., 1.06326303e+01, 5.19999981e+00, 0., 1.06397495e+01,
    5.25000000e+00, 0., 1.06344004e+01, 5.30000019e+00, 0.,
    1.06325903e+01, 5.34999990e+00, 0., 1.06397104e+01, 5.40000010e+00,
    0., 1.06942997e+01, 5.44999981e+00, 0., 1.07470598e+01,
    5.50000000e+00, 0., 1.07602596e+01, 5.55000019e+00, 0.,
    1.07602701e+01, 5.59999990e+00, 0., 1.07602701e+01, 5.65000010e+00,
    0., 1.06814003e+01, 5.69999981e+00, 0., 1.07055197e+01,
    5.75000000e+00, 0., 1.07493601e+01, 5.80000019e+00, 0.,
    1.07589798e+01, 5.84999990e+00, 0., 1.07587004e+01, 5.90000010e+00,
    0., 1.07601805e+01, 5.94999981e+00, 0., 1.07165499e+01, 6., 0.,
    1.07331104e+01, 6.05000019e+00, 0., 1.07580099e+01, 6.09999990e+00,
    0., 1.07473297e+01, 6.15000010e+00, 0., 1.07363901e+01,
    6.19999981e+00, 0., 1.07218599e+01, 6.25000000e+00, 0.,
    1.07040596e+01, 6.30000019e+00, 0., 1.07446899e+01, 6.34999990e+00,
    0., 1.07898302e+01, 6.40000010e+00, 0., 1.07898703e+01,
    6.44999981e+00, 0., 1.07899504e+01, 6.50000000e+00, 0.,
    1.07900696e+01, 6.55000019e+00, 0., 1.07901497e+01, 6.59999990e+00,
    0., 1.08201704e+01, 6.65000010e+00, 0., 1.08601303e+01,
    6.69999981e+00, 0., 1.08959198e+01, 6.75000000e+00, 0.,
    1.09217796e+01, 6.80000019e+00, 0., 1.09219799e+01, 6.84999990e+00,
    0., 1.09211702e+01, 6.90000010e+00, 0., 1.09052601e+01,
    6.94999981e+00, 0., 1.08506403e+01, 7., 0., 1.08670397e+01,
    7.05000019e+00, 0., 1.08703003e+01, 7.09999990e+00, 0.,
    1.08569498e+01, 7.15000010e+00, 0., 1.08758698e+01, 7.19999981e+00,
    0., 1.08810701e+01, 7.25000000e+00, 0., 1.08677702e+01,
    7.30000019e+00, 0., 1.08867302e+01, 7.34999990e+00, 0.,
    1.08982201e+01, 7.40000010e+00, 0., 1.08927402e+01, 7.44999981e+00,
    0., 1.08916101e+01, 7.50000000e+00, 0., 1.09092197e+01,
    7.55000019e+00, 0., 1.09324999e+01, 7.59999990e+00, 0.,
    1.09364204e+01, 7.65000010e+00, 0., 1.09364996e+01, 7.69999981e+00,
    0., 1.09395399e+01, 7.75000000e+00, 0., 1.09440804e+01,
    7.80000019e+00, 0., 1.09484301e+01, 7.84999990e+00, 0.,
    1.09514704e+01, 7.90000010e+00, 0., 1.09702396e+01, 7.94999981e+00,
    0., 1.09882402e+01, 8., 0., 1.09971199e+01, 8.05000019e+00, 0.,
    1.10059204e+01, 8.10000038e+00, 0., 1.10133305e+01, 8.14999962e+00,
    0., 1.10198898e+01, 8.19999981e+00, 0., 1.10201902e+01,
    8.25000000e+00, 0., 1.10172796e+01, 8.30000019e+00, 0.,
    1.10173998e+01, 8.35000038e+00, 0., 1.10313101e+01, 8.39999962e+00,
    0., 1.10466499e+01, 8.44999981e+00, 0., 1.10524902e+01,
    8.50000000e+00, 0., 1.10581903e+01, 8.55000019e+00, 0.,
    1.10626802e+01, 8.60000038e+00, 0., 1.10656796e+01, 8.64999962e+00,
    0., 1.10742302e+01, 8.69999981e+00, 0., 1.10853300e+01,
    8.75000000e+00, 0., 1.10918903e+01, 8.80000019e+00, 0.,
    1.10995798e+01, 8.85000038e+00, 0., 1.11056700e+01, 8.89999962e+00,
    0., 1.11065102e+01, 8.94999981e+00, 0., 1.11262398e+01, 9., 0.,
    1.11519203e+01, 9.05000019e+00, 0., 1.11606503e+01, 9.10000038e+00,
    0., 1.11655903e+01, 9.14999962e+00, 0., 1.11719904e+01,
    9.19999981e+00, 0., 1.11815395e+01, 9.25000000e+00, 0.,
    1.11879396e+01, 9.30000019e+00, 0., 1.11887398e+01, 9.35000038e+00,
    0., 1.11969099e+01, 9.39999962e+00, 0., 1.12072296e+01,
    9.44999981e+00, 0., 1.12158699e+01, 9.50000000e+00, 0.,
    1.12282000e+01, 9.55000019e+00, 0., 1.12414503e+01, 9.60000038e+00,
    0., 1.12527704e+01, 9.64999962e+00, 0., 1.12757196e+01,
    9.69999981e+00, 0., 1.12948103e+01, 9.75000000e+00, 0.,
    1.12793303e+01, 9.80000019e+00, 0., 1.12667398e+01, 9.85000038e+00,
    0., 1.12581100e+01, 9.89999962e+00, 0., 1.12504702e+01,
    9.94999981e+00, 0., 1.12487202e+01, 10., 0., 1.12521896e+01,
    1.00500002e+01, 0., 1.12587900e+01, 1.01000004e+01, 0.,
    1.12670498e+01, 1.01499996e+01, 0., 1.12753000e+01, 1.01999998e+01,
    0., 1.12819004e+01, 1.02500000e+01, 0., 1.12894402e+01,
    1.03000002e+01, 0., 1.12971802e+01, 1.03500004e+01, 0.,
    1.13037796e+01, 1.03999996e+01, 0., 1.12985296e+01, 1.04499998e+01,
    0., 1.12994804e+01, 1.05000000e+01, 0., 1.13117599e+01,
    1.05500002e+01, 0., 1.13186502e+01, 1.06000004e+01, 0.,
    1.13271999e+01, 1.06499996e+01, 0., 1.13386402e+01, 1.06999998e+01,
    0., 1.13522997e+01, 1.07500000e+01, 0., 1.13638401e+01,
    1.08000002e+01, 0., 1.13668804e+01, 1.08500004e+01, 0.,
    1.13754997e+01, 1.08999996e+01, 0., 1.13857002e+01, 1.09499998e+01,
    0., 1.13886995e+01, 11., 0., 1.13935900e+01, 1.10500002e+01, 0.,
    1.14021597e+01, 1.11000004e+01, 0., 1.14186802e+01, 1.11499996e+01,
    0., 1.14485302e+01, 1.11999998e+01, 0., 1.14772902e+01,
    1.12500000e+01, 0., 1.15219002e+01, 1.13000002e+01, 0.,
    1.15516500e+01, 1.13500004e+01, 0., 1.15210505e+01, 1.13999996e+01,
    0., 1.15134401e+01, 1.14499998e+01, 0., 1.15256901e+01,
    1.15000000e+01, 0., 1.15500097e+01, 1.15500002e+01, 0.,
    1.15348902e+01, 1.16000004e+01, 0., 1.15034704e+01, 1.16499996e+01,
    0., 1.14970398e+01, 1.16999998e+01, 0., 1.15039597e+01,
    1.17500000e+01, 0., 1.15105000e+01, 1.18000002e+01, 0.,
    1.15150099e+01, 1.18500004e+01, 0., 1.15225697e+01, 1.18999996e+01,
    0., 1.15319099e+01, 1.19499998e+01, 0., 1.15391502e+01, 12., 0.,
    1.15453997e+01, 1.20500002e+01, 0., 1.15484505e+01, 1.21000004e+01,
    0., 1.15479298e+01, 1.21499996e+01, 0., 1.15522404e+01,
    1.21999998e+01, 0., 1.15556803e+01, 1.22500000e+01, 0.,
    1.15568399e+01, 1.23000002e+01, 0., 1.15605602e+01, 1.23500004e+01,
    0., 1.15686903e+01, 1.23999996e+01, 0., 1.15769701e+01,
    1.24499998e+01, 0., 1.15963202e+01, 1.25000000e+01, 0.,
    1.16193199e+01, 1.25500002e+01, 0., 1.16393995e+01, 1.26000004e+01,
    0., 1.16517496e+01, 1.26499996e+01, 0., 1.16562796e+01,
    1.26999998e+01, 0., 1.16622400e+01, 1.27500000e+01, 0.,
    1.16666203e+01, 1.28000002e+01, 0., 1.16648397e+01, 1.28500004e+01,
    0., 1.16585598e+01, 1.28999996e+01, 0., 1.16686296e+01,
    1.29499998e+01, 0., 1.16802998e+01, 13., 0., 1.16861401e+01,
    1.30500002e+01, 0., 1.16949196e+01, 1.31000004e+01, 0.,
    1.17026396e+01, 1.31499996e+01, 0., 1.17070799e+01, 1.31999998e+01,
    0., 1.17152205e+01, 1.32500000e+01, 0., 1.17246199e+01,
    1.33000002e+01, 0., 1.17340603e+01, 1.33500004e+01, 0.,
    1.17453299e+01, 1.33999996e+01, 0., 1.17560701e+01, 1.34499998e+01,
    0., 1.17640696e+01, 1.35000000e+01, 0., 1.17741203e+01,
    1.35500002e+01, 0., 1.17861404e+01, 1.36000004e+01, 0.,
    1.18019800e+01, 1.36499996e+01, 0., 1.18138304e+01, 1.36999998e+01,
    0., 1.18196802e+01, 1.37500000e+01, 0., 1.18222399e+01,
    1.38000002e+01, 0., 1.18274498e+01, 1.38500004e+01, 0.,
    1.18337898e+01, 1.38999996e+01, 0., 1.18382702e+01, 1.39499998e+01,
    0., 1.18467503e+01, 14., 0., 1.18550301e+01, 1.40500002e+01, 0.,
    1.18637695e+01, 1.41000004e+01, 0., 1.18720503e+01, 1.41499996e+01,
    0., 1.18786497e+01, 1.41999998e+01, 0., 1.18855495e+01,
    1.42500000e+01, 0., 1.18920698e+01, 1.43000002e+01, 0.,
    1.18972702e+01, 1.43500004e+01, 0., 1.19023399e+01, 1.43999996e+01,
    0., 1.19074402e+01, 1.44499998e+01, 0., 1.19119196e+01,
    1.45000000e+01, 0., 1.19168301e+01, 1.45500002e+01, 0.,
    1.19226398e+01, 1.46000004e+01, 0., 1.19285202e+01, 1.46499996e+01,
    0., 1.19330902e+01, 1.46999998e+01, 0., 1.19379902e+01,
    1.47500000e+01, 0., 1.19431496e+01, 1.48000002e+01, 0.,
    1.19567699e+01, 1.48500004e+01, 0., 1.19671497e+01, 1.48999996e+01,
    0., 1.19694700e+01, 1.49499998e+01, 0., 1.19738703e+01, 15., 0.,
    1.19808598e+01, 1.50500002e+01, 0., 1.19891396e+01, 1.51000004e+01,
    0., 1.20070896e+01, 1.51499996e+01, 0., 1.20258999e+01,
    1.51999998e+01, 0., 1.20397396e+01, 1.52500000e+01, 0.,
    1.20537996e+01, 1.53000002e+01, 0., 1.20639000e+01, 1.53500004e+01,
