%YAML:1.0
---
profile: [ 4.8000001900000004e+00, 0., 1.0595060300000000e+01,
    4.8499999000000003e+00, 0., 1.0590539900000000e+01,
    4.9000000999999997e+00, 0., 1.0608380300000000e+01,
    4.9499998099999996e+00, 0., 1.0612839700000000e+01, 5., 0.,
    1.0612819699999999e+01, 5.0500001900000004e+00, 0.,
    1.0612819699999999e+01, 5.0999999000000003e+00, 0.,
    1.0622099900000000e+01, 5.1500000999999997e+00, 0.,
    1.0632630300000001e+01, 5.1999998099999996e+00, 0.,
    1.0639749500000001e+01, 5.2500000000000000e+00, 0.,
    1.0634400400000001e+01, 5.3000001900000004e+00, 0.,
    1.0632590300000000e+01, 5.3499999000000003e+00, 0.,
    1.0639710400000000e+01, 5.4000000999999997e+00, 0.,
    1.0694299700000000e+01, 5.4499998099999996e+00, 0.,
    1.0747059800000001e+01, 5.5000000000000000e+00, 0.,
    1.0760259599999999e+01, 5.5500001900000004e+00, 0.,
    1.0760270100000000e+01, 5.5999999000000003e+00, 0.,
    1.0760270100000000e+01, 5.6500000999999997e+00, 0.,
    1.0681400300000000e+01, 5.6999998099999996e+00, 0.,
    1.0705519700000000e+01, 5.7500000000000000e+00, 0.,
    1.0749360100000001e+01, 5.8000001900000004e+00, 0.,
    1.0758979800000001e+01, 5.8499999000000003e+00, 0.,
    1.0758700400000000e+01, 5.9000000999999997e+00, 0.,
    1.0760180500000001e+01, 5.9499998099999996e+00, 0.,
    1.0716549900000000e+01, 6., 0., 1.0733110399999999e+01,
    6.0500001900000004e+00, 0., 1.0758009899999999e+01,
    6.0999999000000003e+00, 0., 1.0747329700000000e+01,
    6.1500000999999997e+00, 0., 1.0736390099999999e+01,
    6.1999998099999996e+00, 0., 1.0721859900000000e+01,
    6.2500000000000000e+00, 0., 1.0704059600000001e+01,
    6.3000001900000004e+00, 0., 1.0744689899999999e+01,
    6.3499999000000003e+00, 0., 1.0789830200000001e+01,
    6.4000000999999997e+00, 0., 1.0789870300000000e+01,
    6.4499998099999996e+00, 0., 1.0789950400000000e+01,
    6.5000000000000000e+00, 0., 1.0790069600000001e+01,
    6.5500001900000004e+00, 0., 1.0790149700000001e+01,
    6.5999999000000003e+00, 0., 1.0820170400000000e+01,
    6.6500000999999997e+00, 0., 1.0860130300000000e+01,
    6.6999998099999996e+00, 0., 1.0895919800000000e+01,
    6.7500000000000000e+00, 0., 1.0921779600000001e+01,
    6.8000001900000004e+00, 0., 1.0921979900000000e+01,
    6.8499999000000003e+00, 0., 1.0921170200000001e+01,
    6.9000000999999997e+00, 0., 1.0905260100000000e+01,
    6.9499998099999996e+00, 0., 1.0850640300000000e+01, 7., 0.,
    1.0867039699999999e+01, 7.0500001900000004e+00, 0.,
    1.0870300300000000e+01, 7.0999999000000003e+00, 0.,
    1.0856949800000001e+01, 7.1500000999999997e+00, 0.,
    1.0875869800000000e+01, 7.1999998099999996e+00, 0.,
    1.0881070100000001e+01, 7.2500000000000000e+00, 0.,
    1.0867770200000001e+01, 7.3000001900000004e+00, 0.,
    1.0886730200000001e+01, 7.3499999000000003e+00, 0.,
    1.0898220100000000e+01, 7.4000000999999997e+00, 0.,
    1.0892740200000000e+01, 7.4499998099999996e+00, 0.,
    1.0891610099999999e+01, 7.5000000000000000e+00, 0.,
    1.0909219700000000e+01, 7.5500001900000004e+00, 0.,
    1.0932499900000000e+01, 7.5999999000000003e+00, 0.,
    1.0936420399999999e+01, 7.6500000999999997e+00, 0.,
    1.0936499599999999e+01, 7.6999998099999996e+00, 0.,
    1.0939539900000000e+01, 7.7500000000000000e+00, 0.,
    1.0944080400000001e+01, 7.8000001900000004e+00, 0.,
    1.0948430099999999e+01, 7.8499999000000003e+00, 0.,
    1.0951470400000000e+01, 7.9000000999999997e+00, 0.,
    1.0970239599999999e+01, 7.9499998099999996e+00, 0.,
    1.0988240200000000e+01, 8., 0., 1.0997119900000000e+01,
    8.0500001900000004e+00, 0., 1.1005920400000001e+01,
    8.1000003800000009e+00, 0., 1.1013330500000000e+01,
    8.1499996199999991e+00, 0., 1.1019889800000000e+01,
    8.1999998099999996e+00, 0., 1.1020190200000000e+01,
    8.2500000000000000e+00, 0., 1.1017279600000000e+01,
    8.3000001900000004e+00, 0., 1.1017399800000000e+01,
    8.3500003800000009e+00, 0., 1.1031310100000001e+01,
    8.3999996199999991e+00, 0., 1.1046649900000000e+01,
    8.4499998099999996e+00, 0., 1.1052490199999999e+01,
    8.5000000000000000e+00, 0., 1.1058190300000000e+01,
    8.5500001900000004e+00, 0., 1.1062680200000001e+01,
    8.6000003800000009e+00, 0., 1.1065679599999999e+01,
    8.6499996199999991e+00, 0., 1.1074230200000001e+01,
    8.6999998099999996e+00, 0., 1.1085330000000001e+01,
    8.7500000000000000e+00, 0., 1.1091890299999999e+01,
    8.8000001900000004e+00, 0., 1.1099579800000001e+01,
    8.8500003800000009e+00, 0., 1.1105670000000000e+01,
    8.8999996199999991e+00, 0., 1.1106510200000001e+01,
    8.9499998099999996e+00, 0., 1.1126239800000000e+01, 9., 0.,
    1.1151920300000000e+01, 9.0500001900000004e+00, 0.,
    1.1160650300000000e+01, 9.1000003800000009e+00, 0.,
    1.1165590300000000e+01, 9.1499996199999991e+00, 0.,
    1.1171990400000000e+01, 9.1999998099999996e+00, 0.,
    1.1181539500000000e+01, 9.2500000000000000e+00, 0.,
    1.1187939600000000e+01, 9.3000001900000004e+00, 0.,
    1.1188739800000000e+01, 9.3500003800000009e+00, 0.,
    1.1196909900000000e+01, 9.3999996199999991e+00, 0.,
    1.1207229600000000e+01, 9.4499998099999996e+00, 0.,
    1.1215869900000000e+01, 9.5000000000000000e+00, 0.,
    1.1228199999999999e+01, 9.5500001900000004e+00, 0.,
    1.1241450300000000e+01, 9.6000003800000009e+00, 0.,
    1.1252770399999999e+01, 9.6499996199999991e+00, 0.,
    1.1275719600000000e+01, 9.6999998099999996e+00, 0.,
    1.1294810300000000e+01, 9.7500000000000000e+00, 0.,
    1.1279330300000000e+01, 9.8000001900000004e+00, 0.,
    1.1266739800000000e+01, 9.8500003800000009e+00, 0.,
    1.1258110000000000e+01, 9.8999996199999991e+00, 0.,
    1.1250470200000001e+01, 9.9499998099999996e+00, 0.,
    1.1248720199999999e+01, 10., 0., 1.1252189599999999e+01,
    1.0050000199999999e+01, 0., 1.1258789999999999e+01,
    1.0100000400000001e+01, 0., 1.1267049800000001e+01,
    1.0149999599999999e+01, 0., 1.1275300000000000e+01,
    1.0199999800000001e+01, 0., 1.1281900400000000e+01,
    1.0250000000000000e+01, 0., 1.1289440200000000e+01,
    1.0300000199999999e+01, 0., 1.1297180200000000e+01,
    1.0350000400000001e+01, 0., 1.1303779600000000e+01,
    1.0399999599999999e+01, 0., 1.1298529600000000e+01,
    1.0449999800000001e+01, 0., 1.1299480400000000e+01,
    1.0500000000000000e+01, 0., 1.1311759900000000e+01,
    1.0550000199999999e+01, 0., 1.1318650200000000e+01,
    1.0600000400000001e+01, 0., 1.1327199900000000e+01,
    1.0649999599999999e+01, 0., 1.1338640200000000e+01,
    1.0699999800000001e+01, 0., 1.1352299700000000e+01,
    1.0750000000000000e+01, 0., 1.1363840100000001e+01,
    1.0800000199999999e+01, 0., 1.1366880399999999e+01,
    1.0850000400000001e+01, 0., 1.1375499700000001e+01,
    1.0899999599999999e+01, 0., 1.1385700200000000e+01,
    1.0949999800000001e+01, 0., 1.1388699500000000e+01, 11., 0.,
    1.1393590000000000e+01, 1.1050000199999999e+01, 0.,
    1.1402159700000000e+01, 1.1100000400000001e+01, 0.,
    1.1418680200000001e+01, 1.1149999599999999e+01, 0.,
    1.1448530200000000e+01, 1.1199999800000001e+01, 0.,
    1.1477290200000001e+01, 1.1250000000000000e+01, 0.,
    1.1521900199999999e+01, 1.1300000199999999e+01, 0.,
    1.1551650000000000e+01, 1.1350000400000001e+01, 0.,
    1.1521050499999999e+01, 1.1399999599999999e+01, 0.,
    1.1513440100000000e+01, 1.1449999800000001e+01, 0.,
    1.1525690100000000e+01, 1.1500000000000000e+01, 0.,
    1.1550009700000000e+01, 1.1550000199999999e+01, 0.,
    1.1534890200000000e+01, 1.1600000400000001e+01, 0.,
    1.1503470399999999e+01, 1.1649999599999999e+01, 0.,
    1.1497039800000000e+01, 1.1699999800000001e+01, 0.,
    1.1503959699999999e+01, 1.1750000000000000e+01, 0.,
    1.1510500000000000e+01, 1.1800000199999999e+01, 0.,
    1.1515009900000001e+01, 1.1850000400000001e+01, 0.,
    1.1522569700000000e+01, 1.1899999599999999e+01, 0.,
    1.1531909900000000e+01, 1.1949999800000001e+01, 0.,
    1.1539150200000000e+01, 12., 0., 1.1545399700000001e+01,
