%YAML:1.0
---
profile: [ 6.6500000999999997e+00, 0., -3.2963399899999999e+00,
    6.6999998099999996e+00, 0., -4.2836799599999997e+00,
    6.7500000000000000e+00, 0., -4.2814397800000004e+00,
    6.8000001900000004e+00, 0., -4.2727599100000004e+00,
    6.8499999000000003e+00, 0., -4.2610897999999997e+00,
    6.9000000999999997e+00, 0., -4.2498898499999997e+00,
    6.9499998099999996e+00, 0., -4.2406702000000003e+00, 7., 0.,
    -4.2336401900000000e+00, 7.0500001900000004e+00, 0.,
    -4.2311201100000000e+00, 7.0999999000000003e+00, 0.,
    -4.2250399600000001e+00, 7.1500000999999997e+00, 0.,
    -4.2186798999999997e+00, 7.1999998099999996e+00, 0.,
    -4.2184901200000002e+00, 7.2500000000000000e+00, 0.,
    -4.2150898000000003e+00, 7.3000001900000004e+00, 0.,
    -4.2062501900000004e+00, 7.3499999000000003e+00, 0.,
    -4.1999001500000004e+00, 7.4000000999999997e+00, 0.,
    -4.1953000999999999e+00, 7.4499998099999996e+00, 0.,
    -4.1923799500000003e+00, 7.5000000000000000e+00, 0.,
    -4.1848001500000001e+00, 7.5500001900000004e+00, 0.,
    -4.1752600700000002e+00, 7.5999999000000003e+00, 0.,
    -4.1695399300000000e+00, 7.6500000999999997e+00, 0.,
    -4.1572198900000004e+00, 7.6999998099999996e+00, 0.,
    -4.1446600000000000e+00, 7.7500000000000000e+00, 0.,
    -4.1214899999999997e+00, 7.8000001900000004e+00, 0.,
    -4.1014399499999996e+00, 7.8499999000000003e+00, 0.,
    -4.1012401599999997e+00, 7.9000000999999997e+00, 0.,
    -4.0777797700000002e+00, 7.9499998099999996e+00, 0.,
    -4.0466599499999996e+00, 8., 0., -4.0799398399999998e+00,
    8.0500001900000004e+00, 0., -4.1003899600000002e+00,
    8.1000003800000009e+00, 0., -4.1002697899999996e+00,
    8.1499996199999991e+00, 0., -4.0684599900000000e+00,
    8.1999998099999996e+00, 0., -4.0354599999999996e+00,
    8.2500000000000000e+00, 0., -4.0306201000000001e+00,
    8.3000001900000004e+00, 0., -4.0213899599999996e+00,
    8.3500003800000009e+00, 0., -4.0123500800000000e+00,
    8.3999996199999991e+00, 0., -3.9927198900000000e+00,
    8.4499998099999996e+00, 0., -3.9743499799999999e+00,
    8.5000000000000000e+00, 0., -3.9702699199999998e+00,
    8.5500001900000004e+00, 0., -3.9674699300000000e+00,
    8.6000003800000009e+00, 0., -3.9664599900000002e+00,
    8.6499996199999991e+00, 0., -3.9663000099999999e+00,
    8.6999998099999996e+00, 0., -3.9849200200000001e+00,
    8.7500000000000000e+00, 0., -4.0098400099999996e+00,
    8.8000001900000004e+00, 0., -4.0096797899999999e+00,
    8.8500003800000009e+00, 0., -3.9765500999999999e+00,
    8.8999996199999991e+00, 0., -3.9325098999999999e+00,
    8.9499998099999996e+00, 0., -3.8814699600000000e+00, 9., 0.,
    -3.8428299400000001e+00, 9.0500001900000004e+00, 0.,
    -3.8227300600000000e+00, 9.1000003800000009e+00, 0.,
    -3.8110399199999998e+00, 9.1499996199999991e+00, 0.,
    -3.8061599699999999e+00, 9.1999998099999996e+00, 0.,
    -3.8324201100000002e+00, 9.2500000000000000e+00, 0.,
    -3.8661398899999999e+00, 9.3000001900000004e+00, 0.,
    -3.8761401200000001e+00, 9.3500003800000009e+00, 0.,
    -3.8564798800000002e+00, 9.3999996199999991e+00, 0.,
    -3.8340799799999998e+00, 9.4499998099999996e+00, 0.,
    -3.8331201099999999e+00, 9.5000000000000000e+00, 0.,
    -3.8237199799999999e+00, 9.5500001900000004e+00, 0.,
    -3.8118801100000002e+00, 9.6000003800000009e+00, 0.,
    -3.8055899100000001e+00, 9.6499996199999991e+00, 0.,
    -3.7994599299999998e+00, 9.6999998099999996e+00, 0.,
    -3.7922201200000001e+00, 9.7500000000000000e+00, 0.,
    -3.7771899699999998e+00, 9.8000001900000004e+00, 0.,
    -3.7639200700000002e+00, 9.8500003800000009e+00, 0.,
    -3.7637600899999999e+00, 9.8999996199999991e+00, 0.,
    -3.7635200000000002e+00, 9.9499998099999996e+00, 0.,
    -3.7679901099999999e+00, 10., 0., -3.7866299200000002e+00,
    1.0050000199999999e+01, 0., -3.7957999700000000e+00,
    1.0100000400000001e+01, 0., -3.7895500700000002e+00,
    1.0149999599999999e+01, 0., -3.7653501000000000e+00,
    1.0199999800000001e+01, 0., -3.7639699000000002e+00,
    1.0250000000000000e+01, 0., -3.7975699900000000e+00,
    1.0300000199999999e+01, 0., -3.7974100100000001e+00,
    1.0350000400000001e+01, 0., -3.7971398800000000e+00,
    1.0399999599999999e+01, 0., -3.7969400900000001e+00,
    1.0449999800000001e+01, 0., -3.7817599799999999e+00,
    1.0500000000000000e+01, 0., -3.7573399500000000e+00,
    1.0550000199999999e+01, 0., -3.7311799500000000e+00,
    1.0600000400000001e+01, 0., -3.7014999400000002e+00,
    1.0649999599999999e+01, 0., -3.6793799400000000e+00,
    1.0699999800000001e+01, 0., -3.6619400999999998e+00,
    1.0750000000000000e+01, 0., -3.6435000899999999e+00,
    1.0800000199999999e+01, 0., -3.6172599800000000e+00,
    1.0850000400000001e+01, 0., -3.5898699800000000e+00,
    1.0899999599999999e+01, 0., -3.5745899699999999e+00,
    1.0949999800000001e+01, 0., -3.5667901000000000e+00, 11., 0.,
    -3.5665199799999998e+00, 1.1050000199999999e+01, 0.,
    -3.5663199400000001e+00, 1.1100000400000001e+01, 0.,
    -3.5748999100000001e+00, 1.1149999599999999e+01, 0.,
    -3.5869901199999998e+00, 1.1199999800000001e+01, 0.,
    -3.5891099000000000e+00, 1.1250000000000000e+01, 0.,
    -3.5870799999999998e+00, 1.1300000199999999e+01, 0.,
    -3.5846600500000001e+00, 1.1350000400000001e+01, 0.,
    -3.5914599900000002e+00, 1.1399999599999999e+01, 0.,
    -3.5716099699999999e+00, 1.1449999800000001e+01, 0.,
    -3.5406100700000001e+00, 1.1500000000000000e+01, 0.,
    -3.5189399699999999e+00, 1.1550000199999999e+01, 0.,
    -3.5049300200000002e+00, 1.1600000400000001e+01, 0.,
    -3.5046899300000001e+00, 1.1649999599999999e+01, 0.,
    -3.5043799899999999e+00, 1.1699999800000001e+01, 0.,
    -3.5040900700000002e+00, 1.1750000000000000e+01, 0.,
    -3.5038900399999999e+00, 1.1800000199999999e+01, 0.,
    -3.4834899899999998e+00, 1.1850000400000001e+01, 0.,
    -3.4564900399999998e+00, 1.1899999599999999e+01, 0.,
    -3.4428300900000002e+00, 1.1949999800000001e+01, 0.,
    -3.4425399300000001e+00, 12., 0., -3.4423398999999999e+00,
    1.2050000199999999e+01, 0., -3.4240698799999998e+00,
    1.2100000400000001e+01, 0., -3.3999099699999999e+00,
    1.2149999599999999e+01, 0., -3.3928198799999998e+00,
    1.2199999800000001e+01, 0., -3.3900101199999999e+00,
    1.2250000000000000e+01, 0., -3.3858900099999998e+00,
    1.2300000199999999e+01, 0., -3.4019000500000001e+00,
    1.2350000400000001e+01, 0., -3.4118099200000001e+00,
    1.2399999599999999e+01, 0., -3.4061300800000001e+00,
    1.2449999800000001e+01, 0., -3.3796501200000000e+00,
    1.2500000000000000e+01, 0., -3.3546099699999998e+00,
    1.2550000199999999e+01, 0., -3.3394699100000000e+00,
    1.2600000400000001e+01, 0., -3.3327200399999999e+00,
    1.2649999599999999e+01, 0., -3.3325200100000001e+00,
    1.2699999800000001e+01, 0., -3.3220000299999999e+00,
    1.2750000000000000e+01, 0., -3.3126299399999999e+00,
    1.2800000199999999e+01, 0., -3.3171100600000001e+00,
    1.2850000400000001e+01, 0., -3.3273999700000001e+00,
    1.2899999599999999e+01, 0., -3.3222498900000001e+00,
    1.2949999800000001e+01, 0., -3.2959299099999999e+00, 13., 0.,
    -3.2776000500000002e+00, 1.3050000199999999e+01, 0.,
    -3.2805199599999999e+00, 1.3100000400000001e+01, 0.,
    -3.2662100800000000e+00, 1.3149999599999999e+01, 0.,
    -3.2513699500000000e+00, 1.3199999800000001e+01, 0.,
    -3.2443699800000001e+00, 1.3250000000000000e+01, 0.,
    -3.2406699699999999e+00, 1.3300000199999999e+01, 0.,
    -3.2402200699999999e+00, 1.3350000400000001e+01, 0.,
    -3.2392599600000000e+00, 1.3399999599999999e+01, 0.,
    -3.2315599900000000e+00, 1.3449999800000001e+01, 0.,
    -3.2164499800000002e+00, 1.3500000000000000e+01, 0.,
    -3.1944899599999999e+00, 1.3550000199999999e+01, 0.,
    -3.1778700400000002e+00, 1.3600000400000001e+01, 0.,
    -3.1777100599999999e+00, 1.3649999599999999e+01, 0.,
    -3.1809499300000001e+00, 1.3699999800000001e+01, 0.,
    -3.1812698799999999e+00, 1.3750000000000000e+01, 0.,
