%YAML:1.0
---
profile: [ 6.65000010e+00, 0., -3.29633999e+00, 6.69999981e+00, 0.,
    -4.28367996e+00, 6.75000000e+00, 0., -4.28143978e+00, 6.80000019e+00,
    0., -4.27275991e+00, 6.84999990e+00, 0., -4.26108980e+00,
    6.90000010e+00, 0., -4.24988985e+00, 6.94999981e+00, 0.,
    -4.24067020e+00, 7., 0., -4.23364019e+00, 7.05000019e+00, 0.,
    -4.23112011e+00, 7.09999990e+00, 0., -4.22503996e+00, 7.15000010e+00,
    0., -4.21867990e+00, 7.19999981e+00, 0., -4.21849012e+00,
    7.25000000e+00, 0., -4.21508980e+00, 7.30000019e+00, 0.,
    -4.20625019e+00, 7.34999990e+00, 0., -4.19990015e+00, 7.40000010e+00,
    0., -4.19530010e+00, 7.44999981e+00, 0., -4.19237995e+00,
    7.50000000e+00, 0., -4.18480015e+00, 7.55000019e+00, 0.,
    -4.17526007e+00, 7.59999990e+00, 0., -4.16953993e+00, 7.65000010e+00,
    0., -4.15721989e+00, 7.69999981e+00, 0., -4.14466000e+00,
    7.75000000e+00, 0., -4.12149000e+00, 7.80000019e+00, 0.,
    -4.10143995e+00, 7.84999990e+00, 0., -4.10124016e+00, 7.90000010e+00,
    0., -4.07777977e+00, 7.94999981e+00, 0., -4.04665995e+00, 8., 0.,
    -4.07993984e+00, 8.05000019e+00, 0., -4.10038996e+00, 8.10000038e+00,
    0., -4.10026979e+00, 8.14999962e+00, 0., -4.06845999e+00,
    8.19999981e+00, 0., -4.03546000e+00, 8.25000000e+00, 0.,
    -4.03062010e+00, 8.30000019e+00, 0., -4.02138996e+00, 8.35000038e+00,
    0., -4.01235008e+00, 8.39999962e+00, 0., -3.99271989e+00,
    8.44999981e+00, 0., -3.97434998e+00, 8.50000000e+00, 0.,
    -3.97026992e+00, 8.55000019e+00, 0., -3.96746993e+00, 8.60000038e+00,
    0., -3.96645999e+00, 8.64999962e+00, 0., -3.96630001e+00,
    8.69999981e+00, 0., -3.98492002e+00, 8.75000000e+00, 0.,
    -4.00984001e+00, 8.80000019e+00, 0., -4.00967979e+00, 8.85000038e+00,
    0., -3.97655010e+00, 8.89999962e+00, 0., -3.93250990e+00,
    8.94999981e+00, 0., -3.88146996e+00, 9., 0., -3.84282994e+00,
    9.05000019e+00, 0., -3.82273006e+00, 9.10000038e+00, 0.,
    -3.81103992e+00, 9.14999962e+00, 0., -3.80615997e+00, 9.19999981e+00,
    0., -3.83242011e+00, 9.25000000e+00, 0., -3.86613989e+00,
    9.30000019e+00, 0., -3.87614012e+00, 9.35000038e+00, 0.,
    -3.85647988e+00, 9.39999962e+00, 0., -3.83407998e+00, 9.44999981e+00,
    0., -3.83312011e+00, 9.50000000e+00, 0., -3.82371998e+00,
    9.55000019e+00, 0., -3.81188011e+00, 9.60000038e+00, 0.,
    -3.80558991e+00, 9.64999962e+00, 0., -3.79945993e+00, 9.69999981e+00,
    0., -3.79222012e+00, 9.75000000e+00, 0., -3.77718997e+00,
    9.80000019e+00, 0., -3.76392007e+00, 9.85000038e+00, 0.,
    -3.76376009e+00, 9.89999962e+00, 0., -3.76352000e+00, 9.94999981e+00,
    0., -3.76799011e+00, 10., 0., -3.78662992e+00, 1.00500002e+01, 0.,
    -3.79579997e+00, 1.01000004e+01, 0., -3.78955007e+00, 1.01499996e+01,
    0., -3.76535010e+00, 1.01999998e+01, 0., -3.76396990e+00,
    1.02500000e+01, 0., -3.79756999e+00, 1.03000002e+01, 0.,
    -3.79741001e+00, 1.03500004e+01, 0., -3.79713988e+00, 1.03999996e+01,
    0., -3.79694009e+00, 1.04499998e+01, 0., -3.78175998e+00,
    1.05000000e+01, 0., -3.75733995e+00, 1.05500002e+01, 0.,
    -3.73117995e+00, 1.06000004e+01, 0., -3.70149994e+00, 1.06499996e+01,
    0., -3.67937994e+00, 1.06999998e+01, 0., -3.66194010e+00,
    1.07500000e+01, 0., -3.64350009e+00, 1.08000002e+01, 0.,
    -3.61725998e+00, 1.08500004e+01, 0., -3.58986998e+00, 1.08999996e+01,
    0., -3.57458997e+00, 1.09499998e+01, 0., -3.56679010e+00, 11., 0.,
    -3.56651998e+00, 1.10500002e+01, 0., -3.56631994e+00, 1.11000004e+01,
    0., -3.57489991e+00, 1.11499996e+01, 0., -3.58699012e+00,
    1.11999998e+01, 0., -3.58910990e+00, 1.12500000e+01, 0.,
    -3.58708000e+00, 1.13000002e+01, 0., -3.58466005e+00, 1.13500004e+01,
    0., -3.59145999e+00, 1.13999996e+01, 0., -3.57160997e+00,
    1.14499998e+01, 0., -3.54061007e+00, 1.15000000e+01, 0.,
    -3.51893997e+00, 1.15500002e+01, 0., -3.50493002e+00, 1.16000004e+01,
    0., -3.50468993e+00, 1.16499996e+01, 0., -3.50437999e+00,
    1.16999998e+01, 0., -3.50409007e+00, 1.17500000e+01, 0.,
    -3.50389004e+00, 1.18000002e+01, 0., -3.48348999e+00, 1.18500004e+01,
    0., -3.45649004e+00, 1.18999996e+01, 0., -3.44283009e+00,
    1.19499998e+01, 0., -3.44253993e+00, 12., 0., -3.44233990e+00,
    1.20500002e+01, 0., -3.42406988e+00, 1.21000004e+01, 0.,
    -3.39990997e+00, 1.21499996e+01, 0., -3.39281988e+00, 1.21999998e+01,
    0., -3.39001012e+00, 1.22500000e+01, 0., -3.38589001e+00,
    1.23000002e+01, 0., -3.40190005e+00, 1.23500004e+01, 0.,
    -3.41180992e+00, 1.23999996e+01, 0., -3.40613008e+00, 1.24499998e+01,
    0., -3.37965012e+00, 1.25000000e+01, 0., -3.35460997e+00,
    1.25500002e+01, 0., -3.33946991e+00, 1.26000004e+01, 0.,
    -3.33272004e+00, 1.26499996e+01, 0., -3.33252001e+00, 1.26999998e+01,
    0., -3.32200003e+00, 1.27500000e+01, 0., -3.31262994e+00,
    1.28000002e+01, 0., -3.31711006e+00, 1.28500004e+01, 0.,
    -3.32739997e+00, 1.28999996e+01, 0., -3.32224989e+00, 1.29499998e+01,
    0., -3.29592991e+00, 13., 0., -3.27760005e+00, 1.30500002e+01, 0.,
    -3.28051996e+00, 1.31000004e+01, 0., -3.26621008e+00, 1.31499996e+01,
    0., -3.25136995e+00, 1.31999998e+01, 0., -3.24436998e+00,
    1.32500000e+01, 0., -3.24066997e+00, 1.33000002e+01, 0.,
    -3.24022007e+00, 1.33500004e+01, 0., -3.23925996e+00, 1.33999996e+01,
    0., -3.23155999e+00, 1.34499998e+01, 0., -3.21644998e+00,
    1.35000000e+01, 0., -3.19448996e+00, 1.35500002e+01, 0.,
    -3.17787004e+00, 1.36000004e+01, 0., -3.17771006e+00, 1.36499996e+01,
    0., -3.18094993e+00, 1.36999998e+01, 0., -3.18126988e+00,
    1.37500000e+01, 0., -3.16462994e+00, 1.38000002e+01, 0.,
    -3.15265012e+00, 1.38500004e+01, 0., -3.14700007e+00, 1.38999996e+01,
    0., -3.14407992e+00, 1.39499998e+01, 0., -3.14371991e+00, 14., 0.,
    -3.14739990e+00, 1.40500002e+01, 0., -3.13479996e+00, 1.41000004e+01,
    0., -3.11667991e+00, 1.41499996e+01, 0., -3.10075998e+00,
    1.41999998e+01, 0., -3.09026003e+00, 1.42500000e+01, 0.,
    -3.08643007e+00, 1.43000002e+01, 0., -3.08463001e+00, 1.43500004e+01,
    0., -3.09002995e+00, 1.43999996e+01, 0., -3.09213996e+00,
    1.44499998e+01, 0., -3.06730008e+00, 1.45000000e+01, 0.,
    -3.06182003e+00, 1.45500002e+01, 0., -3.08809996e+00, 1.46000004e+01,
    0., -3.07718992e+00, 1.46499996e+01, 0., -3.05978990e+00,
    1.46999998e+01, 0., -3.05131006e+00, 1.47500000e+01, 0.,
    -3.03275990e+00, 1.48000002e+01, 0., -3.00898004e+00, 1.48500004e+01,
    0., -2.99025989e+00, 1.48999996e+01, 0., -2.97157001e+00,
    1.49499998e+01, 0., -2.96240997e+00, 15., 0., -2.95878005e+00,
    1.50500002e+01, 0., -2.96077991e+00, 1.51000004e+01, 0.,
    -2.96366000e+00, 1.51499996e+01, 0., -2.96903992e+00, 1.51999998e+01,
    0., -2.96928000e+00, 1.52500000e+01, 0., -2.94928002e+00,
    1.53000002e+01, 0., -2.92673993e+00, 1.53500004e+01, 0.,
    -2.91170001e+00, 1.53999996e+01, 0., -2.89889002e+00, 1.54499998e+01,
    0., -2.88995004e+00, 1.55000000e+01, 0., -2.89051008e+00,
    1.55500002e+01, 0., -2.88829994e+00, 1.56000004e+01, 0.,
    -2.88374996e+00, 1.56499996e+01, 0., -2.87887001e+00, 1.56999998e+01,
    0., -2.87571001e+00, 1.57500000e+01, 0., -2.87504005e+00,
    1.58000002e+01, 0., -2.87624002e+00, 1.58500004e+01, 0.,
    -2.86001992e+00, 1.58999996e+01, 0., -2.82577991e+00, 1.59499998e+01,
    0., -2.81083989e+00, 16., 0., -2.81216002e+00, 1.60499992e+01, 0.,
    -2.80575991e+00, 1.61000004e+01, 0., -2.80827999e+00, 1.61499996e+01,
    0., -2.81529999e+00, 1.62000008e+01, 0., -2.81281996e+00,
    1.62500000e+01, 0., -2.80375004e+00, 1.62999992e+01, 0.,
    -2.79339004e+00, 1.63500004e+01, 0., -2.78277993e+00, 1.63999996e+01,
    0., -2.77363992e+00, 1.64500008e+01, 0., -2.76735997e+00,
    1.65000000e+01, 0., -2.76405001e+00, 1.65499992e+01, 0.,
    -2.75853992e+00, 1.66000004e+01, 0., -2.73729992e+00, 1.66499996e+01,
    0., -2.72653008e+00, 1.67000008e+01, 0., -2.72637010e+00,
    1.67500000e+01, 0., -2.75342989e+00, 1.67999992e+01, 0.,
    -2.76684999e+00, 1.68500004e+01, 0., -2.76011992e+00, 1.68999996e+01,
