%YAML:1.0
---
profile: [ 1.20000005e+00, 0., -3.41370010e+00, 1.25000000e+00, 0.,
    -3.37285995e+00, 1.29999995e+00, 0., -3.33747005e+00, 1.35000002e+00,
    0., -3.35927010e+00, 1.39999998e+00, 0., -3.34820008e+00,
    1.45000005e+00, 0., -3.35518003e+00, 1.50000000e+00, 0.,
    -3.45325994e+00, 1.54999995e+00, 0., -3.46966004e+00, 1.60000002e+00,
    0., -3.48607993e+00, 1.64999998e+00, 0., -3.49054003e+00,
    1.70000005e+00, 0., -3.48302007e+00, 1.75000000e+00, 0.,
    -3.46740007e+00, 1.79999995e+00, 0., -3.45163989e+00, 1.85000002e+00,
    0., -3.44458008e+00, 1.89999998e+00, 0., -3.43262005e+00,
    1.95000005e+00, 0., -3.41350007e+00, 2., 0., -3.40271997e+00,
    2.04999995e+00, 0., -3.39971995e+00, 2.09999990e+00, 0.,
    -3.39420009e+00, 2.15000010e+00, 0., -3.39493990e+00, 2.20000005e+00,
    0., -3.39787006e+00, 2.25000000e+00, 0., -3.39103007e+00,
    2.29999995e+00, 0., -3.38582993e+00, 2.34999990e+00, 0.,
    -3.38582993e+00, 2.40000010e+00, 0., -3.36798000e+00, 2.45000005e+00,
    0., -3.34893990e+00, 2.50000000e+00, 0., -3.34421992e+00,
    2.54999995e+00, 0., -3.34184003e+00, 2.59999990e+00, 0.,
    -3.33972001e+00, 2.65000010e+00, 0., -3.33148003e+00, 2.70000005e+00,
    0., -3.32410002e+00, 2.75000000e+00, 0., -3.32173991e+00,
    2.79999995e+00, 0., -3.31794000e+00, 2.84999990e+00, 0.,
    -3.31176996e+00, 2.90000010e+00, 0., -3.30420995e+00, 2.95000005e+00,
    0., -3.29567003e+00, 3., 0., -3.28778005e+00, 3.04999995e+00, 0.,
    -3.28150010e+00, 3.09999990e+00, 0., -3.26954007e+00, 3.15000010e+00,
    0., -3.25785995e+00, 3.20000005e+00, 0., -3.24323010e+00,
    3.25000000e+00, 0., -3.22858000e+00, 3.29999995e+00, 0.,
    -3.21690011e+00, 3.34999990e+00, 0., -3.20922995e+00, 3.40000010e+00,
    0., -3.20403004e+00, 3.45000005e+00, 0., -3.19303012e+00,
    3.50000000e+00, 0., -3.18038011e+00, 3.54999995e+00, 0.,
    -3.17170000e+00, 3.59999990e+00, 0., -3.16602993e+00, 3.65000010e+00,
    0., -3.16247010e+00, 3.70000005e+00, 0., -3.16238999e+00,
    3.75000000e+00, 0., -3.15985990e+00, 3.79999995e+00, 0.,
    -3.15403008e+00, 3.84999990e+00, 0., -3.14374995e+00, 3.90000010e+00,
    0., -3.12467003e+00, 3.95000005e+00, 0., -3.10611010e+00, 4., 0.,
    -3.07099009e+00, 4.05000019e+00, 0., -3.04054999e+00, 4.09999990e+00,
    0., -3.00406003e+00, 4.15000010e+00, 0., -2.96954989e+00,
    4.19999981e+00, 0., -2.94687009e+00, 4.25000000e+00, 0.,
    -2.92328000e+00, 4.30000019e+00, 0., -2.91016006e+00, 4.34999990e+00,
    0., -2.91049004e+00, 4.40000010e+00, 0., -2.91215992e+00,
    4.44999981e+00, 0., -2.88204002e+00, 4.50000000e+00, 0.,
    -2.86094999e+00, 4.55000019e+00, 0., -2.86390996e+00, 4.59999990e+00,
    0., -2.86609006e+00, 4.65000010e+00, 0., -2.86265993e+00,
    4.69999981e+00, 0., -2.85369992e+00, 4.75000000e+00, 0.,
    -2.86820006e+00, 4.80000019e+00, 0., -2.90169001e+00, 4.84999990e+00,
    0., -2.94017005e+00, 4.90000010e+00, 0., -2.97832990e+00,
    4.94999981e+00, 0., -2.98935008e+00, 5., 0., -2.99200010e+00,
    5.05000019e+00, 0., -2.99499989e+00, 5.09999990e+00, 0.,
    -2.99643993e+00, 5.15000010e+00, 0., -2.99309993e+00, 5.19999981e+00,
    0., -2.98546004e+00, 5.25000000e+00, 0., -2.97744012e+00,
    5.30000019e+00, 0., -2.96867990e+00, 5.34999990e+00, 0.,
    -2.95623994e+00, 5.40000010e+00, 0., -2.94137001e+00, 5.44999981e+00,
    0., -2.93028998e+00, 5.50000000e+00, 0., -2.91026998e+00,
    5.55000019e+00, 0., -2.89201999e+00, 5.59999990e+00, 0.,
    -2.88802004e+00, 5.65000010e+00, 0., -2.88284993e+00, 5.69999981e+00,
    0., -2.87864995e+00, 5.75000000e+00, 0., -2.88128996e+00,
    5.80000019e+00, 0., -2.88130999e+00, 5.84999990e+00, 0.,
    -2.87571001e+00, 5.90000010e+00, 0., -2.86191010e+00, 5.94999981e+00,
    0., -2.84907007e+00, 6., 0., -2.84738994e+00, 6.05000019e+00, 0.,
    -2.84287000e+00, 6.09999990e+00, 0., -2.83288002e+00, 6.15000010e+00,
    0., -2.81227994e+00, 6.19999981e+00, 0., -2.79668999e+00,
    6.25000000e+00, 0., -2.79653001e+00, 6.30000019e+00, 0.,
    -2.79629993e+00, 6.34999990e+00, 0., -2.79607010e+00, 6.40000010e+00,
    0., -2.79590988e+00, 6.44999981e+00, 0., -2.79572010e+00,
    6.50000000e+00, 0., -2.79551005e+00, 6.55000019e+00, 0.,
    -2.79535007e+00, 6.59999990e+00, 0., -2.79518008e+00, 6.65000010e+00,
    0., -2.78951001e+00, 6.69999981e+00, 0., -2.76754999e+00,
    6.75000000e+00, 0., -2.76553988e+00, 6.80000019e+00, 0.,
    -2.79442000e+00, 6.84999990e+00, 0., -2.79426003e+00, 6.90000010e+00,
    0., -2.79404998e+00, 6.94999981e+00, 0., -2.79380012e+00, 7., 0.,
    -2.79363990e+00, 7.05000019e+00, 0., -2.79339004e+00, 7.09999990e+00,
    0., -2.79319000e+00, 7.15000010e+00, 0., -2.74945998e+00,
    7.19999981e+00, 0., -2.69876003e+00, 7.25000000e+00, 0.,
    -2.67072010e+00, 7.30000019e+00, 0., -2.64715004e+00, 7.34999990e+00,
    0., -2.66507006e+00, 7.40000010e+00, 0., -2.66187000e+00,
    7.44999981e+00, 0., -2.65195990e+00, 7.50000000e+00, 0.,
    -2.64319992e+00, 7.55000019e+00, 0., -2.61455011e+00, 7.59999990e+00,
    0., -2.58226991e+00, 7.65000010e+00, 0., -2.59999990e+00,
    7.69999981e+00, 0., -2.62830997e+00, 7.75000000e+00, 0.,
    -2.61718988e+00, 7.80000019e+00, 0., -2.60639000e+00, 7.84999990e+00,
    0., -2.59856009e+00, 7.90000010e+00, 0., -2.59495997e+00,
    7.94999981e+00, 0., -2.55224991e+00, 8., 0., -2.49773002e+00,
    8.05000019e+00, 0., -2.47202992e+00, 8.10000038e+00, 0.,
    -2.47287011e+00, 8.14999962e+00, 0., -2.46791005e+00, 8.19999981e+00,
    0., -2.46055007e+00, 8.25000000e+00, 0., -2.45331001e+00,
    8.30000019e+00, 0., -2.45750999e+00, 8.35000038e+00, 0.,
    -2.46581006e+00, 8.39999962e+00, 0., -2.47337008e+00, 8.44999981e+00,
    0., -2.54993010e+00, 8.50000000e+00, 0., -2.61748004e+00,
    8.55000019e+00, 0., -3.32817006e+00, 8.60000038e+00, 0.,
    -3.55378008e+00, 8.64999962e+00, 0., -3.69365001e+00, 8.69999981e+00,
    0., -4.07224989e+00, 8.75000000e+00, 0., -4.24213982e+00,
    8.80000019e+00, 0., -4.48051023e+00, 8.85000038e+00, 0.,
    -4.68551016e+00, 8.89999962e+00, 0., -4.85906982e+00, 8.94999981e+00,
    0., -5.03812981e+00, 9., 0., -5.35863018e+00, 9.05000019e+00, 0.,
    -5.51541996e+00, 9.10000038e+00, 0., -5.71361017e+00, 9.14999962e+00,
    0., -6.00734997e+00, 9.19999981e+00, 0., -6.30040979e+00,
    9.25000000e+00, 0., -6.46090984e+00, 9.30000019e+00, 0.,
    -6.68473005e+00, 9.35000038e+00, 0., -6.83851004e+00, 9.39999962e+00,
    0., -7.03129005e+00, 9.44999981e+00, 0., -7.20515013e+00,
    9.50000000e+00, 0., -7.54280996e+00, 9.55000019e+00, 0.,
    -7.76495981e+00, 9.60000038e+00, 0., -7.90937996e+00, 9.64999962e+00,
    0., -8.09825993e+00, 9.69999981e+00, 0., -8.43309975e+00,
    9.75000000e+00, 0., -8.52777004e+00, 9.80000019e+00, 0.,
    -8.60002041e+00, 9.85000038e+00, 0., -8.73069000e+00, 9.89999962e+00,
    0., -9.25872993e+00, 9.94999981e+00, 0., -9.57499027e+00, 10., 0.,
    -9.73272991e+00, 1.00500002e+01, 0., -9.85844994e+00, 1.01000004e+01,
    0., -9.97651005e+00, 1.01499996e+01, 0., -1.01034698e+01,
    1.01999998e+01, 0., -1.02261496e+01, 1.02500000e+01, 0.,
    -1.03111200e+01, 1.03000002e+01, 0., -1.04098301e+01, 1.03500004e+01,
    0., -1.10198603e+01, 1.03999996e+01, 0., -1.15380201e+01,
    1.04499998e+01, 0., -1.16681404e+01, 1.05000000e+01, 0.,
    -1.17284203e+01, 1.05500002e+01, 0., -1.20127697e+01, 1.06000004e+01,
    0., -1.24483604e+01, 1.06499996e+01, 0., -1.25060797e+01,
    1.06999998e+01, 0., -1.25483198e+01, 1.07500000e+01, 0.,
    -1.26179199e+01, 1.08000002e+01, 0., -1.28292398e+01, 1.08500004e+01,
    0., -1.33479300e+01, 1.08999996e+01, 0., -1.36012602e+01,
    1.09499998e+01, 0., -1.37732096e+01, 11., 0., -1.40838299e+01,
    1.10500002e+01, 0., -1.44030104e+01, 1.11000004e+01, 0.,
    -1.46186199e+01, 1.11499996e+01, 0., -1.47847204e+01, 1.11999998e+01,
    0., -1.48882103e+01, 1.12500000e+01, 0., -1.49541702e+01,
    1.13000002e+01, 0., -1.52033195e+01, 1.13500004e+01, 0.,
    -1.57048597e+01, 1.13999996e+01, 0., -1.58384504e+01, 1.14499998e+01,
