%YAML:1.0
---
profile: [ 5.25000000e+00, 0., 1.24557505e+01, 5.30000019e+00, 0.,
    1.24564304e+01, 5.34999990e+00, 0., 1.24593601e+01, 5.40000010e+00,
    0., 1.24642897e+01, 5.44999981e+00, 0., 1.24698896e+01,
    5.50000000e+00, 0., 1.24719601e+01, 5.55000019e+00, 0.,
    1.24735298e+01, 5.59999990e+00, 0., 1.24756098e+01, 5.65000010e+00,
    0., 1.24824600e+01, 5.69999981e+00, 0., 1.24907398e+01,
    5.75000000e+00, 0., 1.24977798e+01, 5.80000019e+00, 0.,
    1.25164804e+01, 5.84999990e+00, 0., 1.25366096e+01, 5.90000010e+00,
    0., 1.25514097e+01, 5.94999981e+00, 0., 1.25520401e+01, 6., 0.,
    1.25563803e+01, 6.05000019e+00, 0., 1.25786200e+01, 6.09999990e+00,
    0., 1.25929899e+01, 6.15000010e+00, 0., 1.25986500e+01,
    6.19999981e+00, 0., 1.26042900e+01, 6.25000000e+00, 0.,
    1.26082201e+01, 6.30000019e+00, 0., 1.26096802e+01, 6.34999990e+00,
    0., 1.26096802e+01, 6.40000010e+00, 0., 1.26078997e+01,
    6.44999981e+00, 0., 1.26096401e+01, 6.50000000e+00, 0.,
    1.26167202e+01, 6.55000019e+00, 0., 1.26207104e+01, 6.59999990e+00,
    0., 1.26230803e+01, 6.65000010e+00, 0., 1.26245203e+01,
    6.69999981e+00, 0., 1.26379299e+01, 6.75000000e+00, 0.,
    1.26527700e+01, 6.80000019e+00, 0., 1.26598902e+01, 6.84999990e+00,
    0., 1.26661596e+01, 6.90000010e+00, 0., 1.26703100e+01,
    6.94999981e+00, 0., 1.26725101e+01, 7., 0., 1.26774101e+01,
    7.05000019e+00, 0., 1.26853199e+01, 7.09999990e+00, 0.,
    1.26967602e+01, 7.15000010e+00, 0., 1.27143402e+01, 7.19999981e+00,
    0., 1.27312603e+01, 7.25000000e+00, 0., 1.27357798e+01,
    7.30000019e+00, 0., 1.27409496e+01, 7.34999990e+00, 0.,
    1.27448702e+01, 7.40000010e+00, 0., 1.27451096e+01, 7.44999981e+00,
    0., 1.27555504e+01, 7.50000000e+00, 0., 1.27702503e+01,
    7.55000019e+00, 0., 1.27739697e+01, 7.59999990e+00, 0.,
    1.27838697e+01, 7.65000010e+00, 0., 1.27945499e+01, 7.69999981e+00,
    0., 1.28025599e+01, 7.75000000e+00, 0., 1.28091002e+01,
    7.80000019e+00, 0., 1.28142996e+01, 7.84999990e+00, 0.,
    1.28202000e+01, 7.90000010e+00, 0., 1.28246202e+01, 7.94999981e+00,
    0., 1.28275995e+01, 8., 0., 1.28313999e+01, 8.05000019e+00, 0.,
    1.28398504e+01, 8.10000038e+00, 0., 1.28524904e+01, 8.14999962e+00,
    0., 1.28680897e+01, 8.19999981e+00, 0., 1.28799295e+01,
    8.25000000e+00, 0., 1.28801298e+01, 8.30000019e+00, 0.,
    1.28965797e+01, 8.35000038e+00, 0., 1.29115696e+01, 8.39999962e+00,
    0., 1.29168901e+01, 8.44999981e+00, 0., 1.29303999e+01,
    8.50000000e+00, 0., 1.29410696e+01, 8.55000019e+00, 0.,
    1.29440699e+01, 8.60000038e+00, 0., 1.29344301e+01, 8.64999962e+00,
    0., 1.29242802e+01, 8.69999981e+00, 0., 1.29156504e+01,
    8.75000000e+00, 0., 1.29001303e+01, 8.80000019e+00, 0.,
    1.29084797e+01, 8.85000038e+00, 0., 1.29348097e+01, 8.89999962e+00,
    0., 1.29540501e+01, 8.94999981e+00, 0., 1.29867897e+01, 9., 0.,
    1.30233097e+01, 9.05000019e+00, 0., 1.30584698e+01, 9.10000038e+00,
    0., 1.30809898e+01, 9.14999962e+00, 0., 1.31100397e+01,
    9.19999981e+00, 0., 1.31329002e+01, 9.25000000e+00, 0.,
    1.31435003e+01, 9.30000019e+00, 0., 1.31537199e+01, 9.35000038e+00,
    0., 1.31565905e+01, 9.39999962e+00, 0., 1.31420298e+01,
    9.44999981e+00, 0., 1.31244698e+01, 9.50000000e+00, 0.,
    1.30937796e+01, 9.55000019e+00, 0., 1.29334402e+01, 9.60000038e+00,
    0., 1.25539303e+01, 9.64999962e+00, 0., 1.23734503e+01,
    9.69999981e+00, 0., 1.20045500e+01, 9.75000000e+00, 0.,
    1.16880198e+01, 9.80000019e+00, 0., 1.15456896e+01, 9.85000038e+00,
    0., 1.14260197e+01, 9.89999962e+00, 0., 1.10305004e+01,
    9.94999981e+00, 0., 1.06833200e+01, 10., 0., 1.05211697e+01,
    1.00500002e+01, 0., 1.04115000e+01, 1.01000004e+01, 0.,
    1.02538099e+01, 1.01499996e+01, 0., 9.76418018e+00, 1.01999998e+01,
    0., 9.62290955e+00, 1.02500000e+01, 0., 9.42870045e+00,
    1.03000002e+01, 0., 9.27964020e+00, 1.03500004e+01, 0.,
    9.01865959e+00, 1.03999996e+01, 0., 8.76004028e+00, 1.04499998e+01,
    0., 8.48624992e+00, 1.05000000e+01, 0., 8.34776020e+00,
    1.05500002e+01, 0., 8.24149036e+00, 1.06000004e+01, 0.,
    8.13525963e+00, 1.06499996e+01, 0., 7.72764015e+00, 1.06999998e+01,
    0., 7.52788019e+00, 1.07500000e+01, 0., 7.42170000e+00,
    1.08000002e+01, 0., 7.26050997e+00, 1.08500004e+01, 0.,
    7.03237009e+00, 1.08999996e+01, 0., 6.81657982e+00, 1.09499998e+01,
    0., 6.51959991e+00, 11., 0., 6.24587011e+00, 1.10500002e+01, 0.,
    5.95102978e+00, 1.11000004e+01, 0., 5.69231987e+00, 1.11499996e+01,
    0., 5.32875013e+00, 1.11999998e+01, 0., 5.18185997e+00,
    1.12500000e+01, 0., 5.09762001e+00, 1.13000002e+01, 0.,
    5.05079985e+00, 1.13500004e+01, 0., 4.90286016e+00, 1.13999996e+01,
    0., 4.42719984e+00, 1.14499998e+01, 0., 4.24087000e+00,
    1.15000000e+01, 0., 3.95105004e+00, 1.15500002e+01, 0.,
    3.78105998e+00, 1.16000004e+01, 0., 3.59916997e+00, 1.16499996e+01,
    0., 3.44919991e+00, 1.16999998e+01, 0., 3.04994011e+00,
    1.17500000e+01, 0., 2.82216001e+00, 1.18000002e+01, 0.,
    2.67757010e+00, 1.18500004e+01, 0., 2.48018003e+00, 1.18999996e+01,
    0., 2.26567006e+00, 1.19499998e+01, 0., 1.93836999e+00, 12., 0.,
    1.77748001e+00, 1.20500002e+01, 0., 1.62441003e+00, 1.21000004e+01,
    0., 1.30834997e+00, 1.21499996e+01, 0., 1.04472005e+00,
    1.21999998e+01, 0., 8.81760001e-01, 1.22500000e+01, 0.,
    7.79540002e-01, 1.23000002e+01, 0., 6.28000021e-01, 1.23500004e+01,
    0., 2.49060005e-01, 1.23999996e+01, 0., 4.93000001e-02,
    1.24499998e+01, 0., -2.33260006e-01, 1.25000000e+01, 0.,
    -4.45479989e-01, 1.25500002e+01, 0., -5.04159987e-01, 1.26000004e+01,
    0., -5.37419975e-01, 1.26499996e+01, 0., -5.57139993e-01,
    1.26999998e+01, 0., -1.17980003e+00, 1.27500000e+01, 0.,
    -1.41246998e+00, 1.28000002e+01, 0., -1.56204998e+00, 1.28500004e+01,
    0., -1.83339000e+00, 1.28999996e+01, 0., -2.05112004e+00,
    1.29499998e+01, 0., -2.25994992e+00, 13., 0., -2.55064011e+00,
    1.30500002e+01, 0., -2.76815009e+00, 1.31000004e+01, 0.,
    -2.89131999e+00, 1.31499996e+01, 0., -3.03431010e+00, 1.31999998e+01,
    0., -3.26117992e+00, 1.32500000e+01, 0., -3.62606001e+00,
    1.33000002e+01, 0., -3.86793995e+00, 1.33500004e+01, 0.,
    -4.15166998e+00, 1.33999996e+01, 0., -4.36799002e+00, 1.34499998e+01,
    0., -4.56005001e+00, 1.35000000e+01, 0., -4.90921021e+00,
    1.35500002e+01, 0., -4.98739004e+00, 1.36000004e+01, 0.,
    -5.01646996e+00, 1.36499996e+01, 0., -5.04847002e+00, 1.36999998e+01,
    0., -5.08629990e+00, 1.37500000e+01, 0., -5.21123981e+00,
    1.38000002e+01, 0., -5.98295021e+00, 1.38500004e+01, 0.,
    -6.17959976e+00, 1.38999996e+01, 0., -6.35105991e+00, 1.39499998e+01,
    0., -6.69721985e+00, 14., 0., -6.88539982e+00, 1.40500002e+01, 0.,
    -7.11709976e+00, 1.41000004e+01, 0., -7.33536005e+00, 1.41499996e+01,
    0., -7.48807001e+00, 1.41999998e+01, 0., -7.62801981e+00,
    1.42500000e+01, 0., -8.04804993e+00, 1.43000002e+01, 0.,
    -8.26873970e+00, 1.43500004e+01, 0., -8.55335999e+00, 1.43999996e+01,
    0., -8.64890003e+00, 1.44499998e+01, 0., -8.83372021e+00,
    1.45000000e+01, 0., -9.38442039e+00, 1.45500002e+01, 0.,
    -9.47233009e+00, 1.46000004e+01, 0., -9.50489044e+00, 1.46499996e+01,
    0., -9.52176952e+00, 1.46999998e+01, 0., -9.54901981e+00,
    1.47500000e+01, 0., -9.74604034e+00, 1.48000002e+01, 0.,
    -1.04940901e+01, 1.48500004e+01, 0., -1.07682400e+01, 1.48999996e+01,
    0., -1.09524202e+01, 1.49499998e+01, 0., -1.10849400e+01, 15., 0.,
    -1.11682796e+01, 1.50500002e+01, 0., -1.12539597e+01, 1.51000004e+01,
    0., -1.17670097e+01, 1.51499996e+01, 0., -1.20557499e+01,
    1.51999998e+01, 0., -1.21362495e+01, 1.52500000e+01, 0.,
    -1.22243500e+01, 1.53000002e+01, 0., -1.23181601e+01, 1.53500004e+01,
    0., -1.24846401e+01, 1.53999996e+01, 0., -1.29386101e+01,
    1.54499998e+01, 0., -1.30567303e+01, 1.55000000e+01, 0.,
    -1.31030502e+01, 1.55500002e+01, 0., -1.31783199e+01, 1.56000004e+01,
    0., -1.36447201e+01, 1.56499996e+01, 0., -1.41934404e+01,
