%YAML:1.0
---
profile: [ 4.30000019e+00, 0., 8.65725994e+00, 4.34999990e+00, 0.,
    8.65600014e+00, 4.40000010e+00, 0., 8.65960026e+00, 4.44999981e+00,
    0., 8.65380001e+00, 4.50000000e+00, 0., 8.64037991e+00,
    4.55000019e+00, 0., 8.62882042e+00, 4.59999990e+00, 0.,
    8.64941025e+00, 4.65000010e+00, 0., 8.66759968e+00, 4.69999981e+00,
    0., 8.64647961e+00, 4.75000000e+00, 0., 8.64124012e+00,
    4.80000019e+00, 0., 8.65904999e+00, 4.84999990e+00, 0.,
    8.69460964e+00, 4.90000010e+00, 0., 8.71247959e+00, 4.94999981e+00,
    0., 8.71874046e+00, 5., 0., 8.74341965e+00, 5.05000019e+00, 0.,
    8.74895954e+00, 5.09999990e+00, 0., 8.72305012e+00, 5.15000010e+00,
    0., 8.72309017e+00, 5.19999981e+00, 0., 8.73546028e+00,
    5.25000000e+00, 0., 8.75185966e+00, 5.30000019e+00, 0.,
    8.77991009e+00, 5.34999990e+00, 0., 8.78919029e+00, 5.40000010e+00,
    0., 8.77186966e+00, 5.44999981e+00, 0., 8.79798031e+00,
    5.50000000e+00, 0., 8.82717991e+00, 5.55000019e+00, 0.,
    8.82217979e+00, 5.59999990e+00, 0., 8.82351971e+00, 5.65000010e+00,
    0., 8.83197021e+00, 5.69999981e+00, 0., 8.84508991e+00,
    5.75000000e+00, 0., 8.85171986e+00, 5.80000019e+00, 0.,
    8.85091972e+00, 5.84999990e+00, 0., 8.84743977e+00, 5.90000010e+00,
    0., 8.86312962e+00, 5.94999981e+00, 0., 8.88642979e+00, 6., 0.,
    8.88650990e+00, 6.05000019e+00, 0., 8.90180969e+00, 6.09999990e+00,
    0., 8.92212963e+00, 6.15000010e+00, 0., 8.95271969e+00,
    6.19999981e+00, 0., 8.97461987e+00, 6.25000000e+00, 0.,
    8.96049976e+00, 6.30000019e+00, 0., 8.96732998e+00, 6.34999990e+00,
    0., 8.97941971e+00, 6.40000010e+00, 0., 8.98626041e+00,
    6.44999981e+00, 0., 8.97350979e+00, 6.50000000e+00, 0.,
    8.96113014e+00, 6.55000019e+00, 0., 8.96864986e+00, 6.59999990e+00,
    0., 8.99415970e+00, 6.65000010e+00, 0., 9.01877975e+00,
    6.69999981e+00, 0., 9.02258015e+00, 6.75000000e+00, 0.,
    9.02245998e+00, 6.80000019e+00, 0., 9.02711010e+00, 6.84999990e+00,
    0., 9.05642986e+00, 6.90000010e+00, 0., 9.07855988e+00,
    6.94999981e+00, 0., 9.07872009e+00, 7., 0., 9.07894039e+00,
    7.05000019e+00, 0., 9.07911968e+00, 7.09999990e+00, 0.,
    9.07923985e+00, 7.15000010e+00, 0., 9.07944965e+00, 7.19999981e+00,
    0., 9.06777954e+00, 7.25000000e+00, 0., 9.04424953e+00,
    7.30000019e+00, 0., 9.04436970e+00, 7.34999990e+00, 0.,
    9.04456043e+00, 7.40000010e+00, 0., 9.05395985e+00, 7.44999981e+00,
    0., 9.09088039e+00, 7.50000000e+00, 0., 9.11682034e+00,
    7.55000019e+00, 0., 9.11338043e+00, 7.59999990e+00, 0.,
    9.12856007e+00, 7.65000010e+00, 0., 9.13199043e+00, 7.69999981e+00,
    0., 9.11483002e+00, 7.75000000e+00, 0., 9.10902977e+00,
    7.80000019e+00, 0., 9.11359978e+00, 7.84999990e+00, 0.,
    9.12067986e+00, 7.90000010e+00, 0., 9.15612984e+00, 7.94999981e+00,
    0., 9.18999958e+00, 8., 0., 9.19083977e+00, 8.05000019e+00, 0.,
    9.19141006e+00, 8.10000038e+00, 0., 9.19161987e+00, 8.14999962e+00,
    0., 9.19174004e+00, 8.19999981e+00, 0., 9.20711994e+00,
    8.25000000e+00, 0., 9.23248959e+00, 8.30000019e+00, 0.,
    9.25236988e+00, 8.35000038e+00, 0., 9.26737976e+00, 8.39999962e+00,
    0., 9.26753998e+00, 8.44999981e+00, 0., 9.24316978e+00,
    8.50000000e+00, 0., 9.24639034e+00, 8.55000019e+00, 0.,
    9.26772976e+00, 8.60000038e+00, 0., 9.27077007e+00, 8.64999962e+00,
    0., 9.28761959e+00, 8.69999981e+00, 0., 9.30797958e+00,
    8.75000000e+00, 0., 9.31686974e+00, 8.80000019e+00, 0.,
    9.32581997e+00, 8.85000038e+00, 0., 9.33798027e+00, 8.89999962e+00,
    0., 9.30257988e+00, 8.94999981e+00, 0., 9.28532982e+00, 9., 0.,
    9.30558968e+00, 9.05000019e+00, 0., 9.33098984e+00, 9.10000038e+00,
    0., 9.34582043e+00, 9.14999962e+00, 0., 9.33734035e+00,
    9.19999981e+00, 0., 9.33537960e+00, 9.25000000e+00, 0.,
    9.32549953e+00, 9.30000019e+00, 0., 9.31217003e+00, 9.35000038e+00,
    0., 9.33885002e+00, 9.39999962e+00, 0., 9.35534000e+00,
    9.44999981e+00, 0., 9.34829998e+00, 9.50000000e+00, 0.,
    9.34669971e+00, 9.55000019e+00, 0., 9.36997986e+00, 9.60000038e+00,
    0., 9.41629982e+00, 9.64999962e+00, 0., 9.43852043e+00,
    9.69999981e+00, 0., 9.41965961e+00, 9.75000000e+00, 0.,
    9.44437981e+00, 9.80000019e+00, 0., 9.45800972e+00, 9.85000038e+00,
    0., 9.44538975e+00, 9.89999962e+00, 0., 9.43474960e+00,
    9.94999981e+00, 0., 9.45652008e+00, 10., 0., 9.49263954e+00,
    1.00500002e+01, 0., 9.49318027e+00, 1.01000004e+01, 0.,
    9.48692989e+00, 1.01499996e+01, 0., 9.48709011e+00, 1.01999998e+01,
    0., 9.47646046e+00, 1.02500000e+01, 0., 9.48151016e+00,
    1.03000002e+01, 0., 9.49234009e+00, 1.03500004e+01, 0.,
    9.48025990e+00, 1.03999996e+01, 0., 9.49324036e+00, 1.04499998e+01,
    0., 9.51860046e+00, 1.05000000e+01, 0., 9.52513981e+00,
    1.05500002e+01, 0., 9.53870964e+00, 1.06000004e+01, 0.,
    9.56558990e+00, 1.06499996e+01, 0., 9.57730961e+00, 1.06999998e+01,
    0., 9.57273960e+00, 1.07500000e+01, 0., 9.56717968e+00,
    1.08000002e+01, 0., 9.56667042e+00, 1.08500004e+01, 0.,
    9.56746006e+00, 1.08999996e+01, 0., 9.56762028e+00, 1.09499998e+01,
    0., 9.56039047e+00, 11., 0., 9.55498028e+00, 1.10500002e+01, 0.,
    9.55513954e+00, 1.11000004e+01, 0., 9.55543041e+00, 1.11499996e+01,
    0., 9.55568981e+00, 1.11999998e+01, 0., 9.55838013e+00,
    1.12500000e+01, 0., 9.56826019e+00, 1.13000002e+01, 0.,
    9.56766033e+00, 1.13500004e+01, 0., 9.55230045e+00, 1.13999996e+01,
    0., 9.55533981e+00, 1.14499998e+01, 0., 9.58749008e+00,
    1.15000000e+01, 0., 9.62825012e+00, 1.15500002e+01, 0.,
    9.66952991e+00, 1.16000004e+01, 0., 9.69752979e+00, 1.16499996e+01,
    0., 9.68548965e+00, 1.16999998e+01, 0., 9.69915009e+00,
    1.17500000e+01, 0., 9.72539043e+00, 1.18000002e+01, 0.,
    9.71420002e+00, 1.18500004e+01, 0., 9.70870018e+00, 1.18999996e+01,
    0., 9.71290016e+00, 1.19499998e+01, 0., 9.71166039e+00, 12., 0.,
    9.71004963e+00, 1.20500002e+01, 0., 9.70919991e+00, 1.21000004e+01,
    0., 9.71076012e+00, 1.21499996e+01, 0., 9.71383953e+00,
    1.21999998e+01, 0., 9.71689987e+00, 1.22500000e+01, 0.,
    9.71702003e+00, 1.23000002e+01, 0., 9.73342991e+00, 1.23500004e+01,
    0., 9.75522995e+00, 1.23999996e+01, 0., 9.74822998e+00,
    1.24499998e+01, 0., 9.76517963e+00, 1.25000000e+01, 0.,
    9.79609966e+00, 1.25500002e+01, 0., 9.80902004e+00, 1.26000004e+01,
    0., 9.81334019e+00, 1.26499996e+01, 0., 9.81418037e+00,
    1.26999998e+01, 0., 9.81460953e+00, 1.27500000e+01, 0.,
    9.82555008e+00, 1.28000002e+01, 0., 9.84710979e+00, 1.28500004e+01,
    0., 9.84298992e+00, 1.28999996e+01, 0., 9.83850956e+00,
    1.29499998e+01, 0., 9.85943031e+00, 13., 0., 9.85307026e+00,
    1.30500002e+01, 0., 9.83631992e+00, 1.31000004e+01, 0.,
    9.83648014e+00, 1.31499996e+01, 0., 9.83668041e+00, 1.31999998e+01,
    0., 9.83689022e+00, 1.32500000e+01, 0., 9.83705044e+00,
    1.33000002e+01, 0., 9.83726978e+00, 1.33500004e+01, 0.,
    9.86248016e+00, 1.33999996e+01, 0., 9.91259956e+00, 1.34499998e+01,
    0., 9.93782997e+00, 1.35000000e+01, 0., 9.94499969e+00,
    1.35500002e+01, 0., 9.97284031e+00, 1.36000004e+01, 0.,
    9.99604988e+00, 1.36499996e+01, 0., 1.00005703e+01, 1.36999998e+01,
    0., 1.00026598e+01, 1.37500000e+01, 0., 1.00035000e+01,
    1.38000002e+01, 0., 1.00037003e+01, 1.38500004e+01, 0.,
    1.00039997e+01, 1.38999996e+01, 0., 9.99882984e+00, 1.39499998e+01,
    0., 9.99215984e+00, 14., 0., 1.00080404e+01, 1.40500002e+01, 0.,
    1.00186701e+01, 1.41000004e+01, 0., 1.00159903e+01, 1.41499996e+01,
    0., 1.00341997e+01, 1.41999998e+01, 0., 1.00445099e+01,
    1.42500000e+01, 0., 1.00368299e+01, 1.43000002e+01, 0.,
    1.00315104e+01, 1.43500004e+01, 0., 1.00157003e+01, 1.43999996e+01,
    0., 9.99897957e+00, 1.44499998e+01, 0., 1.00383396e+01,
    1.45000000e+01, 0., 1.00667801e+01, 1.45500002e+01, 0.,
    1.00647001e+01, 1.46000004e+01, 0., 1.00803804e+01, 1.46499996e+01,
    0., 1.00984402e+01, 1.46999998e+01, 0., 1.01101599e+01,
    1.47500000e+01, 0., 1.01252699e+01, 1.48000002e+01, 0.,
