%YAML:1.0
---
profile: [ 1.1499999800000000e+00, 0., -3.6647100400000001e+00,
    1.2000000500000001e+00, 0., -3.6537098900000000e+00,
    1.2500000000000000e+00, 0., -3.6291899700000001e+00,
    1.2999999499999999e+00, 0., -3.6039099700000001e+00,
    1.3500000200000000e+00, 0., -3.5857000399999999e+00,
    1.3999999800000000e+00, 0., -3.5733199099999999e+00,
    1.4500000500000001e+00, 0., -3.5664000499999999e+00,
    1.5000000000000000e+00, 0., -3.5495600700000001e+00,
    1.5499999499999999e+00, 0., -3.5317199200000000e+00,
    1.6000000200000000e+00, 0., -3.5154600100000000e+00,
    1.6499999800000000e+00, 0., -3.5066399599999998e+00,
    1.7000000500000001e+00, 0., -3.5066399599999998e+00,
    1.7500000000000000e+00, 0., -3.4677600900000001e+00,
    1.7999999499999999e+00, 0., -3.4288799800000000e+00,
    1.8500000200000000e+00, 0., -3.4600799100000001e+00,
    1.8999999800000000e+00, 0., -3.4776198900000002e+00,
    1.9500000500000001e+00, 0., -3.4736299499999999e+00, 2., 0.,
    -3.4735898999999999e+00, 2.0499999500000001e+00, 0.,
    -3.4747400300000000e+00, 2.0999998999999998e+00, 0.,
    -3.4770200299999998e+00, 2.1500001000000002e+00, 0.,
    -3.4713099000000001e+00, 2.2000000499999999e+00, 0.,
    -3.4617500300000001e+00, 2.2500000000000000e+00, 0.,
    -3.4521501099999998e+00, 2.2999999500000001e+00, 0.,
    -3.4367999999999999e+00, 2.3499998999999998e+00, 0.,
    -3.4205501100000002e+00, 2.4000001000000002e+00, 0.,
    -3.4116299200000002e+00, 2.4500000499999999e+00, 0.,
    -3.3970699299999998e+00, 2.5000000000000000e+00, 0.,
    -3.3813900900000000e+00, 2.5499999500000001e+00, 0.,
    -3.3767399800000000e+00, 2.5999998999999998e+00, 0.,
    -3.3742499399999999e+00, 2.6500001000000002e+00, 0.,
    -3.3671701000000001e+00, 2.7000000499999999e+00, 0.,
    -3.3513000000000002e+00, 2.7500000000000000e+00, 0.,
    -3.3348600899999998e+00, 2.7999999500000001e+00, 0.,
    -3.3306500899999998e+00, 2.8499998999999998e+00, 0.,
    -3.3306000199999999e+00, 2.9000001000000002e+00, 0.,
    -3.3305599699999999e+00, 2.9500000499999999e+00, 0.,
    -3.3304901099999999e+00, 3., 0., -3.3218600700000001e+00,
    3.0499999500000001e+00, 0., -3.3046999000000001e+00,
    3.0999998999999998e+00, 0., -3.2692201100000000e+00,
    3.1500001000000002e+00, 0., -3.2333800799999999e+00,
    3.2000000499999999e+00, 0., -3.2153499100000000e+00,
    3.2500000000000000e+00, 0., -3.2172401000000002e+00,
    3.2999999500000001e+00, 0., -3.2249600900000002e+00,
    3.3499998999999998e+00, 0., -3.1982200100000000e+00,
    3.4000001000000002e+00, 0., -3.1574199200000002e+00,
    3.4500000499999999e+00, 0., -3.2001299900000002e+00,
    3.5000000000000000e+00, 0., -3.2421500700000001e+00,
    3.5499999500000001e+00, 0., -3.2422099100000001e+00,
    3.5999998999999998e+00, 0., -3.2428898799999999e+00,
    3.6500001000000002e+00, 0., -3.2431700200000000e+00,
    3.7000000499999999e+00, 0., -3.2428100099999999e+00,
    3.7500000000000000e+00, 0., -3.2419300099999999e+00,
    3.7999999500000001e+00, 0., -3.2126500600000001e+00,
    3.8499998999999998e+00, 0., -3.1742498900000000e+00,
    3.9000001000000002e+00, 0., -3.1543199999999998e+00,
    3.9500000499999999e+00, 0., -3.1533698999999999e+00, 4., 0.,
    -3.1532499800000000e+00, 4.0500001900000004e+00, 0.,
    -3.1530599600000002e+00, 4.0999999000000003e+00, 0.,
    -3.1529400299999999e+00, 4.1500000999999997e+00, 0.,
    -3.1527099600000001e+00, 4.1999998099999996e+00, 0.,
    -3.1524899000000000e+00, 4.2500000000000000e+00, 0.,
    -3.1523299200000001e+00, 4.3000001900000004e+00, 0.,
    -3.1521000899999998e+00, 4.3499999000000003e+00, 0.,
    -3.1518800300000001e+00, 4.4000000999999997e+00, 0.,
    -3.1517200500000002e+00, 4.4499998099999996e+00, 0.,
    -3.1514999900000000e+00, 4.5000000000000000e+00, 0.,
    -3.1475598800000002e+00, 4.5500001900000004e+00, 0.,
    -3.1399200000000000e+00, 4.5999999000000003e+00, 0.,
    -3.1248600500000001e+00, 4.6500000999999997e+00, 0.,
    -3.1059200800000002e+00, 4.6999998099999996e+00, 0.,
    -3.0901200800000002e+00, 4.7500000000000000e+00, 0.,
    -3.0833001100000001e+00, 4.8000001900000004e+00, 0.,
    -3.0933399200000000e+00, 4.8499999000000003e+00, 0.,
    -3.1020500700000002e+00, 4.9000000999999997e+00, 0.,
    -3.1004900900000001e+00, 4.9499998099999996e+00, 0.,
    -3.0881300000000000e+00, 5., 0., -3.0801200899999999e+00,
    5.0500001900000004e+00, 0., -3.0745298900000000e+00,
    5.0999999000000003e+00, 0., -3.0620100500000000e+00,
    5.1500000999999997e+00, 0., -3.0510199099999999e+00,
    5.1999998099999996e+00, 0., -3.0447800200000001e+00,
    5.2500000000000000e+00, 0., -3.0422298900000002e+00,
    5.3000001900000004e+00, 0., -3.0298299800000001e+00,
    5.3499999000000003e+00, 0., -3.0064699600000000e+00,
    5.4000000999999997e+00, 0., -2.9922699900000000e+00,
    5.4499998099999996e+00, 0., -2.9872200499999999e+00,
    5.5000000000000000e+00, 0., -2.9802599000000001e+00,
    5.5500001900000004e+00, 0., -2.9686698900000001e+00,
    5.5999999000000003e+00, 0., -2.9560298899999999e+00,
    5.6500000999999997e+00, 0., -2.9534800099999998e+00,
    5.6999998099999996e+00, 0., -2.9526898899999998e+00,
    5.7500000000000000e+00, 0., -2.9502100900000001e+00,
    5.8000001900000004e+00, 0., -2.9446799800000001e+00,
    5.8499999000000003e+00, 0., -2.9315400100000000e+00,
    5.9000000999999997e+00, 0., -2.8986999999999998e+00,
    5.9499998099999996e+00, 0., -2.8771400499999999e+00, 6., 0.,
    -2.8832199599999999e+00, 6.0500001900000004e+00, 0.,
    -2.8915200200000002e+00, 6.0999999000000003e+00, 0.,
    -2.8698699500000000e+00, 6.1500000999999997e+00, 0.,
    -2.8164300899999999e+00, 6.1999998099999996e+00, 0.,
    -2.7728199999999998e+00, 6.2500000000000000e+00, 0.,
    -2.7658600799999999e+00, 6.3000001900000004e+00, 0.,
    -2.7680699799999999e+00, 6.3499999000000003e+00, 0.,
    -2.7790401000000000e+00, 6.4000000999999997e+00, 0.,
    -2.7924799899999999e+00, 6.4499998099999996e+00, 0.,
    -2.7957201000000000e+00, 6.5000000000000000e+00, 0.,
    -2.7906401199999999e+00, 6.5500001900000004e+00, 0.,
    -2.7709999100000000e+00, 6.5999999000000003e+00, 0.,
    -2.7756800699999999e+00, 6.6500000999999997e+00, 0.,
    -2.7949700399999999e+00, 6.6999998099999996e+00, 0.,
    -2.7948501100000001e+00, 6.7500000000000000e+00, 0.,
    -2.7946200399999999e+00, 6.8000001900000004e+00, 0.,
    -2.7944200000000001e+00, 6.8499999000000003e+00, 0.,
    -2.7942600299999998e+00, 6.9000000999999997e+00, 0.,
    -2.7605099700000002e+00, 6.9499998099999996e+00, 0.,
    -2.7156300500000001e+00, 7., 0., -2.7433600400000002e+00,
    7.0500001900000004e+00, 0., -2.7625698999999999e+00,
    7.0999999000000003e+00, 0., -2.7007300900000000e+00,
    7.1500000999999997e+00, 0., -2.6542000799999999e+00,
    7.1999998099999996e+00, 0., -2.6540000400000001e+00,
    7.2500000000000000e+00, 0., -2.6289401099999998e+00,
    7.3000001900000004e+00, 0., -2.6039400100000001e+00,
    7.3499999000000003e+00, 0., -2.6110401200000002e+00,
    7.4000000999999997e+00, 0., -2.6047899700000001e+00,
    7.4499998099999996e+00, 0., -2.5875499199999998e+00,
    7.5000000000000000e+00, 0., -2.6024999599999998e+00,
    7.5500001900000004e+00, 0., -2.6168301100000000e+00,
    7.5999999000000003e+00, 0., -2.6166300800000002e+00,
    7.6500000999999997e+00, 0., -2.6163399200000002e+00,
    7.6999998099999996e+00, 0., -2.6160399900000000e+00,
    7.7500000000000000e+00, 0., -2.6158399600000002e+00,
    7.8000001900000004e+00, 0., -2.5709199900000002e+00,
    7.8499999000000003e+00, 0., -2.5260798900000001e+00,
    7.9000000999999997e+00, 0., -2.5949399500000001e+00,
    7.9499998099999996e+00, 0., -2.5956800000000002e+00, 8., 0.,
    -2.5669898999999998e+00, 8.0500001900000004e+00, 0.,
    -2.5294299100000002e+00, 8.1000003800000009e+00, 0.,
    -2.4937698799999999e+00, 8.1499996199999991e+00, 0.,
    -2.5012900800000000e+00, 8.1999998099999996e+00, 0.,
    -2.5037300600000001e+00, 8.2500000000000000e+00, 0.,
