%YAML:1.0
---
profile: [ 9.49999988e-01, 0., -4.56997013e+00, 1., 0.,
    -4.56993008e+00, 1.04999995e+00, 0., -4.56757021e+00, 1.10000002e+00,
    0., -4.55905008e+00, 1.14999998e+00, 0., -4.55348015e+00,
    1.20000005e+00, 0., -4.55412006e+00, 1.25000000e+00, 0.,
    -4.53529978e+00, 1.29999995e+00, 0., -4.50977993e+00, 1.35000002e+00,
    0., -4.53097010e+00, 1.39999998e+00, 0., -4.53439999e+00,
    1.45000005e+00, 0., -4.52059984e+00, 1.50000000e+00, 0.,
    -4.49518013e+00, 1.54999995e+00, 0., -4.47319984e+00, 1.60000002e+00,
    0., -4.47319984e+00, 1.64999998e+00, 0., -4.49855995e+00,
    1.70000005e+00, 0., -4.51046991e+00, 1.75000000e+00, 0.,
    -4.48359013e+00, 1.79999995e+00, 0., -4.45904016e+00, 1.85000002e+00,
    0., -4.45035982e+00, 1.89999998e+00, 0., -4.43986988e+00,
    1.95000005e+00, 0., -4.42897987e+00, 2., 0., -4.41870022e+00,
    2.04999995e+00, 0., -4.40998983e+00, 2.09999990e+00, 0.,
    -4.40331984e+00, 2.15000010e+00, 0., -4.39572001e+00, 2.20000005e+00,
    0., -4.38760996e+00, 2.25000000e+00, 0., -4.38285017e+00,
    2.29999995e+00, 0., -4.38158989e+00, 2.34999990e+00, 0.,
    -4.37947989e+00, 2.40000010e+00, 0., -4.37531996e+00, 2.45000005e+00,
    0., -4.37790012e+00, 2.50000000e+00, 0., -4.38058996e+00,
    2.54999995e+00, 0., -4.36639023e+00, 2.59999990e+00, 0.,
    -4.35763979e+00, 2.65000010e+00, 0., -4.35551977e+00, 2.70000005e+00,
    0., -4.35730982e+00, 2.75000000e+00, 0., -4.35112000e+00,
    2.79999995e+00, 0., -4.33532000e+00, 2.84999990e+00, 0.,
    -4.32300997e+00, 2.90000010e+00, 0., -4.31444979e+00, 2.95000005e+00,
    0., -4.31361008e+00, 3., 0., -4.31069994e+00, 3.04999995e+00, 0.,
    -4.30437994e+00, 3.09999990e+00, 0., -4.29209995e+00, 3.15000010e+00,
    0., -4.28395987e+00, 3.20000005e+00, 0., -4.28620005e+00,
    3.25000000e+00, 0., -4.26739979e+00, 3.29999995e+00, 0.,
    -4.24699020e+00, 3.34999990e+00, 0., -4.24294996e+00, 3.40000010e+00,
    0., -4.23670006e+00, 3.45000005e+00, 0., -4.23110008e+00,
    3.50000000e+00, 0., -4.22481012e+00, 3.54999995e+00, 0.,
    -4.21912003e+00, 3.59999990e+00, 0., -4.21507978e+00, 3.65000010e+00,
    0., -4.21185017e+00, 3.70000005e+00, 0., -4.20841980e+00,
    3.75000000e+00, 0., -4.20357990e+00, 3.79999995e+00, 0.,
    -4.19628000e+00, 3.84999990e+00, 0., -4.18791008e+00, 3.90000010e+00,
    0., -4.18023014e+00, 3.95000005e+00, 0., -4.16727018e+00, 4., 0.,
    -4.15298986e+00, 4.05000019e+00, 0., -4.13083982e+00, 4.09999990e+00,
    0., -4.11251020e+00, 4.15000010e+00, 0., -4.11311007e+00,
    4.19999981e+00, 0., -4.11450005e+00, 4.25000000e+00, 0.,
    -4.11587000e+00, 4.30000019e+00, 0., -4.11574984e+00, 4.34999990e+00,
    0., -4.10457993e+00, 4.40000010e+00, 0., -4.08245993e+00,
    4.44999981e+00, 0., -4.07126999e+00, 4.50000000e+00, 0.,
    -4.06561995e+00, 4.55000019e+00, 0., -4.04354000e+00, 4.59999990e+00,
    0., -4.04017019e+00, 4.65000010e+00, 0., -4.05731010e+00,
    4.69999981e+00, 0., -4.01994991e+00, 4.75000000e+00, 0.,
    -3.98253989e+00, 4.80000019e+00, 0., -3.98246002e+00, 4.84999990e+00,
    0., -3.97608995e+00, 4.90000010e+00, 0., -3.96773005e+00,
    4.94999981e+00, 0., -3.95007992e+00, 5., 0., -3.93489003e+00,
    5.05000019e+00, 0., -3.92789006e+00, 5.09999990e+00, 0.,
    -3.94603992e+00, 5.15000010e+00, 0., -3.95328999e+00, 5.19999981e+00,
    0., -3.92453003e+00, 5.25000000e+00, 0., -3.90999007e+00,
    5.30000019e+00, 0., -3.90078998e+00, 5.34999990e+00, 0.,
    -3.86462998e+00, 5.40000010e+00, 0., -3.83138990e+00, 5.44999981e+00,
    0., -3.84298992e+00, 5.50000000e+00, 0., -3.84867001e+00,
    5.55000019e+00, 0., -3.85578990e+00, 5.59999990e+00, 0.,
    -3.88491011e+00, 5.65000010e+00, 0., -3.89207006e+00, 5.69999981e+00,
    0., -3.89184999e+00, 5.75000000e+00, 0., -3.89169002e+00,
    5.80000019e+00, 0., -3.87498999e+00, 5.84999990e+00, 0.,
    -3.85286999e+00, 5.90000010e+00, 0., -3.84712005e+00, 5.94999981e+00,
    0., -3.84451008e+00, 6., 0., -3.83962989e+00, 6.05000019e+00, 0.,
    -3.80299997e+00, 6.09999990e+00, 0., -3.76764011e+00, 6.15000010e+00,
    0., -3.74488997e+00, 6.19999981e+00, 0., -3.73090005e+00,
    6.25000000e+00, 0., -3.73070002e+00, 6.30000019e+00, 0.,
    -3.74416995e+00, 6.34999990e+00, 0., -3.74667001e+00, 6.40000010e+00,
    0., -3.72455001e+00, 6.44999981e+00, 0., -3.75703001e+00,
    6.50000000e+00, 0., -3.80050993e+00, 6.55000019e+00, 0.,
    -3.80034995e+00, 6.59999990e+00, 0., -3.80005002e+00, 6.65000010e+00,
    0., -3.80570006e+00, 6.69999981e+00, 0., -3.81726003e+00,
    6.75000000e+00, 0., -3.79454994e+00, 6.80000019e+00, 0.,
    -3.76759005e+00, 6.84999990e+00, 0., -3.76215005e+00, 6.90000010e+00,
    0., -3.75463009e+00, 6.94999981e+00, 0., -3.74827003e+00, 7., 0.,
    -3.72862005e+00, 7.05000019e+00, 0., -3.70503998e+00, 7.09999990e+00,
    0., -3.68287992e+00, 7.15000010e+00, 0., -3.64066005e+00,
    7.19999981e+00, 0., -3.58945990e+00, 7.25000000e+00, 0.,
    -3.56357002e+00, 7.30000019e+00, 0., -3.58860993e+00, 7.34999990e+00,
    0., -3.58844995e+00, 7.40000010e+00, 0., -3.57653999e+00,
    7.44999981e+00, 0., -3.55306005e+00, 7.50000000e+00, 0.,
    -3.55632997e+00, 7.55000019e+00, 0., -3.57988000e+00, 7.59999990e+00,
    0., -3.61314988e+00, 7.65000010e+00, 0., -3.61295009e+00,
    7.69999981e+00, 0., -3.62962008e+00, 7.75000000e+00, 0.,
    -3.66313004e+00, 7.80000019e+00, 0., -3.66293001e+00, 7.84999990e+00,
    0., -3.66262007e+00, 7.90000010e+00, 0., -3.65683007e+00,
    7.94999981e+00, 0., -3.63471007e+00, 8., 0., -3.61794996e+00,
    8.05000019e+00, 0., -3.61774993e+00, 8.10000038e+00, 0.,
    -3.61753988e+00, 8.14999962e+00, 0., -3.59787011e+00, 8.19999981e+00,
    0., -3.55887008e+00, 8.25000000e+00, 0., -3.54206991e+00,
    8.30000019e+00, 0., -3.56698990e+00, 8.35000038e+00, 0.,
    -3.52922010e+00, 8.39999962e+00, 0., -3.47964001e+00, 8.44999981e+00,
    0., -3.45760012e+00, 8.50000000e+00, 0., -3.44092011e+00,
    8.55000019e+00, 0., -3.44075990e+00, 8.60000038e+00, 0.,
    -3.46560001e+00, 8.64999962e+00, 0., -3.48417997e+00, 8.69999981e+00,
    0., -3.48401999e+00, 8.75000000e+00, 0., -3.48372006e+00,
    8.80000019e+00, 0., -3.48345995e+00, 8.85000038e+00, 0.,
    -3.48325992e+00, 8.89999962e+00, 0., -3.48300004e+00, 8.94999981e+00,
    0., -3.47177005e+00, 9., 0., -3.44965005e+00, 9.05000019e+00, 0.,
    -3.40933990e+00, 9.10000038e+00, 0., -3.37034011e+00, 9.14999962e+00,
    0., -3.35062003e+00, 9.19999981e+00, 0., -3.35037994e+00,
    9.25000000e+00, 0., -3.35021996e+00, 9.30000019e+00, 0.,
    -3.34996009e+00, 9.35000038e+00, 0., -3.34980011e+00, 9.39999962e+00,
    0., -3.37877989e+00, 9.44999981e+00, 0., -3.37671995e+00,
    9.50000000e+00, 0., -3.35464001e+00, 9.55000019e+00, 0.,
    -3.34895992e+00, 9.60000038e+00, 0., -3.34871006e+00, 9.64999962e+00,
    0., -3.34855008e+00, 9.69999981e+00, 0., -3.34830999e+00,
    9.75000000e+00, 0., -3.33714008e+00, 9.80000019e+00, 0.,
    -3.31509995e+00, 9.85000038e+00, 0., -3.30390000e+00, 9.89999962e+00,
    0., -3.30995011e+00, 9.94999981e+00, 0., -3.33483005e+00, 10., 0.,
    -3.31796002e+00, 1.00500002e+01, 0., -3.27887988e+00, 1.01000004e+01,
    0., -3.25919008e+00, 1.01499996e+01, 0., -3.25895000e+00,
    1.01999998e+01, 0., -3.25879002e+00, 1.02500000e+01, 0.,
    -3.25850010e+00, 1.03000002e+01, 0., -3.25823998e+00, 1.03500004e+01,
    0., -3.25803995e+00, 1.03999996e+01, 0., -3.23375010e+00,
    1.04499998e+01, 0., -3.20155001e+00, 1.05000000e+01, 0.,
    -3.19330001e+00, 1.05500002e+01, 0., -3.18969011e+00, 1.06000004e+01,
    0., -3.17617011e+00, 1.06499996e+01, 0., -3.15284991e+00,
    1.06999998e+01, 0., -3.13076997e+00, 1.07500000e+01, 0.,
    -3.15418005e+00, 1.08000002e+01, 0., -3.15208006e+00, 1.08500004e+01,
    0., -3.13000011e+00, 1.08999996e+01, 0., -3.14377999e+00,
    1.09499998e+01, 0., -3.14963007e+00, 11., 0., -3.13234997e+00,
    1.10500002e+01, 0., -3.12350988e+00, 1.11000004e+01, 0.,
    -3.12321997e+00, 1.11499996e+01, 0., -3.12301993e+00, 1.11999998e+01,
