%YAML:1.0
---
profile: [ 5.00000007e-02, 0., -1.38080397e+01, 1.00000001e-01, 0.,
    -1.37884903e+01, 1.50000006e-01, 0., -1.37477303e+01, 2.00000003e-01,
    0., -1.37366104e+01, 2.50000000e-01, 0., -1.37519903e+01,
    3.00000012e-01, 0., -1.37841501e+01, 3.49999994e-01, 0.,
    -1.37870703e+01, 4.00000006e-01, 0., -1.37802296e+01, 4.49999988e-01,
    0., -1.37742701e+01, 5.00000000e-01, 0., -1.37699203e+01,
    5.50000012e-01, 0., -1.37669897e+01, 6.00000024e-01, 0.,
    -1.37625103e+01, 6.49999976e-01, 0., -1.37615404e+01, 6.99999988e-01,
    0., -1.37663803e+01, 7.50000000e-01, 0., -1.37399502e+01,
    8.00000012e-01, 0., -1.37122297e+01, 8.50000024e-01, 0.,
    -1.37121096e+01, 8.99999976e-01, 0., -1.37069502e+01, 9.49999988e-01,
    0., -1.36968298e+01, 1., 0., -1.36795902e+01, 1.04999995e+00, 0.,
    -1.36646795e+01, 1.10000002e+00, 0., -1.36638803e+01, 1.14999998e+00,
    0., -1.36585903e+01, 1.20000005e+00, 0., -1.36493101e+01,
    1.25000000e+00, 0., -1.36344404e+01, 1.29999995e+00, 0.,
    -1.36218700e+01, 1.35000002e+00, 0., -1.36217499e+01, 1.39999998e+00,
    0., -1.36215401e+01, 1.45000005e+00, 0., -1.36213799e+01,
    1.50000000e+00, 0., -1.36311703e+01, 1.54999995e+00, 0.,
    -1.36384897e+01, 1.60000002e+00, 0., -1.36383696e+01, 1.64999998e+00,
    0., -1.36382198e+01, 1.70000005e+00, 0., -1.36380501e+01,
    1.75000000e+00, 0., -1.36379700e+01, 1.79999995e+00, 0.,
    -1.36378098e+01, 1.85000002e+00, 0., -1.36273499e+01, 1.89999998e+00,
    0., -1.35859499e+01, 1.95000005e+00, 0., -1.35444603e+01, 2., 0.,
    -1.35443802e+01, 2.04999995e+00, 0., -1.35195799e+01, 2.09999990e+00,
    0., -1.34702196e+01, 2.15000010e+00, 0., -1.34381504e+01,
    2.20000005e+00, 0., -1.34479504e+01, 2.25000000e+00, 0.,
    -1.34502802e+01, 2.29999995e+00, 0., -1.34500599e+01, 2.34999990e+00,
    0., -1.34498997e+01, 2.40000010e+00, 0., -1.34496803e+01,
    2.45000005e+00, 0., -1.34494896e+01, 2.50000000e+00, 0.,
    -1.34493704e+01, 2.54999995e+00, 0., -1.34715405e+01, 2.59999990e+00,
    0., -1.35046902e+01, 2.65000010e+00, 0., -1.34592104e+01,
    2.70000005e+00, 0., -1.34064398e+01, 2.75000000e+00, 0.,
    -1.33773203e+01, 2.79999995e+00, 0., -1.33553696e+01, 2.84999990e+00,
    0., -1.33552103e+01, 2.90000010e+00, 0., -1.33549500e+01,
    2.95000005e+00, 0., -1.33546801e+01, 3., 0., -1.33544798e+01,
    3.04999995e+00, 0., -1.33542299e+01, 3.09999990e+00, 0.,
    -1.33540697e+01, 3.15000010e+00, 0., -1.33537598e+01, 3.20000005e+00,
    0., -1.33534698e+01, 3.25000000e+00, 0., -1.33532696e+01,
    3.29999995e+00, 0., -1.33530302e+01, 3.34999990e+00, 0.,
    -1.33493204e+01, 3.40000010e+00, 0., -1.33353205e+01, 3.45000005e+00,
    0., -1.33382902e+01, 3.50000000e+00, 0., -1.33652096e+01,
    3.54999995e+00, 0., -1.33650503e+01, 3.59999990e+00, 0.,
    -1.33412504e+01, 3.65000010e+00, 0., -1.32938900e+01, 3.70000005e+00,
    0., -1.32582397e+01, 3.75000000e+00, 0., -1.32581196e+01,
    3.79999995e+00, 0., -1.32333603e+01, 3.84999990e+00, 0.,
    -1.32086802e+01, 3.90000010e+00, 0., -1.32861795e+01, 3.95000005e+00,
    0., -1.33070202e+01, 4., 0., -1.32958603e+01, 4.05000019e+00, 0.,
    -1.32737799e+01, 4.09999990e+00, 0., -1.32299995e+01, 4.15000010e+00,
    0., -1.31756401e+01, 4.19999981e+00, 0., -1.31835699e+01,
    4.25000000e+00, 0., -1.32360001e+01, 4.30000019e+00, 0.,
    -1.31945200e+01, 4.34999990e+00, 0., -1.31632500e+01, 4.40000010e+00,
    0., -1.31630898e+01, 4.44999981e+00, 0., -1.31628399e+01,
    4.50000000e+00, 0., -1.31625500e+01, 4.55000019e+00, 0.,
    -1.31623497e+01, 4.59999990e+00, 0., -1.31620502e+01, 4.65000010e+00,
    0., -1.31618500e+01, 4.69999981e+00, 0., -1.31615496e+01,
    4.75000000e+00, 0., -1.31612701e+01, 4.80000019e+00, 0.,
    -1.31610699e+01, 4.84999990e+00, 0., -1.31607599e+01, 4.90000010e+00,
    0., -1.31604795e+01, 4.94999981e+00, 0., -1.31602802e+01, 5., 0.,
    -1.31289501e+01, 5.05000019e+00, 0., -1.30873899e+01, 5.09999990e+00,
    0., -1.30664597e+01, 5.15000010e+00, 0., -1.30663004e+01,
    5.19999981e+00, 0., -1.30660000e+01, 5.25000000e+00, 0.,
    -1.30418396e+01, 5.30000019e+00, 0., -1.29938402e+01, 5.34999990e+00,
    0., -1.29936304e+01, 5.40000010e+00, 0., -1.30600204e+01,
    5.44999981e+00, 0., -1.30395002e+01, 5.50000000e+00, 0.,
    -1.30206699e+01, 5.55000019e+00, 0., -1.30138302e+01, 5.59999990e+00,
    0., -1.30119600e+01, 5.65000010e+00, 0., -1.30164003e+01,
    5.69999981e+00, 0., -1.30346003e+01, 5.75000000e+00, 0.,
    -1.30086699e+01, 5.80000019e+00, 0., -1.29781904e+01, 5.84999990e+00,
    0., -1.29704199e+01, 5.90000010e+00, 0., -1.29702597e+01,
    5.94999981e+00, 0., -1.29701796e+01, 6., 0., -1.29700499e+01,
    6.05000019e+00, 0., -1.29595900e+01, 6.09999990e+00, 0.,
    -1.29181900e+01, 6.15000010e+00, 0., -1.28767300e+01, 6.19999981e+00,
    0., -1.28766499e+01, 6.25000000e+00, 0., -1.28765202e+01,
    6.30000019e+00, 0., -1.28764400e+01, 6.34999990e+00, 0.,
    -1.28763399e+01, 6.40000010e+00, 0., -1.28761997e+01, 6.44999981e+00,
    0., -1.28761196e+01, 6.50000000e+00, 0., -1.28759699e+01,
    6.55000019e+00, 0., -1.28758001e+01, 6.59999990e+00, 0.,
    -1.28756800e+01, 6.65000010e+00, 0., -1.28754501e+01, 6.69999981e+00,
    0., -1.28633499e+01, 6.75000000e+00, 0., -1.28156300e+01,
    6.80000019e+00, 0., -1.27679100e+01, 6.84999990e+00, 0.,
    -1.27540703e+01, 6.90000010e+00, 0., -1.27525702e+01, 6.94999981e+00,
    0., -1.27524099e+01, 7., 0., -1.27665997e+01, 7.05000019e+00, 0.,
    -1.27808104e+01, 7.09999990e+00, 0., -1.27806101e+01, 7.15000010e+00,
    0., -1.27640400e+01, 7.19999981e+00, 0., -1.27420797e+01,
    7.25000000e+00, 0., -1.27363396e+01, 7.30000019e+00, 0.,
    -1.27244301e+01, 7.34999990e+00, 0., -1.27010298e+01, 7.40000010e+00,
    0., -1.26891603e+01, 7.44999981e+00, 0., -1.26890001e+01,
    7.50000000e+00, 0., -1.26749496e+01, 7.55000019e+00, 0.,
    -1.26609201e+01, 7.59999990e+00, 0., -1.26607199e+01, 7.65000010e+00,
    0., -1.26592302e+01, 7.69999981e+00, 0., -1.26573000e+01,
    7.75000000e+00, 0., -1.26571398e+01, 7.80000019e+00, 0.,
    -1.26452999e+01, 7.84999990e+00, 0., -1.26219397e+01, 7.90000010e+00,
    0., -1.26044998e+01, 7.94999981e+00, 0., -1.25858803e+01, 8., 0.,
    -1.25419197e+01, 8.05000019e+00, 0., -1.25011997e+01, 8.10000038e+00,
    0., -1.25142002e+01, 8.14999962e+00, 0., -1.25205498e+01,
    8.19999981e+00, 0., -1.25203505e+01, 8.25000000e+00, 0.,
    -1.26219397e+01, 8.30000019e+00, 0., -1.26470699e+01, 8.35000038e+00,
    0., -1.26467199e+01, 8.39999962e+00, 0., -1.26464396e+01,
    8.44999981e+00, 0., -1.26210899e+01, 8.50000000e+00, 0.,
    -1.25958099e+01, 8.55000019e+00, 0., -1.25891800e+01, 8.60000038e+00,
    0., -1.25888500e+01, 8.64999962e+00, 0., -1.25886097e+01,
    8.69999981e+00, 0., -1.25361795e+01, 8.75000000e+00, 0.,
    -1.24838200e+01, 8.80000019e+00, 0., -1.24574404e+01, 8.85000038e+00,
    0., -1.24547901e+01, 8.89999962e+00, 0., -1.24451904e+01,
    8.94999981e+00, 0., -1.24378004e+01, 9., 0., -1.24375601e+01,
    9.05000019e+00, 0., -1.24372797e+01, 9.10000038e+00, 0.,
    -1.24369802e+01, 9.14999962e+00, 0., -1.24367399e+01, 9.19999981e+00,
    0., -1.24364300e+01, 9.25000000e+00, 0., -1.24390802e+01,
    9.30000019e+00, 0., -1.24504004e+01, 9.35000038e+00, 0.,
    -1.24559097e+01, 9.39999962e+00, 0., -1.24557104e+01, 9.44999981e+00,
    0., -1.24134102e+01, 9.50000000e+00, 0., -1.23615904e+01,
    9.55000019e+00, 0., -1.23234701e+01, 9.60000038e+00, 0.,
    -1.22830601e+01, 9.64999962e+00, 0., -1.22741804e+01, 9.69999981e+00,
    0., -1.22674103e+01, 9.75000000e+00, 0., -1.22672100e+01,
    9.80000019e+00, 0., -1.22768602e+01, 9.85000038e+00, 0.,
    -1.22804203e+01, 9.89999962e+00, 0., -1.22730198e+01, 9.94999981e+00,
    0., -1.23016796e+01, 10., 0., -1.23176699e+01, 1.00500002e+01, 0.,
    -1.22849102e+01, 1.01000004e+01, 0., -1.22683496e+01, 1.01499996e+01,
    0., -1.22681503e+01, 1.01999998e+01, 0., -1.22418203e+01,
    1.02500000e+01, 0., -1.22237101e+01, 1.03000002e+01, 0.,
