%YAML:1.0
---
profile: [ 5.15000010e+00, 0., -2.33263397e+01, 5.19999981e+00, 0.,
    -2.33278999e+01, 5.25000000e+00, 0., -2.33347397e+01, 5.30000019e+00,
    0., -2.33380394e+01, 5.34999990e+00, 0., -2.33378792e+01,
    5.40000010e+00, 0., -2.33402691e+01, 5.44999981e+00, 0.,
    -2.33404808e+01, 5.50000000e+00, 0., -2.33372402e+01, 5.55000019e+00,
    0., -2.33353996e+01, 5.59999990e+00, 0., -2.33351307e+01,
    5.65000010e+00, 0., -2.33349304e+01, 5.69999981e+00, 0.,
    -2.33346405e+01, 5.75000000e+00, 0., -2.33344002e+01, 5.80000019e+00,
    0., -2.33356209e+01, 5.84999990e+00, 0., -2.33325901e+01,
    5.90000010e+00, 0., -2.33153496e+01, 5.94999981e+00, 0.,
    -2.32949200e+01, 6., 0., -2.32800007e+01, 6.05000019e+00, 0.,
    -2.32723293e+01, 6.09999990e+00, 0., -2.32766895e+01, 6.15000010e+00,
    0., -2.32949696e+01, 6.19999981e+00, 0., -2.32987404e+01,
    6.25000000e+00, 0., -2.32915802e+01, 6.30000019e+00, 0.,
    -2.33001595e+01, 6.34999990e+00, 0., -2.33078003e+01, 6.40000010e+00,
    0., -2.33076000e+01, 6.44999981e+00, 0., -2.33073292e+01,
    6.50000000e+00, 0., -2.33080292e+01, 6.55000019e+00, 0.,
    -2.33116703e+01, 6.59999990e+00, 0., -2.33165302e+01, 6.65000010e+00,
    0., -2.33206902e+01, 6.69999981e+00, 0., -2.33207703e+01,
    6.75000000e+00, 0., -2.33195095e+01, 6.80000019e+00, 0.,
    -2.33184299e+01, 6.84999990e+00, 0., -2.33194809e+01, 6.90000010e+00,
    0., -2.33216000e+01, 6.94999981e+00, 0., -2.33219299e+01, 7., 0.,
    -2.33216801e+01, 7.05000019e+00, 0., -2.33215199e+01, 7.09999990e+00,
    0., -2.33085003e+01, 7.15000010e+00, 0., -2.32912998e+01,
    7.19999981e+00, 0., -2.32868309e+01, 7.25000000e+00, 0.,
    -2.32865791e+01, 7.30000019e+00, 0., -2.32863808e+01, 7.34999990e+00,
    0., -2.32750893e+01, 7.40000010e+00, 0., -2.32602100e+01,
    7.44999981e+00, 0., -2.32757206e+01, 7.50000000e+00, 0.,
    -2.32962399e+01, 7.55000019e+00, 0., -2.33083591e+01, 7.59999990e+00,
    0., -2.33050308e+01, 7.65000010e+00, 0., -2.32985706e+01,
    7.69999981e+00, 0., -2.32984104e+01, 7.75000000e+00, 0.,
    -2.32981205e+01, 7.80000019e+00, 0., -2.32979202e+01, 7.84999990e+00,
    0., -2.33007603e+01, 7.90000010e+00, 0., -2.33035908e+01,
    7.94999981e+00, 0., -2.33033905e+01, 8., 0., -2.33031693e+01,
    8.05000019e+00, 0., -2.33030109e+01, 8.10000038e+00, 0.,
    -2.33062992e+01, 8.14999962e+00, 0., -2.33083305e+01, 8.19999981e+00,
    0., -2.33074093e+01, 8.25000000e+00, 0., -2.32952194e+01,
    8.30000019e+00, 0., -2.32796192e+01, 8.35000038e+00, 0.,
    -2.32781296e+01, 8.39999962e+00, 0., -2.32834301e+01, 8.44999981e+00,
    0., -2.32902699e+01, 8.50000000e+00, 0., -2.32980003e+01,
    8.55000019e+00, 0., -2.33046608e+01, 8.60000038e+00, 0.,
    -2.33070602e+01, 8.64999962e+00, 0., -2.33081398e+01, 8.69999981e+00,
    0., -2.33079796e+01, 8.75000000e+00, 0., -2.33094101e+01,
    8.80000019e+00, 0., -2.33092899e+01, 8.85000038e+00, 0.,
    -2.33067703e+01, 8.89999962e+00, 0., -2.33053207e+01, 8.94999981e+00,
    0., -2.33052292e+01, 9., 0., -2.33057499e+01, 9.05000019e+00, 0.,
    -2.33051395e+01, 9.10000038e+00, 0., -2.33031406e+01, 9.14999962e+00,
    0., -2.33024006e+01, 9.19999981e+00, 0., -2.32986507e+01,
    9.25000000e+00, 0., -2.32845306e+01, 9.30000019e+00, 0.,
    -2.32813606e+01, 9.35000038e+00, 0., -2.32961597e+01, 9.39999962e+00,
    0., -2.32973804e+01, 9.44999981e+00, 0., -2.32932701e+01,
    9.50000000e+00, 0., -2.32869091e+01, 9.55000019e+00, 0.,
    -2.32835598e+01, 9.60000038e+00, 0., -2.32833996e+01, 9.64999962e+00,
    0., -2.32831593e+01, 9.69999981e+00, 0., -2.32828903e+01,
    9.75000000e+00, 0., -2.32826900e+01, 9.80000019e+00, 0.,
    -2.32841396e+01, 9.85000038e+00, 0., -2.32862606e+01, 9.89999962e+00,
    0., -2.32936306e+01, 9.94999981e+00, 0., -2.32982197e+01, 10., 0.,
    -2.32971401e+01, 1.00500002e+01, 0., -2.32997093e+01, 1.01000004e+01,
    0., -2.33025398e+01, 1.01499996e+01, 0., -2.33023396e+01,
    1.01999998e+01, 0., -2.33020992e+01, 1.02500000e+01, 0.,
    -2.33019409e+01, 1.03000002e+01, 0., -2.33035202e+01, 1.03500004e+01,
    0., -2.33034706e+01, 1.03999996e+01, 0., -2.33010292e+01,
    1.04499998e+01, 0., -2.32956200e+01, 1.05000000e+01, 0.,
    -2.32901001e+01, 1.05500002e+01, 0., -2.32832108e+01, 1.06000004e+01,
    0., -2.32829208e+01, 1.06499996e+01, 0., -2.32904797e+01,
    1.06999998e+01, 0., -2.32888603e+01, 1.07500000e+01, 0.,
    -2.32827797e+01, 1.08000002e+01, 0., -2.32872601e+01, 1.08500004e+01,
    0., -2.32905598e+01, 1.08999996e+01, 0., -2.32904396e+01,
    1.09499998e+01, 0., -2.32871609e+01, 11., 0., -2.32861691e+01,
    1.10500002e+01, 0., -2.32948494e+01, 1.11000004e+01, 0.,
    -2.32939091e+01, 1.11499996e+01, 0., -2.32868690e+01, 1.11999998e+01,
    0., -2.32748795e+01, 1.12500000e+01, 0., -2.32660198e+01,
    1.13000002e+01, 0., -2.32711792e+01, 1.13500004e+01, 0.,
    -2.32742805e+01, 1.13999996e+01, 0., -2.32749195e+01, 1.14499998e+01,
    0., -2.32802601e+01, 1.15000000e+01, 0., -2.32836609e+01,
    1.15500002e+01, 0., -2.32827797e+01, 1.16000004e+01, 0.,
    -2.32746906e+01, 1.16499996e+01, 0., -2.32645302e+01, 1.16999998e+01,
    0., -2.32635708e+01, 1.17500000e+01, 0., -2.32670708e+01,
    1.18000002e+01, 0., -2.32715492e+01, 1.18500004e+01, 0.,
    -2.32757092e+01, 1.18999996e+01, 0., -2.32773895e+01, 1.19499998e+01,
    0., -2.32741909e+01, 12., 0., -2.32712593e+01, 1.20500002e+01, 0.,
    -2.32702599e+01, 1.21000004e+01, 0., -2.32698402e+01, 1.21499996e+01,
    0., -2.32690201e+01, 1.21999998e+01, 0., -2.32662201e+01,
    1.22500000e+01, 0., -2.32682209e+01, 1.23000002e+01, 0.,
    -2.32727394e+01, 1.23500004e+01, 0., -2.32598305e+01, 1.23999996e+01,
    0., -2.32495403e+01, 1.24499998e+01, 0., -2.32644196e+01,
    1.25000000e+01, 0., -2.32777405e+01, 1.25500002e+01, 0.,
    -2.32861004e+01, 1.26000004e+01, 0., -2.32882996e+01, 1.26499996e+01,
    0., -2.32916603e+01, 1.26999998e+01, 0., -2.32950191e+01,
    1.27500000e+01, 0., -2.32856598e+01, 1.28000002e+01, 0.,
    -2.32765198e+01, 1.28500004e+01, 0., -2.32807198e+01, 1.28999996e+01,
    0., -2.32786198e+01, 1.29499998e+01, 0., -2.32730198e+01, 13., 0.,
    -2.32729797e+01, 1.30500002e+01, 0., -2.32736397e+01, 1.31000004e+01,
    0., -2.32708397e+01, 1.31499996e+01, 0., -2.32727509e+01,
    1.31999998e+01, 0., -2.32772293e+01, 1.32500000e+01, 0.,
    -2.32719898e+01, 1.33000002e+01, 0., -2.32698803e+01, 1.33500004e+01,
    0., -2.32751198e+01, 1.33999996e+01, 0., -2.32695198e+01,
    1.34499998e+01, 0., -2.32585602e+01, 1.35000000e+01, 0.,
    -2.32573891e+01, 1.35500002e+01, 0., -2.32593803e+01, 1.36000004e+01,
    0., -2.32609806e+01, 1.36499996e+01, 0., -2.32605000e+01,
    1.36999998e+01, 0., -2.32617607e+01, 1.37500000e+01, 0.,
    -2.32704391e+01, 1.38000002e+01, 0., -2.32735500e+01, 1.38500004e+01,
    0., -2.32719097e+01, 1.38999996e+01, 0., -2.32698097e+01,
    1.39499998e+01, 0., -2.32681007e+01, 14., 0., -2.32679806e+01,
    1.40500002e+01, 0., -2.32683907e+01, 1.41000004e+01, 0.,
    -2.32689896e+01, 1.41499996e+01, 0., -2.32672195e+01, 1.41999998e+01,
    0., -2.32618599e+01, 1.42500000e+01, 0., -2.32540207e+01,
    1.43000002e+01, 0., -2.32546692e+01, 1.43500004e+01, 0.,
    -2.32606907e+01, 1.43999996e+01, 0., -2.32606106e+01, 1.44499998e+01,
    0., -2.32618408e+01, 1.45000000e+01, 0., -2.32644005e+01,
    1.45500002e+01, 0., -2.32634392e+01, 1.46000004e+01, 0.,
    -2.32615604e+01, 1.46499996e+01, 0., -2.32605991e+01, 1.46999998e+01,
    0., -2.32606506e+01, 1.47500000e+01, 0., -2.32613297e+01,
    1.48000002e+01, 0., -2.32658405e+01, 1.48500004e+01, 0.,
    -2.32679005e+01, 1.48999996e+01, 0., -2.32655392e+01, 1.49499998e+01,
    0., -2.32601795e+01, 15., 0., -2.32546997e+01, 1.50500002e+01, 0.,
    -2.32505894e+01, 1.51000004e+01, 0., -2.32496605e+01, 1.51499996e+01,
    0., -2.32518997e+01, 1.51999998e+01, 0., -2.32529602e+01,
    1.52500000e+01, 0., -2.32528706e+01, 1.53000002e+01, 0.,
    -2.32528305e+01, 1.53500004e+01, 0., -2.32540607e+01, 1.53999996e+01,
