%YAML:1.0
---
profile: [ 3., 0., 3.6195900399999998e+00, 3.0499999500000001e+00, 0.,
    3.6405498999999999e+00, 3.0999998999999998e+00, 0.,
    3.6353099300000000e+00, 3.1500001000000002e+00, 0.,
    3.6199500599999999e+00, 3.2000000499999999e+00, 0.,
    3.6206700800000000e+00, 3.2500000000000000e+00, 0.,
    3.6280798900000000e+00, 3.2999999500000001e+00, 0.,
    3.6354699099999999e+00, 3.3499998999999998e+00, 0.,
    3.6361899400000000e+00, 3.4000001000000002e+00, 0.,
    3.6228098900000001e+00, 3.4500000499999999e+00, 0.,
    3.6090400200000001e+00, 3.5000000000000000e+00, 0.,
    3.6090400200000001e+00, 3.5499999500000001e+00, 0.,
    3.6462800500000001e+00, 3.5999998999999998e+00, 0.,
    3.6835200800000001e+00, 3.6500001000000002e+00, 0.,
    3.6258199200000001e+00, 3.7000000499999999e+00, 0.,
    3.6090500400000001e+00, 3.7500000000000000e+00, 0.,
    3.6090700600000001e+00, 3.7999999500000001e+00, 0.,
    3.6090700600000001e+00, 3.8499998999999998e+00, 0.,
    3.6320099799999999e+00, 3.9000001000000002e+00, 0.,
    3.6549799400000000e+00, 3.9500000499999999e+00, 0.,
    3.6549799400000000e+00, 4., 0., 3.6838500500000002e+00,
    4.0500001900000004e+00, 0., 3.7222900399999999e+00,
    4.0999999000000003e+00, 0., 3.7415199299999999e+00,
    4.1500000999999997e+00, 0., 3.7415900199999998e+00,
    4.1999998099999996e+00, 0., 3.7416300800000002e+00,
    4.2500000000000000e+00, 0., 3.7444698800000000e+00,
    4.3000001900000004e+00, 0., 3.7432401199999998e+00,
    4.3499999000000003e+00, 0., 3.7232398999999998e+00,
    4.4000000999999997e+00, 0., 3.7215600000000002e+00,
    4.4499998099999996e+00, 0., 3.7282600399999999e+00,
    4.5000000000000000e+00, 0., 3.7417800400000001e+00,
    4.5500001900000004e+00, 0., 3.7210900800000002e+00,
    4.5999999000000003e+00, 0., 3.6936600199999998e+00,
    4.6500000999999997e+00, 0., 3.6937000800000002e+00,
    4.6999998099999996e+00, 0., 3.6937699300000002e+00,
    4.7500000000000000e+00, 0., 3.7019999000000001e+00,
    4.8000001900000004e+00, 0., 3.7183999999999999e+00,
    4.8499999000000003e+00, 0., 3.7300100299999999e+00,
    4.9000000999999997e+00, 0., 3.7399599600000002e+00,
    4.9499998099999996e+00, 0., 3.7616000199999999e+00, 5., 0.,
    3.7988300300000000e+00, 5.0500001900000004e+00, 0.,
    3.8407900300000000e+00, 5.0999999000000003e+00, 0.,
    3.8740899600000001e+00, 5.1500000999999997e+00, 0.,
    3.8904900599999999e+00, 5.1999998099999996e+00, 0.,
    3.8834600400000001e+00, 5.2500000000000000e+00, 0.,
    3.8740398900000002e+00, 5.3000001900000004e+00, 0.,
    3.8719201100000000e+00, 5.3499999000000003e+00, 0.,
    3.8707799899999999e+00, 5.4000000999999997e+00, 0.,
    3.8704099699999999e+00, 5.4499998099999996e+00, 0.,
    3.8705699400000002e+00, 5.5000000000000000e+00, 0.,
    3.8690900799999999e+00, 5.5500001900000004e+00, 0.,
    3.8656599500000000e+00, 5.5999999000000003e+00, 0.,
    3.8639299899999999e+00, 5.6500000999999997e+00, 0.,
    3.8712499100000000e+00, 5.6999998099999996e+00, 0.,
    3.8716299500000000e+00, 5.7500000000000000e+00, 0.,
    3.8625199800000001e+00, 5.8000001900000004e+00, 0.,
    3.8671999000000001e+00, 5.8499999000000003e+00, 0.,
    3.8749599500000000e+00, 5.9000000999999997e+00, 0.,
    3.8833200899999998e+00, 5.9499998099999996e+00, 0.,
    3.8825700300000001e+00, 6., 0., 3.8864800900000001e+00,
    6.0500001900000004e+00, 0., 3.8985600499999999e+00,
    6.0999999000000003e+00, 0., 3.9085199799999999e+00,
    6.1500000999999997e+00, 0., 3.9256000499999999e+00,
    6.1999998099999996e+00, 0., 3.9493598900000002e+00,
    6.2500000000000000e+00, 0., 3.9682900900000000e+00,
    6.3000001900000004e+00, 0., 3.9776101100000001e+00,
    6.3499999000000003e+00, 0., 3.9816300899999999e+00,
    6.4000000999999997e+00, 0., 3.9863400499999999e+00,
    6.4499998099999996e+00, 0., 3.9932200899999999e+00,
    6.5000000000000000e+00, 0., 3.9861700500000001e+00,
    6.5500001900000004e+00, 0., 3.9823000400000002e+00,
    6.5999999000000003e+00, 0., 3.9876999899999999e+00,
    6.6500000999999997e+00, 0., 3.9761800799999998e+00,
    6.6999998099999996e+00, 0., 3.9781699200000000e+00,
    6.7500000000000000e+00, 0., 3.9894099199999999e+00,
    6.8000001900000004e+00, 0., 3.9827199000000002e+00,
    6.8499999000000003e+00, 0., 3.9853799300000001e+00,
    6.9000000999999997e+00, 0., 4.0049800900000001e+00,
    6.9499998099999996e+00, 0., 4.0290198300000002e+00, 7., 0.,
    4.0483698800000001e+00, 7.0500001900000004e+00, 0.,
    4.0492901799999999e+00, 7.0999999000000003e+00, 0.,
    4.0493698100000000e+00, 7.1500000999999997e+00, 0.,
    4.0473399199999998e+00, 7.1999998099999996e+00, 0.,
    4.0415802000000003e+00, 7.2500000000000000e+00, 0.,
    4.0371298800000002e+00, 7.3000001900000004e+00, 0.,
    4.0356898299999999e+00, 7.3499999000000003e+00, 0.,
    4.0380902299999999e+00, 7.4000000999999997e+00, 0.,
    4.0139799099999998e+00, 7.4499998099999996e+00, 0.,
    4.0031199500000003e+00, 7.5000000000000000e+00, 0.,
    4.0320401199999996e+00, 7.5500001900000004e+00, 0.,
    4.0488800999999999e+00, 7.5999999000000003e+00, 0.,
    4.0536098500000000e+00, 7.6500000999999997e+00, 0.,
    4.0597701099999997e+00, 7.6999998099999996e+00, 0.,
    4.0630202300000002e+00, 7.7500000000000000e+00, 0.,
    4.0657100699999997e+00, 7.8000001900000004e+00, 0.,
    4.0756697700000002e+00, 7.8499999000000003e+00, 0.,
    4.0784602200000002e+00, 7.9000000999999997e+00, 0.,
    4.0731000899999996e+00, 7.9499998099999996e+00, 0.,
    4.0889401400000001e+00, 8., 0., 4.0870299299999999e+00,
    8.0500001900000004e+00, 0., 4.0620899200000000e+00,
    8.1000003800000009e+00, 0., 4.0727300599999996e+00,
    8.1499996199999991e+00, 0., 4.0751700399999997e+00,
    8.1999998099999996e+00, 0., 4.0649299599999997e+00,
    8.2500000000000000e+00, 0., 4.0681300199999999e+00,
    8.3000001900000004e+00, 0., 4.0721597699999998e+00,
    8.3500003800000009e+00, 0., 4.0775499300000000e+00,
    8.3999996199999991e+00, 0., 4.0862297999999999e+00,
    8.4499998099999996e+00, 0., 4.0988497700000002e+00,
    8.5000000000000000e+00, 0., 4.1110100699999998e+00,
    8.5500001900000004e+00, 0., 4.1195101699999999e+00,
    8.6000003800000009e+00, 0., 4.1319098500000004e+00,
    8.6499996199999991e+00, 0., 4.1485099800000000e+00,
    8.6999998099999996e+00, 0., 4.1597600000000003e+00,
    8.7500000000000000e+00, 0., 4.1660098999999997e+00,
    8.8000001900000004e+00, 0., 4.1751699400000000e+00,
    8.8500003800000009e+00, 0., 4.1823401499999999e+00,
    8.8999996199999991e+00, 0., 4.1857800500000000e+00,
    8.9499998099999996e+00, 0., 4.1883201600000000e+00, 9., 0.,
    4.1900601399999999e+00, 9.0500001900000004e+00, 0.,
    4.1909799599999999e+00, 9.1000003800000009e+00, 0.,
    4.1921601300000004e+00, 9.1499996199999991e+00, 0.,
    4.1937198599999999e+00, 9.1999998099999996e+00, 0.,
    4.1954002399999997e+00, 9.2500000000000000e+00, 0.,
    4.1982397999999996e+00, 9.3000001900000004e+00, 0.,
    4.2016801800000003e+00, 9.3500003800000009e+00, 0.,
    4.2048401799999997e+00, 9.3999996199999991e+00, 0.,
    4.2081098600000004e+00, 9.4499998099999996e+00, 0.,
    4.2122998200000001e+00, 9.5000000000000000e+00, 0.,
    4.2169799799999996e+00, 9.5500001900000004e+00, 0.,
    4.2235598599999999e+00, 9.6000003800000009e+00, 0.,
    4.2288598999999998e+00, 9.6499996199999991e+00, 0.,
    4.2312598200000000e+00, 9.6999998099999996e+00, 0.,
    4.2372698800000004e+00, 9.7500000000000000e+00, 0.,
    4.2427301399999999e+00, 9.8000001900000004e+00, 0.,
    4.2428898799999999e+00, 9.8500003800000009e+00, 0.,
    4.2420201300000002e+00, 9.8999996199999991e+00, 0.,
    4.2401499700000000e+00, 9.9499998099999996e+00, 0.,
    4.2377901099999997e+00, 10., 0., 4.2344398500000002e+00,
    1.0050000199999999e+01, 0., 4.2344298399999998e+00,
    1.0100000400000001e+01, 0., 4.2385501899999998e+00,
    1.0149999599999999e+01, 0., 4.2474899300000004e+00,
    1.0199999800000001e+01, 0., 4.2567300799999996e+00,
