%YAML:1.0
---
profile: [ 1.00000001e-01, 0., -1.15530396e+01, 1.50000006e-01, 0.,
    -1.15414000e+01, 2.00000003e-01, 0., -1.15416298e+01, 2.50000000e-01,
    0., -1.15320597e+01, 3.00000012e-01, 0., -1.15081797e+01,
    3.49999994e-01, 0., -1.15146799e+01, 4.00000006e-01, 0.,
    -1.15314703e+01, 4.49999988e-01, 0., -1.15003901e+01, 5.00000000e-01,
    0., -1.14766703e+01, 5.50000012e-01, 0., -1.14758701e+01,
    6.00000024e-01, 0., -1.14735699e+01, 6.49999976e-01, 0.,
    -1.14699602e+01, 6.99999988e-01, 0., -1.14658003e+01, 7.50000000e-01,
    0., -1.14560804e+01, 8.00000012e-01, 0., -1.14459600e+01,
    8.50000024e-01, 0., -1.14375200e+01, 8.99999976e-01, 0.,
    -1.14305897e+01, 9.49999988e-01, 0., -1.14263496e+01, 1., 0.,
    -1.14144402e+01, 1.04999995e+00, 0., -1.14013996e+01, 1.10000002e+00,
    0., -1.13946695e+01, 1.14999998e+00, 0., -1.13891497e+01,
    1.20000005e+00, 0., -1.13833103e+01, 1.25000000e+00, 0.,
    -1.13711004e+01, 1.29999995e+00, 0., -1.13587799e+01, 1.35000002e+00,
    0., -1.13376799e+01, 1.39999998e+00, 0., -1.13171902e+01,
    1.45000005e+00, 0., -1.13072701e+01, 1.50000000e+00, 0.,
    -1.13065596e+01, 1.54999995e+00, 0., -1.13089895e+01, 1.60000002e+00,
    0., -1.12959900e+01, 1.64999998e+00, 0., -1.12825899e+01,
    1.70000005e+00, 0., -1.12753496e+01, 1.75000000e+00, 0.,
    -1.12740402e+01, 1.79999995e+00, 0., -1.12734003e+01, 1.85000002e+00,
    0., -1.12581997e+01, 1.89999998e+00, 0., -1.12409296e+01,
    1.95000005e+00, 0., -1.12292900e+01, 2., 0., -1.12177896e+01,
    2.04999995e+00, 0., -1.12083998e+01, 2.09999990e+00, 0.,
    -1.12010803e+01, 2.15000010e+00, 0., -1.11921902e+01, 2.20000005e+00,
    0., -1.11854696e+01, 2.25000000e+00, 0., -1.11807699e+01,
    2.29999995e+00, 0., -1.11727505e+01, 2.34999990e+00, 0.,
    -1.11527100e+01, 2.40000010e+00, 0., -1.11355600e+01, 2.45000005e+00,
    0., -1.11313601e+01, 2.50000000e+00, 0., -1.11258698e+01,
    2.54999995e+00, 0., -1.11196003e+01, 2.59999990e+00, 0.,
    -1.11121197e+01, 2.65000010e+00, 0., -1.11039896e+01, 2.70000005e+00,
    0., -1.10981503e+01, 2.75000000e+00, 0., -1.10836897e+01,
    2.79999995e+00, 0., -1.10699997e+01, 2.84999990e+00, 0.,
    -1.10674400e+01, 2.90000010e+00, 0., -1.10520897e+01, 2.95000005e+00,
    0., -1.10333300e+01, 3., 0., -1.10228205e+01, 3.04999995e+00, 0.,
    -1.10162296e+01, 3.09999990e+00, 0., -1.10118704e+01, 3.15000010e+00,
    0., -1.10089302e+01, 3.20000005e+00, 0., -1.10077801e+01,
    3.25000000e+00, 0., -1.10069799e+01, 3.29999995e+00, 0.,
    -1.10095196e+01, 3.34999990e+00, 0., -1.10159197e+01, 3.40000010e+00,
    0., -1.10326405e+01, 3.45000005e+00, 0., -1.10417099e+01,
    3.50000000e+00, 0., -1.10436697e+01, 3.54999995e+00, 0.,
    -1.10308399e+01, 3.59999990e+00, 0., -1.10164204e+01, 3.65000010e+00,
    0., -1.10076199e+01, 3.70000005e+00, 0., -1.09816704e+01,
    3.75000000e+00, 0., -1.09529495e+01, 3.79999995e+00, 0.,
    -1.09354801e+01, 3.84999990e+00, 0., -1.09197798e+01, 3.90000010e+00,
    0., -1.08980598e+01, 3.95000005e+00, 0., -1.08773298e+01, 4., 0.,
    -1.08685303e+01, 4.05000019e+00, 0., -1.08559303e+01, 4.09999990e+00,
    0., -1.08435497e+01, 4.15000010e+00, 0., -1.08376303e+01,
    4.19999981e+00, 0., -1.08314304e+01, 4.25000000e+00, 0.,
    -1.08279495e+01, 4.30000019e+00, 0., -1.08233404e+01, 4.34999990e+00,
    0., -1.08176603e+01, 4.40000010e+00, 0., -1.08100996e+01,
    4.44999981e+00, 0., -1.07943697e+01, 4.50000000e+00, 0.,
    -1.07784500e+01, 4.55000019e+00, 0., -1.07622499e+01, 4.59999990e+00,
    0., -1.07516699e+01, 4.65000010e+00, 0., -1.07579899e+01,
    4.69999981e+00, 0., -1.07524500e+01, 4.75000000e+00, 0.,
    -1.07408504e+01, 4.80000019e+00, 0., -1.07026396e+01, 4.84999990e+00,
    0., -1.06628199e+01, 4.90000010e+00, 0., -1.06447802e+01,
    4.94999981e+00, 0., -1.06311598e+01, 5., 0., -1.06310396e+01,
    5.05000019e+00, 0., -1.06206102e+01, 5.09999990e+00, 0.,
    -1.06068497e+01, 5.15000010e+00, 0., -1.06404800e+01, 5.19999981e+00,
    0., -1.06265697e+01, 5.25000000e+00, 0., -1.05833302e+01,
    5.30000019e+00, 0., -1.05459700e+01, 5.34999990e+00, 0.,
    -1.05250902e+01, 5.40000010e+00, 0., -1.05196800e+01, 5.44999981e+00,
    0., -1.05194702e+01, 5.50000000e+00, 0., -1.05193501e+01,
    5.55000019e+00, 0., -1.05130301e+01, 5.59999990e+00, 0.,
    -1.04994802e+01, 5.65000010e+00, 0., -1.04786396e+01, 5.69999981e+00,
    0., -1.04620600e+01, 5.75000000e+00, 0., -1.04603004e+01,
    5.80000019e+00, 0., -1.04526196e+01, 5.84999990e+00, 0.,
    -1.04504299e+01, 5.90000010e+00, 0., -1.04707499e+01, 5.94999981e+00,
    0., -1.05357800e+01, 6., 0., -1.05722504e+01, 6.05000019e+00, 0.,
    -1.05720596e+01, 6.09999990e+00, 0., -1.05719404e+01, 6.15000010e+00,
    0., -1.05513601e+01, 6.19999981e+00, 0., -1.05104799e+01,
    6.25000000e+00, 0., -1.04797096e+01, 6.30000019e+00, 0.,
    -1.04795504e+01, 6.34999990e+00, 0., -1.04792900e+01, 6.40000010e+00,
    0., -1.04790297e+01, 6.44999981e+00, 0., -1.04788704e+01,
    6.50000000e+00, 0., -1.04387102e+01, 6.55000019e+00, 0.,
    -1.03852701e+01, 6.59999990e+00, 0., -1.03487797e+01, 6.65000010e+00,
    0., -1.03357801e+01, 6.69999981e+00, 0., -1.03030500e+01,
    6.75000000e+00, 0., -1.02739096e+01, 6.80000019e+00, 0.,
    -1.02751904e+01, 6.84999990e+00, 0., -1.02752705e+01, 6.90000010e+00,
    0., -1.02735100e+01, 6.94999981e+00, 0., -1.02646999e+01, 7., 0.,
    -1.02686005e+01, 7.05000019e+00, 0., -1.02888803e+01, 7.09999990e+00,
    0., -1.02938299e+01, 7.15000010e+00, 0., -1.02815905e+01,
    7.19999981e+00, 0., -1.02573500e+01, 7.25000000e+00, 0.,
    -1.02374401e+01, 7.30000019e+00, 0., -1.02340403e+01, 7.34999990e+00,
    0., -1.02109098e+01, 7.40000010e+00, 0., -1.01838999e+01,
    7.44999981e+00, 0., -1.01651802e+01, 7.50000000e+00, 0.,
    -1.01579800e+01, 7.55000019e+00, 0., -1.01716204e+01, 7.59999990e+00,
    0., -1.02195902e+01, 7.65000010e+00, 0., -1.02165003e+01,
    7.69999981e+00, 0., -1.01827002e+01, 7.75000000e+00, 0.,
    -1.01754599e+01, 7.80000019e+00, 0., -1.01725197e+01, 7.84999990e+00,
    0., -1.01559601e+01, 7.90000010e+00, 0., -1.01560802e+01,
    7.94999981e+00, 0., -1.01671896e+01, 8., 0., -1.01669903e+01,
    8.05000019e+00, 0., -1.01634302e+01, 8.10000038e+00, 0.,
    -1.01566696e+01, 8.14999962e+00, 0., -1.01547003e+01, 8.19999981e+00,
    0., -1.01347103e+01, 8.25000000e+00, 0., -1.00951500e+01,
    8.30000019e+00, 0., -1.00772400e+01, 8.35000038e+00, 0.,
    -1.01006403e+01, 8.39999962e+00, 0., -1.01062899e+01, 8.44999981e+00,
    0., -1.00928001e+01, 8.50000000e+00, 0., -1.00662003e+01,
    8.55000019e+00, 0., -1.00532703e+01, 8.60000038e+00, 0.,
    -1.00537901e+01, 8.64999962e+00, 0., -1.00529203e+01, 8.69999981e+00,
    0., -1.00598602e+01, 8.75000000e+00, 0., -1.00751801e+01,
    8.80000019e+00, 0., -1.00306101e+01, 8.85000038e+00, 0.,
    -9.98221016e+00, 8.89999962e+00, 0., -1.00488596e+01, 8.94999981e+00,
    0., -1.00095797e+01, 9., 0., -9.95061970e+00, 9.05000019e+00, 0.,
    -9.92101002e+00, 9.10000038e+00, 0., -9.92088985e+00, 9.14999962e+00,
    0., -9.92066002e+00, 9.19999981e+00, 0., -9.92039013e+00,
    9.25000000e+00, 0., -9.92018986e+00, 9.30000019e+00, 0.,
    -9.91996002e+00, 9.35000038e+00, 0., -9.91275024e+00, 9.39999962e+00,
    0., -9.88475037e+00, 9.44999981e+00, 0., -9.88171005e+00,
    9.50000000e+00, 0., -9.91753960e+00, 9.55000019e+00, 0.,
    -9.91734028e+00, 9.60000038e+00, 0., -9.90797997e+00, 9.64999962e+00,
    0., -9.89566040e+00, 9.69999981e+00, 0., -9.89231968e+00,
    9.75000000e+00, 0., -9.89202976e+00, 9.80000019e+00, 0.,
    -9.89183044e+00, 9.85000038e+00, 0., -9.89148045e+00, 9.89999962e+00,
    0., -9.87911034e+00, 9.94999981e+00, 0., -9.83071041e+00, 10., 0.,
    -9.77462006e+00, 1.00500002e+01, 0., -9.74402046e+00, 1.01000004e+01,
    0., -9.71133041e+00, 1.01499996e+01, 0., -9.70296955e+00,
    1.01999998e+01, 0., -9.69859982e+00, 1.02500000e+01, 0.,
    -9.70036983e+00, 1.03000002e+01, 0., -9.70825005e+00, 1.03500004e+01,
