%YAML:1.0
---
profile: [ 5.00000007e-02, 0., -1.01694298e+01, 1.00000001e-01, 0.,
    -1.01733904e+01, 1.50000006e-01, 0., -1.01621399e+01, 2.00000003e-01,
    0., -1.01480198e+01, 2.50000000e-01, 0., -1.01405802e+01,
    3.00000012e-01, 0., -1.01297798e+01, 3.49999994e-01, 0.,
    -1.01204205e+01, 4.00000006e-01, 0., -1.01105804e+01, 4.49999988e-01,
    0., -1.01038198e+01, 5.00000000e-01, 0., -1.01015797e+01,
    5.50000012e-01, 0., -1.00942097e+01, 6.00000024e-01, 0.,
    -1.00835695e+01, 6.49999976e-01, 0., -1.00742102e+01, 6.99999988e-01,
    0., -1.00634804e+01, 7.50000000e-01, 0., -1.00562000e+01,
    8.00000012e-01, 0., -1.00426397e+01, 8.50000024e-01, 0.,
    -1.00290899e+01, 8.99999976e-01, 0., -1.00275698e+01, 9.49999988e-01,
    0., -1.00226803e+01, 1., 0., -1.00152397e+01, 1.04999995e+00, 0.,
    -1.00046501e+01, 1.10000002e+00, 0., -9.99510956e+00, 1.14999998e+00,
    0., -9.99170971e+00, 1.20000005e+00, 0., -9.98458004e+00,
    1.25000000e+00, 0., -9.97733974e+00, 1.29999995e+00, 0.,
    -9.96807003e+00, 1.35000002e+00, 0., -9.96063042e+00, 1.39999998e+00,
    0., -9.95699024e+00, 1.45000005e+00, 0., -9.94534969e+00,
    1.50000000e+00, 0., -9.93115044e+00, 1.54999995e+00, 0.,
    -9.92687035e+00, 1.60000002e+00, 0., -9.91911983e+00, 1.64999998e+00,
    0., -9.91016006e+00, 1.70000005e+00, 0., -9.90003014e+00,
    1.75000000e+00, 0., -9.88821030e+00, 1.79999995e+00, 0.,
    -9.87248993e+00, 1.85000002e+00, 0., -9.85317993e+00, 1.89999998e+00,
    0., -9.83817959e+00, 1.95000005e+00, 0., -9.82999039e+00, 2., 0.,
    -9.82847023e+00, 2.04999995e+00, 0., -9.82594967e+00, 2.09999990e+00,
    0., -9.82952023e+00, 2.15000010e+00, 0., -9.83633995e+00,
    2.20000005e+00, 0., -9.83765984e+00, 2.25000000e+00, 0.,
    -9.83495045e+00, 2.29999995e+00, 0., -9.82754993e+00, 2.34999990e+00,
    0., -9.82472038e+00, 2.40000010e+00, 0., -9.81754017e+00,
    2.45000005e+00, 0., -9.80461979e+00, 2.50000000e+00, 0.,
    -9.79588985e+00, 2.54999995e+00, 0., -9.79292965e+00, 2.59999990e+00,
    0., -9.77492046e+00, 2.65000010e+00, 0., -9.75765991e+00,
    2.70000005e+00, 0., -9.74901962e+00, 2.75000000e+00, 0.,
    -9.73707008e+00, 2.79999995e+00, 0., -9.72698975e+00, 2.84999990e+00,
    0., -9.72430992e+00, 2.90000010e+00, 0., -9.72019958e+00,
    2.95000005e+00, 0., -9.71224022e+00, 3., 0., -9.69400978e+00,
    3.04999995e+00, 0., -9.66993046e+00, 3.09999990e+00, 0.,
    -9.64960957e+00, 3.15000010e+00, 0., -9.62899017e+00, 3.20000005e+00,
    0., -9.62806988e+00, 3.25000000e+00, 0., -9.61417007e+00,
    3.29999995e+00, 0., -9.59628963e+00, 3.34999990e+00, 0.,
    -9.58675957e+00, 3.40000010e+00, 0., -9.58261013e+00, 3.45000005e+00,
    0., -9.58181000e+00, 3.50000000e+00, 0., -9.58557034e+00,
    3.54999995e+00, 0., -9.58825970e+00, 3.59999990e+00, 0.,
    -9.57678032e+00, 3.65000010e+00, 0., -9.57040024e+00, 3.70000005e+00,
    0., -9.56960011e+00, 3.75000000e+00, 0., -9.56118965e+00,
    3.79999995e+00, 0., -9.54961967e+00, 3.84999990e+00, 0.,
    -9.53890038e+00, 3.90000010e+00, 0., -9.53157997e+00, 3.95000005e+00,
    0., -9.52849007e+00, 4., 0., -9.52628994e+00, 4.05000019e+00, 0.,
    -9.51924038e+00, 4.09999990e+00, 0., -9.50856018e+00, 4.15000010e+00,
    0., -9.49005032e+00, 4.19999981e+00, 0., -9.47152042e+00,
    4.25000000e+00, 0., -9.46072006e+00, 4.30000019e+00, 0.,
    -9.44519043e+00, 4.34999990e+00, 0., -9.43039036e+00, 4.40000010e+00,
    0., -9.41726017e+00, 4.44999981e+00, 0., -9.40795994e+00,
    4.50000000e+00, 0., -9.40855980e+00, 4.55000019e+00, 0.,
    -9.40340042e+00, 4.59999990e+00, 0., -9.39612007e+00, 4.65000010e+00,
    0., -9.38836956e+00, 4.69999981e+00, 0., -9.38206005e+00,
    4.75000000e+00, 0., -9.37833977e+00, 4.80000019e+00, 0.,
    -9.37201977e+00, 4.84999990e+00, 0., -9.36429024e+00, 4.90000010e+00,
    0., -9.35700989e+00, 4.94999981e+00, 0., -9.34856987e+00, 5., 0.,
    -9.34269047e+00, 5.05000019e+00, 0., -9.31542015e+00, 5.09999990e+00,
    0., -9.29084015e+00, 5.15000010e+00, 0., -9.29547977e+00,
    5.19999981e+00, 0., -9.29767990e+00, 5.25000000e+00, 0.,
    -9.29751968e+00, 5.30000019e+00, 0., -9.29728031e+00, 5.34999990e+00,
    0., -9.29459953e+00, 5.40000010e+00, 0., -9.28956032e+00,
    5.44999981e+00, 0., -9.26665974e+00, 5.50000000e+00, 0.,
    -9.24505997e+00, 5.55000019e+00, 0., -9.25358009e+00, 5.59999990e+00,
    0., -9.25351048e+00, 5.65000010e+00, 0., -9.24411011e+00,
    5.69999981e+00, 0., -9.22447968e+00, 5.75000000e+00, 0.,
    -9.20718956e+00, 5.80000019e+00, 0., -9.20699024e+00, 5.84999990e+00,
    0., -9.20197010e+00, 5.90000010e+00, 0., -9.19540977e+00,
    5.94999981e+00, 0., -9.19519997e+00, 6., 0., -9.19495010e+00,
    6.05000019e+00, 0., -9.19235039e+00, 6.09999990e+00, 0.,
    -9.16753006e+00, 6.15000010e+00, 0., -9.14340973e+00, 6.19999981e+00,
    0., -9.16075993e+00, 6.25000000e+00, 0., -9.15194035e+00,
    6.30000019e+00, 0., -9.12458038e+00, 6.34999990e+00, 0.,
    -9.09370995e+00, 6.40000010e+00, 0., -9.07083035e+00, 6.44999981e+00,
    0., -9.09512043e+00, 6.50000000e+00, 0., -9.11001968e+00,
    6.55000019e+00, 0., -9.10978031e+00, 6.59999990e+00, 0.,
    -9.10966015e+00, 6.65000010e+00, 0., -9.10941982e+00, 6.69999981e+00,
    0., -9.10925961e+00, 6.75000000e+00, 0., -9.06863976e+00,
    6.80000019e+00, 0., -9.02812004e+00, 6.84999990e+00, 0.,
    -9.01774979e+00, 6.90000010e+00, 0., -9.01751041e+00, 6.94999981e+00,
    0., -9.01735020e+00, 7., 0., -8.99442005e+00, 7.05000019e+00, 0.,
    -8.97154999e+00, 7.09999990e+00, 0., -8.97146988e+00, 7.15000010e+00,
    0., -8.97136021e+00, 7.19999981e+00, 0., -8.97132015e+00,
    7.25000000e+00, 0., -8.97120953e+00, 7.30000019e+00, 0.,
    -8.97113037e+00, 7.34999990e+00, 0., -8.97109032e+00, 7.40000010e+00,
    0., -8.97101021e+00, 7.44999981e+00, 0., -8.97087002e+00,
    7.50000000e+00, 0., -8.97074986e+00, 7.55000019e+00, 0.,
    -8.94036007e+00, 7.59999990e+00, 0., -8.89992046e+00, 7.65000010e+00,
    0., -8.87954044e+00, 7.69999981e+00, 0., -8.87364960e+00,
    7.75000000e+00, 0., -8.85081005e+00, 7.80000019e+00, 0.,
    -8.80980968e+00, 7.84999990e+00, 0., -8.76212978e+00, 7.90000010e+00,
    0., -8.72657967e+00, 7.94999981e+00, 0., -8.77538013e+00, 8., 0.,
    -8.78738022e+00, 8.05000019e+00, 0., -8.78711033e+00, 8.10000038e+00,
    0., -8.78691006e+00, 8.14999962e+00, 0., -8.76414013e+00,
    8.19999981e+00, 0., -8.74133015e+00, 8.25000000e+00, 0.,
    -8.74116993e+00, 8.30000019e+00, 0., -8.73299026e+00, 8.35000038e+00,
    0., -8.72222996e+00, 8.39999962e+00, 0., -8.73141956e+00,
    8.44999981e+00, 0., -8.74026012e+00, 8.50000000e+00, 0.,
    -8.74005985e+00, 8.55000019e+00, 0., -8.73978043e+00, 8.60000038e+00,
    0., -8.72535038e+00, 8.64999962e+00, 0., -8.69686985e+00,
    8.69999981e+00, 0., -8.66862011e+00, 8.75000000e+00, 0.,
    -8.65497971e+00, 8.80000019e+00, 0., -8.64799023e+00, 8.85000038e+00,
    0., -8.64770031e+00, 8.89999962e+00, 0., -8.64750004e+00,
    8.94999981e+00, 0., -8.64721966e+00, 9., 0., -8.64694023e+00,
    9.05000019e+00, 0., -8.64678001e+00, 9.10000038e+00, 0.,
    -8.64649010e+00, 9.14999962e+00, 0., -8.64628983e+00, 9.19999981e+00,
    0., -8.64601040e+00, 9.25000000e+00, 0., -8.64577961e+00,
    9.30000019e+00, 0., -8.64562035e+00, 9.35000038e+00, 0.,
    -8.60536957e+00, 9.39999962e+00, 0., -8.56521034e+00, 9.44999981e+00,
    0., -8.56846046e+00, 9.50000000e+00, 0., -8.56307983e+00,
    9.55000019e+00, 0., -8.53240013e+00, 9.60000038e+00, 0.,
    -8.50358963e+00, 9.64999962e+00, 0., -8.49211025e+00, 9.69999981e+00,
    0., -8.47632980e+00, 9.75000000e+00, 0., -8.46337032e+00,
    9.80000019e+00, 0., -8.46321011e+00, 9.85000038e+00, 0.,
    -8.46296024e+00, 9.89999962e+00, 0., -8.46094036e+00, 9.94999981e+00,
    0., -8.45370007e+00, 10., 0., -8.44818974e+00, 1.00500002e+01, 0.,
    -8.44803047e+00, 1.01000004e+01, 0., -8.41413021e+00, 1.01499996e+01,
    0., -8.38033009e+00, 1.01999998e+01, 0., -8.34908009e+00,
    1.02500000e+01, 0., -8.32059002e+00, 1.03000002e+01, 0.,
