%YAML:1.0
---
profile: [ 5.0000000699999998e-02, 0., -1.1169500400000000e+01,
    1.0000000100000001e-01, 0., -1.1140649800000000e+01,
    1.5000000599999999e-01, 0., -1.1140529600000001e+01,
    2.0000000300000001e-01, 0., -1.1119950299999999e+01,
    2.5000000000000000e-01, 0., -1.1078989999999999e+01,
    3.0000001199999998e-01, 0., -1.1048159600000000e+01,
    3.4999999399999998e-01, 0., -1.1048040400000000e+01,
    4.0000000600000002e-01, 0., -1.1069160500000001e+01,
    4.4999998800000002e-01, 0., -1.1082539600000000e+01,
    5.0000000000000000e-01, 0., -1.1077500300000001e+01,
    5.5000001200000004e-01, 0., -1.1074439999999999e+01,
    6.0000002399999997e-01, 0., -1.1072699500000001e+01,
    6.4999997600000003e-01, 0., -1.1071900400000001e+01,
    6.9999998799999996e-01, 0., -1.1072629900000001e+01,
    7.5000000000000000e-01, 0., -1.1072159800000000e+01,
    8.0000001200000004e-01, 0., -1.1064200400000001e+01,
    8.5000002399999997e-01, 0., -1.1057709700000000e+01,
    8.9999997600000003e-01, 0., -1.1056790400000001e+01,
    9.4999998799999996e-01, 0., -1.1050700200000000e+01, 1., 0.,
    -1.1042289700000000e+01, 1.0499999499999999e+00, 0.,
    -1.1034290300000000e+01, 1.1000000200000000e+00, 0.,
    -1.1023739800000000e+01, 1.1499999800000000e+00, 0.,
    -1.1015020399999999e+01, 1.2000000500000001e+00, 0.,
    -1.1005350099999999e+01, 1.2500000000000000e+00, 0.,
    -1.0988229799999999e+01, 1.2999999499999999e+00, 0.,
    -1.0965270000000000e+01, 1.3500000200000000e+00, 0.,
    -1.0953709600000000e+01, 1.3999999800000000e+00, 0.,
    -1.0953669500000000e+01, 1.4500000500000001e+00, 0.,
    -1.0953579899999999e+01, 1.5000000000000000e+00, 0.,
    -1.0933110200000000e+01, 1.5499999499999999e+00, 0.,
    -1.0892270099999999e+01, 1.6000000200000000e+00, 0.,
    -1.0886440300000000e+01, 1.6499999800000000e+00, 0.,
    -1.0936539600000000e+01, 1.7000000500000001e+00, 0.,
    -1.0938099899999999e+01, 1.7500000000000000e+00, 0.,
    -1.0936149600000000e+01, 1.7999999499999999e+00, 0.,
    -1.0932510400000000e+01, 1.8500000200000000e+00, 0.,
    -1.0933150299999999e+01, 1.8999999800000000e+00, 0.,
    -1.0928090100000000e+01, 1.9500000500000001e+00, 0.,
    -1.0915690400000001e+01, 2., 0., -1.0912489900000001e+01,
    2.0499999500000001e+00, 0., -1.0912520400000000e+01,
    2.0999998999999998e+00, 0., -1.0913200399999999e+01,
    2.1500001000000002e+00, 0., -1.0909130100000000e+01,
    2.2000000499999999e+00, 0., -1.0901410100000000e+01,
    2.2500000000000000e+00, 0., -1.0894129800000000e+01,
    2.2999999500000001e+00, 0., -1.0886920000000000e+01,
    2.3499998999999998e+00, 0., -1.0883520100000000e+01,
    2.4000001000000002e+00, 0., -1.0873910000000000e+01,
    2.4500000499999999e+00, 0., -1.0862110100000001e+01,
    2.5000000000000000e+00, 0., -1.0849829700000001e+01,
    2.5499999500000001e+00, 0., -1.0824359899999999e+01,
    2.5999998999999998e+00, 0., -1.0791919699999999e+01,
    2.6500001000000002e+00, 0., -1.0767519999999999e+01,
    2.7000000499999999e+00, 0., -1.0767399800000000e+01,
    2.7500000000000000e+00, 0., -1.0767250100000000e+01,
    2.7999999500000001e+00, 0., -1.0767100299999999e+01,
    2.8499998999999998e+00, 0., -1.0766980200000001e+01,
    2.9000001000000002e+00, 0., -1.0766869500000000e+01,
    2.9500000499999999e+00, 0., -1.0766730300000001e+01, 3., 0.,
    -1.0766650200000001e+01, 3.0499999500000001e+00, 0.,
    -1.0735950500000000e+01, 3.0999998999999998e+00, 0.,
    -1.0695110300000000e+01, 3.1500001000000002e+00, 0.,
    -1.0668149900000000e+01, 3.2000000499999999e+00, 0.,
    -1.0659469600000000e+01, 3.2500000000000000e+00, 0.,
    -1.0647379900000001e+01, 3.2999999500000001e+00, 0.,
    -1.0650099800000000e+01, 3.3499998999999998e+00, 0.,
    -1.0670419700000000e+01, 3.4000001000000002e+00, 0.,
    -1.0673700300000000e+01, 3.4500000499999999e+00, 0.,
    -1.0670490300000001e+01, 3.5000000000000000e+00, 0.,
    -1.0666770000000000e+01, 3.5499999500000001e+00, 0.,
    -1.0661669699999999e+01, 3.5999998999999998e+00, 0.,
    -1.0658160199999999e+01, 3.6500001000000002e+00, 0.,
    -1.0661239600000000e+01, 3.7000000499999999e+00, 0.,
    -1.0659420000000001e+01, 3.7500000000000000e+00, 0.,
    -1.0654939700000000e+01, 3.7999999500000001e+00, 0.,
    -1.0643779800000001e+01, 3.8499998999999998e+00, 0.,
    -1.0623809800000000e+01, 3.9000001000000002e+00, 0.,
    -1.0598970400000001e+01, 3.9500000499999999e+00, 0.,
    -1.0580160100000001e+01, 4., 0., -1.0579919800000001e+01,
    4.0500001900000004e+00, 0., -1.0579649900000000e+01,
    4.0999999000000003e+00, 0., -1.0556750299999999e+01,
    4.1500000999999997e+00, 0., -1.0511349700000000e+01,
    4.1999998099999996e+00, 0., -1.0468910200000000e+01,
    4.2500000000000000e+00, 0., -1.0480950399999999e+01,
    4.3000001900000004e+00, 0., -1.0486820200000000e+01,
    4.3499999000000003e+00, 0., -1.0483879999999999e+01,
    4.4000000999999997e+00, 0., -1.0472999600000000e+01,
    4.4499998099999996e+00, 0., -1.0464699700000001e+01,
    4.5000000000000000e+00, 0., -1.0464539500000001e+01,
    4.5500001900000004e+00, 0., -1.0476539600000001e+01,
    4.5999999000000003e+00, 0., -1.0485500300000000e+01,
    4.6500000999999997e+00, 0., -1.0485300100000000e+01,
    4.6999998099999996e+00, 0., -1.0485050200000000e+01,
    4.7500000000000000e+00, 0., -1.0484820400000000e+01,
    4.8000001900000004e+00, 0., -1.0484660099999999e+01,
    4.8499999000000003e+00, 0., -1.0484450300000001e+01,
    4.9000000999999997e+00, 0., -1.0479940400000000e+01,
    4.9499998099999996e+00, 0., -1.0462619800000001e+01, 5., 0.,
    -1.0430549600000001e+01, 5.0500001900000004e+00, 0.,
    -1.0392390300000001e+01, 5.0999999000000003e+00, 0.,
    -1.0371850000000000e+01, 5.1500000999999997e+00, 0.,
    -1.0388050099999999e+01, 5.1999998099999996e+00, 0.,
    -1.0375579800000001e+01, 5.2500000000000000e+00, 0.,
    -1.0344369900000000e+01, 5.3000001900000004e+00, 0.,
    -1.0306730300000000e+01, 5.3499999000000003e+00, 0.,
    -1.0278420400000000e+01, 5.4000000999999997e+00, 0.,
    -1.0278260200000000e+01, 5.4499998099999996e+00, 0.,
    -1.0353380200000000e+01, 5.5000000000000000e+00, 0.,
    -1.0374790200000000e+01, 5.5500001900000004e+00, 0.,
    -1.0353230500000000e+01, 5.5999999000000003e+00, 0.,
    -1.0376239800000000e+01, 5.6500000999999997e+00, 0.,
    -1.0390370400000000e+01, 5.6999998099999996e+00, 0.,
    -1.0390219699999999e+01, 5.7500000000000000e+00, 0.,
    -1.0390139599999999e+01, 5.8000001900000004e+00, 0.,
    -1.0364859600000001e+01, 5.8499999000000003e+00, 0.,
    -1.0314539900000000e+01, 5.9000000999999997e+00, 0.,
    -1.0276740100000000e+01, 5.9499998099999996e+00, 0.,
    -1.0276619900000000e+01, 6., 0., -1.0260020300000001e+01,
    6.0500001900000004e+00, 0., -1.0251210199999999e+01,
    6.0999999000000003e+00, 0., -1.0282090200000001e+01,
    6.1500000999999997e+00, 0., -1.0297409999999999e+01,
    6.1999998099999996e+00, 0., -1.0297189700000001e+01,
    6.2500000000000000e+00, 0., -1.0297030400000001e+01,
    6.3000001900000004e+00, 0., -1.0296779600000001e+01,
    6.3499999000000003e+00, 0., -1.0296520200000000e+01,
    6.4000000999999997e+00, 0., -1.0296360000000000e+01,
    6.4499998099999996e+00, 0., -1.0296139699999999e+01,
    6.5000000000000000e+00, 0., -1.0295980500000001e+01,
    6.5500001900000004e+00, 0., -1.0268569899999999e+01,
    6.5999999000000003e+00, 0., -1.0258379900000000e+01,
    6.6500000999999997e+00, 0., -1.0326820400000001e+01,
    6.6999998099999996e+00, 0., -1.0287810300000000e+01,
    6.7500000000000000e+00, 0., -1.0231690400000000e+01,
    6.8000001900000004e+00, 0., -1.0184709500000000e+01,
    6.8499999000000003e+00, 0., -1.0159589799999999e+01,
    6.9000000999999997e+00, 0., -1.0145759600000000e+01,
    6.9499998099999996e+00, 0., -1.0146160099999999e+01, 7., 0.,
    -1.0158240299999999e+01, 7.0500001900000004e+00, 0.,
    -1.0137579900000000e+01, 7.0999999000000003e+00, 0.,
    -1.0111129800000001e+01, 7.1500000999999997e+00, 0.,
