%YAML:1.0
---
profile: [ 1.2000000500000001e+00, 0., -3.4137000999999998e+00,
    1.2500000000000000e+00, 0., -3.3728599500000001e+00,
    1.2999999499999999e+00, 0., -3.3374700499999999e+00,
    1.3500000200000000e+00, 0., -3.3592700999999998e+00,
    1.3999999800000000e+00, 0., -3.3482000799999998e+00,
    1.4500000500000001e+00, 0., -3.3551800300000001e+00,
    1.5000000000000000e+00, 0., -3.4532599400000001e+00,
    1.5499999499999999e+00, 0., -3.4696600399999999e+00,
    1.6000000200000000e+00, 0., -3.4860799299999998e+00,
    1.6499999800000000e+00, 0., -3.4905400300000000e+00,
    1.7000000500000001e+00, 0., -3.4830200699999998e+00,
    1.7500000000000000e+00, 0., -3.4674000700000001e+00,
    1.7999999499999999e+00, 0., -3.4516398900000000e+00,
    1.8500000200000000e+00, 0., -3.4445800800000002e+00,
    1.8999999800000000e+00, 0., -3.4326200500000001e+00,
    1.9500000500000001e+00, 0., -3.4135000700000000e+00, 2., 0.,
    -3.4027199700000001e+00, 2.0499999500000001e+00, 0.,
    -3.3997199500000002e+00, 2.0999998999999998e+00, 0.,
    -3.3942000900000000e+00, 2.1500001000000002e+00, 0.,
    -3.3949398999999998e+00, 2.2000000499999999e+00, 0.,
    -3.3978700599999998e+00, 2.2500000000000000e+00, 0.,
    -3.3910300699999998e+00, 2.2999999500000001e+00, 0.,
    -3.3858299299999999e+00, 2.3499998999999998e+00, 0.,
    -3.3858299299999999e+00, 2.4000001000000002e+00, 0.,
    -3.3679800000000002e+00, 2.4500000499999999e+00, 0.,
    -3.3489399000000000e+00, 2.5000000000000000e+00, 0.,
    -3.3442199200000000e+00, 2.5499999500000001e+00, 0.,
    -3.3418400300000002e+00, 2.5999998999999998e+00, 0.,
    -3.3397200100000002e+00, 2.6500001000000002e+00, 0.,
    -3.3314800299999998e+00, 2.7000000499999999e+00, 0.,
    -3.3241000199999999e+00, 2.7500000000000000e+00, 0.,
    -3.3217399099999998e+00, 2.7999999500000001e+00, 0.,
    -3.3179400000000001e+00, 2.8499998999999998e+00, 0.,
    -3.3117699599999999e+00, 2.9000001000000002e+00, 0.,
    -3.3042099500000002e+00, 2.9500000499999999e+00, 0.,
    -3.2956700300000001e+00, 3., 0., -3.2877800499999998e+00,
    3.0499999500000001e+00, 0., -3.2815001000000001e+00,
    3.0999998999999998e+00, 0., -3.2695400700000001e+00,
    3.1500001000000002e+00, 0., -3.2578599499999998e+00,
    3.2000000499999999e+00, 0., -3.2432300999999999e+00,
    3.2500000000000000e+00, 0., -3.2285800000000000e+00,
    3.2999999500000001e+00, 0., -3.2169001100000001e+00,
    3.3499998999999998e+00, 0., -3.2092299500000001e+00,
    3.4000001000000002e+00, 0., -3.2040300400000001e+00,
    3.4500000499999999e+00, 0., -3.1930301200000000e+00,
    3.5000000000000000e+00, 0., -3.1803801100000002e+00,
    3.5499999500000001e+00, 0., -3.1717000000000000e+00,
    3.5999998999999998e+00, 0., -3.1660299300000001e+00,
    3.6500001000000002e+00, 0., -3.1624701000000002e+00,
    3.7000000499999999e+00, 0., -3.1623899899999999e+00,
    3.7500000000000000e+00, 0., -3.1598598999999998e+00,
    3.7999999500000001e+00, 0., -3.1540300800000001e+00,
    3.8499998999999998e+00, 0., -3.1437499500000001e+00,
    3.9000001000000002e+00, 0., -3.1246700299999999e+00,
    3.9500000499999999e+00, 0., -3.1061101000000000e+00, 4., 0.,
    -3.0709900900000000e+00, 4.0500001900000004e+00, 0.,
    -3.0405499900000001e+00, 4.0999999000000003e+00, 0.,
    -3.0040600300000002e+00, 4.1500000999999997e+00, 0.,
    -2.9695498900000001e+00, 4.1999998099999996e+00, 0.,
    -2.9468700900000000e+00, 4.2500000000000000e+00, 0.,
    -2.9232800000000001e+00, 4.3000001900000004e+00, 0.,
    -2.9101600599999999e+00, 4.3499999000000003e+00, 0.,
    -2.9104900400000000e+00, 4.4000000999999997e+00, 0.,
    -2.9121599200000001e+00, 4.4499998099999996e+00, 0.,
    -2.8820400199999998e+00, 4.5000000000000000e+00, 0.,
    -2.8609499899999999e+00, 4.5500001900000004e+00, 0.,
    -2.8639099600000000e+00, 4.5999999000000003e+00, 0.,
    -2.8660900599999999e+00, 4.6500000999999997e+00, 0.,
    -2.8626599300000000e+00, 4.6999998099999996e+00, 0.,
    -2.8536999199999999e+00, 4.7500000000000000e+00, 0.,
    -2.8682000599999999e+00, 4.8000001900000004e+00, 0.,
    -2.9016900099999998e+00, 4.8499999000000003e+00, 0.,
    -2.9401700499999999e+00, 4.9000000999999997e+00, 0.,
    -2.9783298999999999e+00, 4.9499998099999996e+00, 0.,
    -2.9893500799999999e+00, 5., 0., -2.9920000999999998e+00,
    5.0500001900000004e+00, 0., -2.9949998899999999e+00,
    5.0999999000000003e+00, 0., -2.9964399300000002e+00,
    5.1500000999999997e+00, 0., -2.9930999300000001e+00,
    5.1999998099999996e+00, 0., -2.9854600400000000e+00,
    5.2500000000000000e+00, 0., -2.9774401199999998e+00,
    5.3000001900000004e+00, 0., -2.9686799000000001e+00,
    5.3499999000000003e+00, 0., -2.9562399400000001e+00,
    5.4000000999999997e+00, 0., -2.9413700100000000e+00,
    5.4499998099999996e+00, 0., -2.9302899800000000e+00,
    5.5000000000000000e+00, 0., -2.9102699799999998e+00,
    5.5500001900000004e+00, 0., -2.8920199900000001e+00,
    5.5999999000000003e+00, 0., -2.8880200399999998e+00,
    5.6500000999999997e+00, 0., -2.8828499299999999e+00,
    5.6999998099999996e+00, 0., -2.8786499499999998e+00,
    5.7500000000000000e+00, 0., -2.8812899600000001e+00,
    5.8000001900000004e+00, 0., -2.8813099900000001e+00,
    5.8499999000000003e+00, 0., -2.8757100100000001e+00,
    5.9000000999999997e+00, 0., -2.8619100999999998e+00,
    5.9499998099999996e+00, 0., -2.8490700699999998e+00, 6., 0.,
    -2.8473899399999998e+00, 6.0500001900000004e+00, 0.,
    -2.8428700000000000e+00, 6.0999999000000003e+00, 0.,
    -2.8328800200000002e+00, 6.1500000999999997e+00, 0.,
    -2.8122799399999998e+00, 6.1999998099999996e+00, 0.,
    -2.7966899900000000e+00, 6.2500000000000000e+00, 0.,
    -2.7965300100000001e+00, 6.3000001900000004e+00, 0.,
    -2.7962999300000000e+00, 6.3499999000000003e+00, 0.,
    -2.7960701000000001e+00, 6.4000000999999997e+00, 0.,
    -2.7959098800000000e+00, 6.4499998099999996e+00, 0.,
    -2.7957201000000000e+00, 6.5000000000000000e+00, 0.,
    -2.7955100499999999e+00, 6.5500001900000004e+00, 0.,
    -2.7953500700000000e+00, 6.5999999000000003e+00, 0.,
    -2.7951800800000002e+00, 6.6500000999999997e+00, 0.,
    -2.7895100099999999e+00, 6.6999998099999996e+00, 0.,
    -2.7675499900000000e+00, 6.7500000000000000e+00, 0.,
    -2.7655398800000000e+00, 6.8000001900000004e+00, 0.,
    -2.7944200000000001e+00, 6.8499999000000003e+00, 0.,
    -2.7942600299999998e+00, 6.9000000999999997e+00, 0.,
    -2.7940499800000000e+00, 6.9499998099999996e+00, 0.,
    -2.7938001200000002e+00, 7., 0., -2.7936399000000001e+00,
    7.0500001900000004e+00, 0., -2.7933900399999998e+00,
    7.0999999000000003e+00, 0., -2.7931900000000001e+00,
    7.1500000999999997e+00, 0., -2.7494599800000001e+00,
    7.1999998099999996e+00, 0., -2.6987600299999999e+00,
    7.2500000000000000e+00, 0., -2.6707201000000000e+00,
    7.3000001900000004e+00, 0., -2.6471500400000001e+00,
    7.3499999000000003e+00, 0., -2.6650700600000001e+00,
    7.4000000999999997e+00, 0., -2.6618700000000000e+00,
    7.4499998099999996e+00, 0., -2.6519599000000000e+00,
    7.5000000000000000e+00, 0., -2.6431999199999998e+00,
    7.5500001900000004e+00, 0., -2.6145501100000001e+00,
    7.5999999000000003e+00, 0., -2.5822699099999999e+00,
    7.6500000999999997e+00, 0., -2.5999998999999998e+00,
    7.6999998099999996e+00, 0., -2.6283099700000001e+00,
    7.7500000000000000e+00, 0., -2.6171898800000002e+00,
    7.8000001900000004e+00, 0., -2.6063900000000002e+00,
    7.8499999000000003e+00, 0., -2.5985600899999999e+00,
    7.9000000999999997e+00, 0., -2.5949599700000001e+00,
    7.9499998099999996e+00, 0., -2.5522499100000000e+00, 8., 0.,
    -2.4977300200000001e+00, 8.0500001900000004e+00, 0.,
    -2.4720299200000002e+00, 8.1000003800000009e+00, 0.,
    -2.4728701100000001e+00, 8.1499996199999991e+00, 0.,
    -2.4679100500000000e+00, 8.1999998099999996e+00, 0.,
    -2.4605500700000000e+00, 8.2500000000000000e+00, 0.,
    -2.4533100100000000e+00, 8.3000001900000004e+00, 0.,
