%YAML:1.0
---
profile: [ 1.86499996e+01, 0., -2.32273903e+01, 1.87000008e+01, 0.,
    -2.32346306e+01, 1.87500000e+01, 0., -2.32404003e+01, 1.87999992e+01,
    0., -2.32422791e+01, 1.88500004e+01, 0., -2.32385998e+01,
    1.88999996e+01, 0., -2.32372093e+01, 1.89500008e+01, 0.,
    -2.32400093e+01, 19., 0., -2.32241096e+01, 1.90499992e+01, 0.,
    -2.32115097e+01, 1.91000004e+01, 0., -2.32276306e+01, 1.91499996e+01,
    0., -2.32398396e+01, 1.92000008e+01, 0., -2.32399597e+01,
    1.92500000e+01, 0., -2.32401409e+01, 1.92999992e+01, 0.,
    -2.32349491e+01, 1.93500004e+01, 0., -2.32137108e+01, 1.93999996e+01,
    0., -2.32031403e+01, 1.94500008e+01, 0., -2.32138596e+01,
    1.95000000e+01, 0., -2.32253208e+01, 1.95499992e+01, 0.,
    -2.32311802e+01, 1.96000004e+01, 0., -2.32298203e+01, 1.96499996e+01,
    0., -2.32073898e+01, 1.97000008e+01, 0., -2.31784706e+01,
    1.97500000e+01, 0., -2.31821098e+01, 1.97999992e+01, 0.,
    -2.31970596e+01, 1.98500004e+01, 0., -2.32130604e+01, 1.98999996e+01,
    0., -2.32230206e+01, 1.99500008e+01, 0., -2.32262897e+01, 20., 0.,
    -2.32287292e+01, 2.00499992e+01, 0., -2.32285805e+01, 2.01000004e+01,
    0., -2.32246208e+01, 2.01499996e+01, 0., -2.32122097e+01,
    2.02000008e+01, 0., -2.32006893e+01, 2.02500000e+01, 0.,
    -2.32001305e+01, 2.02999992e+01, 0., -2.32068996e+01, 2.03500004e+01,
    0., -2.32212200e+01, 2.03999996e+01, 0., -2.32250900e+01,
    2.04500008e+01, 0., -2.32264709e+01, 2.05000000e+01, 0.,
    -2.32287502e+01, 2.05499992e+01, 0., -2.32169609e+01, 2.06000004e+01,
    0., -2.31997204e+01, 2.06499996e+01, 0., -2.31955795e+01,
    2.07000008e+01, 0., -2.32012100e+01, 2.07500000e+01, 0.,
    -2.32121696e+01, 2.07999992e+01, 0., -2.32171402e+01, 2.08500004e+01,
    0., -2.32162704e+01, 2.08999996e+01, 0., -2.32156696e+01,
    2.09500008e+01, 0., -2.32094498e+01, 21., 0., -2.31980495e+01,
    2.10499992e+01, 0., -2.32049809e+01, 2.11000004e+01, 0.,
    -2.32176208e+01, 2.11499996e+01, 0., -2.32008209e+01, 2.12000008e+01,
    0., -2.31887302e+01, 2.12500000e+01, 0., -2.31897697e+01,
    2.12999992e+01, 0., -2.32095909e+01, 2.13500004e+01, 0.,
    -2.32201195e+01, 2.13999996e+01, 0., -2.32118397e+01, 2.14500008e+01,
    0., -2.32107391e+01, 2.15000000e+01, 0., -2.32147408e+01,
    2.15499992e+01, 0., -2.32185898e+01, 2.16000004e+01, 0.,
    -2.32165794e+01, 2.16499996e+01, 0., -2.32082996e+01, 2.17000008e+01,
    0., -2.32095203e+01, 2.17500000e+01, 0., -2.32138691e+01,
    2.17999992e+01, 0., -2.32024708e+01, 2.18500004e+01, 0.,
    -2.32005692e+01, 2.18999996e+01, 0., -2.32138901e+01, 2.19500008e+01,
    0., -2.31926994e+01, 22., 0., -2.31682396e+01, 2.20499992e+01, 0.,
    -2.31683197e+01, 2.21000004e+01, 0., -2.31816807e+01, 2.21499996e+01,
    0., -2.32082005e+01, 2.22000008e+01, 0., -2.31887894e+01,
    2.22500000e+01, 0., -2.31697998e+01, 2.22999992e+01, 0.,
    -2.31980801e+01, 2.23500004e+01, 0., -2.32183094e+01, 2.23999996e+01,
    0., -2.32259998e+01, 2.24500008e+01, 0., -2.32245998e+01,
    2.25000000e+01, 0., -2.32240601e+01, 2.25499992e+01, 0.,
    -2.32250996e+01, 2.26000004e+01, 0., -2.32239609e+01, 2.26499996e+01,
    0., -2.32218094e+01, 2.27000008e+01, 0., -2.32188492e+01,
    2.27500000e+01, 0., -2.32158298e+01, 2.27999992e+01, 0.,
    -2.32142296e+01, 2.28500004e+01, 0., -2.32146606e+01, 2.28999996e+01,
    0., -2.32156105e+01, 2.29500008e+01, 0., -2.32156906e+01, 23., 0.,
    -2.32181301e+01, 2.30499992e+01, 0., -2.32212906e+01, 2.31000004e+01,
    0., -2.32248402e+01, 2.31499996e+01, 0., -2.32250195e+01,
    2.32000008e+01, 0., -2.32213001e+01, 2.32500000e+01, 0.,
    -2.32174797e+01, 2.32999992e+01, 0., -2.32157593e+01, 2.33500004e+01,
    0., -2.32189598e+01, 2.33999996e+01, 0., -2.32219105e+01,
    2.34500008e+01, 0., -2.32229099e+01, 2.35000000e+01, 0.,
    -2.32233391e+01, 2.35499992e+01, 0., -2.32229309e+01, 2.36000004e+01,
    0., -2.32208099e+01, 2.36499996e+01, 0., -2.32206593e+01,
    2.37000008e+01, 0., -2.32234993e+01, 2.37500000e+01, 0.,
    -2.32253609e+01, 2.37999992e+01, 0., -2.32267208e+01, 2.38500004e+01,
    0., -2.32277203e+01, 2.38999996e+01, 0., -2.32304001e+01,
    2.39500008e+01, 0., -2.32341595e+01, 24., 0., -2.32374001e+01,
    2.40499992e+01, 0., -2.32391491e+01, 2.41000004e+01, 0.,
    -2.32377892e+01, 2.41499996e+01, 0., -2.32378101e+01, 2.42000008e+01,
    0., -2.32390308e+01, 2.42500000e+01, 0., -2.32398701e+01,
    2.42999992e+01, 0., -2.32392197e+01, 2.43500004e+01, 0.,
    -2.32366600e+01, 2.43999996e+01, 0., -2.32329502e+01, 2.44500008e+01,
    0., -2.32316494e+01, 2.45000000e+01, 0., -2.32386093e+01,
    2.45499992e+01, 0., -2.32421207e+01, 2.46000004e+01, 0.,
    -2.32421207e+01, 2.46499996e+01, 0., -2.32465496e+01, 2.47000008e+01,
    0., -2.32661896e+01, 2.47500000e+01, 0., -2.32987499e+01,
    2.47999992e+01, 0., -2.33077698e+01, 2.48500004e+01, 0.,
    -2.33068905e+01, 2.48999996e+01, 0., -2.33038101e+01, 2.49500008e+01,
    0., -2.33062191e+01, 25., 0., -2.33072701e+01, 2.50499992e+01, 0.,
    -2.32903500e+01, 2.51000004e+01, 0., -2.32691307e+01, 2.51499996e+01,
    0., -2.32522106e+01, 2.52000008e+01, 0., -2.32494907e+01,
    2.52500000e+01, 0., -2.32571697e+01, 2.52999992e+01, 0.,
    -2.32591095e+01, 2.53500004e+01, 0., -2.32468300e+01, 2.53999996e+01,
    0., -2.32222691e+01, 2.54500008e+01, 0., -2.31880493e+01,
    2.55000000e+01, 0., -2.31565304e+01, 2.55499992e+01, 0.,
    -2.31043491e+01, 2.56000004e+01, 0., -2.30558701e+01, 2.56499996e+01,
    0., -2.30172005e+01, 2.57000008e+01, 0., -2.29980392e+01,
    2.57500000e+01, 0., -2.29847794e+01, 2.57999992e+01, 0.,
    -2.29678898e+01, 2.58500004e+01, 0., -2.29340897e+01, 2.58999996e+01,
    0., -2.28834991e+01, 2.59500008e+01, 0., -2.28330193e+01, 26., 0.,
    -2.27951794e+01, 2.60499992e+01, 0., -2.27951794e+01, 2.61000004e+01,
    0., -2.27779293e+01, 2.61499996e+01, 0., -2.27549305e+01,
    2.62000008e+01, 0., -2.27315006e+01, 2.62500000e+01, 0.,
    -2.27017403e+01, 2.62999992e+01, 0., -2.26533394e+01, 2.63500004e+01,
    0., -2.25983791e+01, 2.63999996e+01, 0., -2.25723000e+01,
    2.64500008e+01, 0., -2.25377598e+01, 2.65000000e+01, 0.,
    -2.25078392e+01, 2.65499992e+01, 0., -2.24627304e+01, 2.66000004e+01,
    0., -2.24225292e+01, 2.66499996e+01, 0., -2.23851700e+01,
    2.67000008e+01, 0., -2.23621693e+01, 2.67500000e+01, 0.,
    -2.23564396e+01, 2.67999992e+01, 0., -2.23455601e+01, 2.68500004e+01,
    0., -2.23237991e+01, 2.68999996e+01, 0., -2.22784805e+01,
    2.69500008e+01, 0., -2.22206402e+01, 27., 0., -2.21724091e+01,
    2.70499992e+01, 0., -2.21628094e+01, 2.71000004e+01, 0.,
    -2.21284504e+01, 2.71499996e+01, 0., -2.20964909e+01, 2.72000008e+01,
    0., -2.20334606e+01, 2.72500000e+01, 0., -2.19784203e+01,
    2.72999992e+01, 0., -2.19646492e+01, 2.73500004e+01, 0.,
    -2.19646702e+01, 2.73999996e+01, 0., -2.19646702e+01, 2.74500008e+01,
    0., -2.19320602e+01, 2.75000000e+01, 0., -2.18885803e+01,
    2.75499992e+01, 0., -2.18301392e+01, 2.76000004e+01, 0.,
    -2.17812595e+01, 2.76499996e+01, 0., -2.17689991e+01, 2.77000008e+01,
    0., -2.17581406e+01, 2.77500000e+01, 0., -2.17147408e+01,
    2.77999992e+01, 0., -2.16590595e+01, 2.78500004e+01, 0.,
    -2.16102200e+01, 2.78999996e+01, 0., -2.15627308e+01, 2.79500008e+01,
    0., -2.15410500e+01, 28., 0., -2.15125294e+01, 2.80499992e+01, 0.,
    -2.14881306e+01, 2.81000004e+01, 0., -2.14739895e+01, 2.81499996e+01,
    0., -2.14610691e+01, 2.82000008e+01, 0., -2.14197502e+01,
    2.82500000e+01, 0., -2.13642006e+01, 2.82999992e+01, 0.,
    -2.13073597e+01, 2.83500004e+01, 0., -2.12490005e+01, 2.83999996e+01,
    0., -2.12429199e+01, 2.84500008e+01, 0., -2.12340107e+01,
    2.85000000e+01, 0., -2.12253304e+01, 2.85499992e+01, 0.,
    -2.12041397e+01, 2.86000004e+01, 0., -2.11848907e+01, 2.86499996e+01,
    0., -2.11841297e+01, 2.87000008e+01, 0., -2.11619091e+01,
    2.87500000e+01, 0., -2.11186295e+01, 2.87999992e+01, 0.,
    -2.10618401e+01, 2.88500004e+01, 0., -2.10132408e+01, 2.88999996e+01,
