%YAML:1.0
---
profile: [ 2.25000000e+01, 0., -2.32402802e+01, 2.25499992e+01, 0.,
    -2.32404404e+01, 2.26000004e+01, 0., -2.32406406e+01, 2.26499996e+01,
    0., -2.32408295e+01, 2.27000008e+01, 0., -2.32409496e+01,
    2.27500000e+01, 0., -2.32457294e+01, 2.27999992e+01, 0.,
    -2.32520103e+01, 2.28500004e+01, 0., -2.32519398e+01, 2.28999996e+01,
    0., -2.32435093e+01, 2.29500008e+01, 0., -2.32291107e+01, 23., 0.,
    -2.32110004e+01, 2.30499992e+01, 0., -2.31964798e+01, 2.31000004e+01,
    0., -2.31928997e+01, 2.31499996e+01, 0., -2.31930504e+01,
    2.32000008e+01, 0., -2.31931305e+01, 2.32500000e+01, 0.,
    -2.32091198e+01, 2.32999992e+01, 0., -2.32313404e+01, 2.33500004e+01,
    0., -2.32351799e+01, 2.33999996e+01, 0., -2.32399101e+01,
    2.34500008e+01, 0., -2.32435894e+01, 2.35000000e+01, 0.,
    -2.32439098e+01, 2.35499992e+01, 0., -2.32360497e+01, 2.36000004e+01,
    0., -2.32070503e+01, 2.36499996e+01, 0., -2.32047405e+01,
    2.37000008e+01, 0., -2.32436199e+01, 2.37500000e+01, 0.,
    -2.32492199e+01, 2.37999992e+01, 0., -2.32446709e+01, 2.38500004e+01,
    0., -2.32418308e+01, 2.38999996e+01, 0., -2.32472191e+01,
    2.39500008e+01, 0., -2.32549591e+01, 24., 0., -2.32497597e+01,
    2.40499992e+01, 0., -2.32421207e+01, 2.41000004e+01, 0.,
    -2.32346802e+01, 2.41499996e+01, 0., -2.32355499e+01, 2.42000008e+01,
    0., -2.32413692e+01, 2.42500000e+01, 0., -2.32400093e+01,
    2.42999992e+01, 0., -2.32385693e+01, 2.43500004e+01, 0.,
    -2.32377701e+01, 2.43999996e+01, 0., -2.32397995e+01, 2.44500008e+01,
    0., -2.32420902e+01, 2.45000000e+01, 0., -2.32420902e+01,
    2.45499992e+01, 0., -2.32416096e+01, 2.46000004e+01, 0.,
    -2.32409706e+01, 2.46499996e+01, 0., -2.32390709e+01, 2.47000008e+01,
    0., -2.32369709e+01, 2.47500000e+01, 0., -2.32354507e+01,
    2.47999992e+01, 0., -2.32339897e+01, 2.48500004e+01, 0.,
    -2.32344398e+01, 2.48999996e+01, 0., -2.32397194e+01, 2.49500008e+01,
    0., -2.32406597e+01, 25., 0., -2.32346191e+01, 2.50499992e+01, 0.,
    -2.32330799e+01, 2.51000004e+01, 0., -2.32303791e+01, 2.51499996e+01,
    0., -2.32196198e+01, 2.52000008e+01, 0., -2.32185192e+01,
    2.52500000e+01, 0., -2.32325993e+01, 2.52999992e+01, 0.,
    -2.32330799e+01, 2.53500004e+01, 0., -2.32308903e+01, 2.53999996e+01,
    0., -2.32344093e+01, 2.54500008e+01, 0., -2.32327499e+01,
    2.55000000e+01, 0., -2.32281895e+01, 2.55499992e+01, 0.,
    -2.32170200e+01, 2.56000004e+01, 0., -2.32099400e+01, 2.56499996e+01,
    0., -2.32214203e+01, 2.57000008e+01, 0., -2.32318401e+01,
    2.57500000e+01, 0., -2.32369003e+01, 2.57999992e+01, 0.,
    -2.32323399e+01, 2.58500004e+01, 0., -2.32284603e+01, 2.58999996e+01,
    0., -2.32276192e+01, 2.59500008e+01, 0., -2.32336197e+01, 26., 0.,
    -2.32381001e+01, 2.60499992e+01, 0., -2.32312202e+01, 2.61000004e+01,
    0., -2.32269306e+01, 2.61499996e+01, 0., -2.32286892e+01,
    2.62000008e+01, 0., -2.32237701e+01, 2.62500000e+01, 0.,
    -2.32197399e+01, 2.62999992e+01, 0., -2.32250195e+01, 2.63500004e+01,
    0., -2.32276802e+01, 2.63999996e+01, 0., -2.32276802e+01,
    2.64500008e+01, 0., -2.32277107e+01, 2.65000000e+01, 0.,
    -2.32288799e+01, 2.65499992e+01, 0., -2.32311993e+01, 2.66000004e+01,
    0., -2.32290897e+01, 2.66499996e+01, 0., -2.32237206e+01,
    2.67000008e+01, 0., -2.32198792e+01, 2.67500000e+01, 0.,
    -2.32162399e+01, 2.67999992e+01, 0., -2.32147198e+01, 2.68500004e+01,
    0., -2.32186108e+01, 2.68999996e+01, 0., -2.32240105e+01,
    2.69500008e+01, 0., -2.32209702e+01, 27., 0., -2.32200203e+01,
    2.70499992e+01, 0., -2.32226601e+01, 2.71000004e+01, 0.,
    -2.32241306e+01, 2.71499996e+01, 0., -2.32242298e+01, 2.72000008e+01,
    0., -2.32215900e+01, 2.72500000e+01, 0., -2.32196903e+01,
    2.72999992e+01, 0., -2.32189293e+01, 2.73500004e+01, 0.,
    -2.32204208e+01, 2.73999996e+01, 0., -2.32205505e+01, 2.74500008e+01,
    0., -2.32182293e+01, 2.75000000e+01, 0., -2.32196598e+01,
    2.75499992e+01, 0., -2.32217999e+01, 2.76000004e+01, 0.,
    -2.32164402e+01, 2.76499996e+01, 0., -2.32136993e+01, 2.77000008e+01,
    0., -2.32163391e+01, 2.77500000e+01, 0., -2.32162800e+01,
    2.77999992e+01, 0., -2.32168694e+01, 2.78500004e+01, 0.,
    -2.32221508e+01, 2.78999996e+01, 0., -2.32242508e+01, 2.79500008e+01,
    0., -2.32235298e+01, 28., 0., -2.32215595e+01, 2.80499992e+01, 0.,
    -2.32198696e+01, 2.81000004e+01, 0., -2.32191505e+01, 2.81499996e+01,
    0., -2.32204895e+01, 2.82000008e+01, 0., -2.32228107e+01,
    2.82500000e+01, 0., -2.32252007e+01, 2.82999992e+01, 0.,
    -2.32257805e+01, 2.83500004e+01, 0., -2.32243004e+01, 2.83999996e+01,
    0., -2.32248592e+01, 2.84500008e+01, 0., -2.32274399e+01,
    2.85000000e+01, 0., -2.32305202e+01, 2.85499992e+01, 0.,
    -2.32438602e+01, 2.86000004e+01, 0., -2.32658195e+01, 2.86499996e+01,
    0., -2.32942505e+01, 2.87000008e+01, 0., -2.32983608e+01,
    2.87500000e+01, 0., -2.32721996e+01, 2.87999992e+01, 0.,
    -2.32650795e+01, 2.88500004e+01, 0., -2.32720909e+01, 2.88999996e+01,
    0., -2.32682896e+01, 2.89500008e+01, 0., -2.32623997e+01, 29., 0.,
    -2.32563210e+01, 2.90499992e+01, 0., -2.32609901e+01, 2.91000004e+01,
    0., -2.32663307e+01, 2.91499996e+01, 0., -2.32628899e+01,
    2.92000008e+01, 0., -2.32565594e+01, 2.92500000e+01, 0.,
    -2.32504807e+01, 2.92999992e+01, 0., -2.31769009e+01, 2.93500004e+01,
    0., -2.31049004e+01, 2.93999996e+01, 0., -2.30602093e+01,
    2.94500008e+01, 0., -2.30487309e+01, 2.95000000e+01, 0.,
    -2.30328102e+01, 2.95499992e+01, 0., -2.30130405e+01, 2.96000004e+01,
    0., -2.29861603e+01, 2.96499996e+01, 0., -2.29475498e+01,
    2.97000008e+01, 0., -2.29106693e+01, 2.97500000e+01, 0.,
    -2.28761501e+01, 2.97999992e+01, 0., -2.28547096e+01, 2.98500004e+01,
    0., -2.28056202e+01, 2.98999996e+01, 0., -2.27619400e+01,
    2.99500008e+01, 0., -2.27563705e+01, 30., 0., -2.27290592e+01,
    3.00499992e+01, 0., -2.26664600e+01, 3.01000004e+01, 0.,
    -2.26053791e+01, 3.01499996e+01, 0., -2.26115799e+01, 3.02000008e+01,
    0., -2.25945797e+01, 3.02500000e+01, 0., -2.25677795e+01,
    3.02999992e+01, 0., -2.25495605e+01, 3.03500004e+01, 0.,
    -2.25271702e+01, 3.03999996e+01, 0., -2.24835300e+01, 3.04500008e+01,
    0., -2.24269409e+01, 3.05000000e+01, 0., -2.23751793e+01,
    3.05499992e+01, 0., -2.23109303e+01, 3.06000004e+01, 0.,
    -2.22612095e+01, 3.06499996e+01, 0., -2.22053299e+01, 3.07000008e+01,
    0., -2.21808491e+01, 3.07500000e+01, 0., -2.21502094e+01,
    3.07999992e+01, 0., -2.21257305e+01, 3.08500004e+01, 0.,
    -2.20767097e+01, 3.08999996e+01, 0., -2.20277100e+01, 3.09500008e+01,
    0., -2.20154495e+01, 31., 0., -2.20154705e+01, 3.10499992e+01, 0.,
    -2.20154705e+01, 3.11000004e+01, 0., -2.19828606e+01, 3.11499996e+01,
    0., -2.19393806e+01, 3.12000008e+01, 0., -2.18992691e+01,
    3.12500000e+01, 0., -2.18748302e+01, 3.12999992e+01, 0.,
    -2.18252392e+01, 3.13500004e+01, 0., -2.17817593e+01, 3.13999996e+01,
    0., -2.17709293e+01, 3.14500008e+01, 0., -2.17587795e+01,
    3.15000000e+01, 0., -2.17344208e+01, 3.15499992e+01, 0.,
    -2.16896591e+01, 3.16000004e+01, 0., -2.16462593e+01, 3.16499996e+01,
    0., -2.16062298e+01, 3.17000008e+01, 0., -2.15818691e+01,
    3.17500000e+01, 0., -2.15324593e+01, 3.17999992e+01, 0.,
    -2.14891396e+01, 3.18500004e+01, 0., -2.14538307e+01, 3.18999996e+01,
    0., -2.14185390e+01, 3.19500008e+01, 0., -2.13752193e+01, 32., 0.,
    -2.13257294e+01, 3.20499992e+01, 0., -2.13013306e+01, 3.20999985e+01,
    0., -2.12707901e+01, 3.21500015e+01, 0., -2.12464294e+01,
    3.22000008e+01, 0., -2.11976604e+01, 3.22500000e+01, 0.,
    -2.11489391e+01, 3.22999992e+01, 0., -2.10933895e+01, 3.23499985e+01,
    0., -2.10500698e+01, 3.24000015e+01, 0., -2.10392303e+01,
    3.24500008e+01, 0., -2.10373192e+01, 3.25000000e+01, 0.,
    -2.10335197e+01, 3.25499992e+01, 0., -2.09849491e+01, 3.25999985e+01,
    0., -2.09227505e+01, 3.26500015e+01, 0., -2.08994999e+01,
    3.27000008e+01, 0., -2.09034691e+01, 3.27500000e+01, 0.,
