%YAML:1.0
---
profile: [ 1.00000001e-01, 0., -9.86211014e+00, 1.50000006e-01, 0.,
    -9.83559990e+00, 2.00000003e-01, 0., -9.80963993e+00, 2.50000000e-01,
    0., -9.77352047e+00, 3.00000012e-01, 0., -9.73307991e+00,
    3.49999994e-01, 0., -9.68439960e+00, 4.00000006e-01, 0.,
    -9.65163994e+00, 4.49999988e-01, 0., -9.60776043e+00, 5.00000000e-01,
    0., -9.56923962e+00, 5.50000012e-01, 0., -9.53034019e+00,
    6.00000024e-01, 0., -9.51037979e+00, 6.49999976e-01, 0.,
    -9.48655987e+00, 6.99999988e-01, 0., -9.46819973e+00, 7.50000000e-01,
    0., -9.44079018e+00, 8.00000012e-01, 0., -9.41658974e+00,
    8.50000024e-01, 0., -9.37456036e+00, 8.99999976e-01, 0.,
    -9.33864021e+00, 9.49999988e-01, 0., -9.30405045e+00, 1., 0.,
    -9.27250957e+00, 1.04999995e+00, 0., -9.24903011e+00, 1.10000002e+00,
    0., -9.21897030e+00, 1.14999998e+00, 0., -9.19421005e+00,
    1.20000005e+00, 0., -9.16374969e+00, 1.25000000e+00, 0.,
    -9.13971043e+00, 1.29999995e+00, 0., -9.11275005e+00, 1.35000002e+00,
    0., -9.09282970e+00, 1.39999998e+00, 0., -9.05245972e+00,
    1.45000005e+00, 0., -9.01109982e+00, 1.50000000e+00, 0.,
    -8.98709965e+00, 1.54999995e+00, 0., -8.95617008e+00, 1.60000002e+00,
    0., -8.92848969e+00, 1.64999998e+00, 0., -8.88858032e+00,
    1.70000005e+00, 0., -8.85033989e+00, 1.75000000e+00, 0.,
    -8.80239964e+00, 1.79999995e+00, 0., -8.76399994e+00, 1.85000002e+00,
    0., -8.71547031e+00, 1.89999998e+00, 0., -8.67603016e+00,
    1.95000005e+00, 0., -8.63292980e+00, 2., 0., -8.60601044e+00,
    2.04999995e+00, 0., -8.57975006e+00, 2.09999990e+00, 0.,
    -8.56270981e+00, 2.15000010e+00, 0., -8.54496956e+00, 2.20000005e+00,
    0., -8.52822018e+00, 2.25000000e+00, 0., -8.51525974e+00,
    2.29999995e+00, 0., -8.48908997e+00, 2.34999990e+00, 0.,
    -8.46288967e+00, 2.40000010e+00, 0., -8.43338966e+00, 2.45000005e+00,
    0., -8.41154957e+00, 2.50000000e+00, 0., -8.37434959e+00,
    2.54999995e+00, 0., -8.33500004e+00, 2.59999990e+00, 0.,
    -8.30451965e+00, 2.65000010e+00, 0., -8.26714993e+00, 2.70000005e+00,
    0., -8.23974991e+00, 2.75000000e+00, 0., -8.20691967e+00,
    2.79999995e+00, 0., -8.18235970e+00, 2.84999990e+00, 0.,
    -8.14630032e+00, 2.90000010e+00, 0., -8.11462021e+00, 2.95000005e+00,
    0., -8.08298016e+00, 3., 0., -8.06198025e+00, 3.04999995e+00, 0.,
    -8.03003025e+00, 3.09999990e+00, 0., -7.99725008e+00, 3.15000010e+00,
    0., -7.97292995e+00, 3.20000005e+00, 0., -7.94138002e+00,
    3.25000000e+00, 0., -7.91266012e+00, 3.29999995e+00, 0.,
    -7.88191986e+00, 3.34999990e+00, 0., -7.86363983e+00, 3.40000010e+00,
    0., -7.84182978e+00, 3.45000005e+00, 0., -7.82495022e+00,
    3.50000000e+00, 0., -7.78838015e+00, 3.54999995e+00, 0.,
    -7.75011015e+00, 3.59999990e+00, 0., -7.72638988e+00, 3.65000010e+00,
    0., -7.69705009e+00, 3.70000005e+00, 0., -7.67461014e+00,
    3.75000000e+00, 0., -7.64583015e+00, 3.79999995e+00, 0.,
    -7.62199020e+00, 3.84999990e+00, 0., -7.57639980e+00, 3.90000010e+00,
    0., -7.53151989e+00, 3.95000005e+00, 0., -7.49699020e+00, 4., 0.,
    -7.48086977e+00, 4.05000019e+00, 0., -7.43507004e+00, 4.09999990e+00,
    0., -7.39331007e+00, 4.15000010e+00, 0., -7.36461020e+00,
    4.19999981e+00, 0., -7.34022999e+00, 4.25000000e+00, 0.,
    -7.31571007e+00, 4.30000019e+00, 0., -7.29023981e+00, 4.34999990e+00,
    0., -7.27619982e+00, 4.40000010e+00, 0., -7.24441004e+00,
    4.44999981e+00, 0., -7.21145010e+00, 4.50000000e+00, 0.,
    -7.17328978e+00, 4.55000019e+00, 0., -7.14341021e+00, 4.59999990e+00,
    0., -7.11826992e+00, 4.65000010e+00, 0., -7.08418989e+00,
    4.69999981e+00, 0., -7.04255009e+00, 4.75000000e+00, 0.,
    -6.99727011e+00, 4.80000019e+00, 0., -6.96930981e+00, 4.84999990e+00,
    0., -6.93499994e+00, 4.90000010e+00, 0., -6.90844011e+00,
    4.94999981e+00, 0., -6.86628008e+00, 5., 0., -6.82783985e+00,
    5.05000019e+00, 0., -6.79492998e+00, 5.09999990e+00, 0.,
    -6.77677011e+00, 5.15000010e+00, 0., -6.75192022e+00, 5.19999981e+00,
    0., -6.72553015e+00, 5.25000000e+00, 0., -6.70116997e+00,
    5.30000019e+00, 0., -6.66858006e+00, 5.34999990e+00, 0.,
    -6.63997984e+00, 5.40000010e+00, 0., -6.59776020e+00, 5.44999981e+00,
    0., -6.56059980e+00, 5.50000000e+00, 0., -6.51739979e+00,
    5.55000019e+00, 0., -6.48468018e+00, 5.59999990e+00, 0.,
    -6.45051003e+00, 5.65000010e+00, 0., -6.42679024e+00, 5.69999981e+00,
    0., -6.39925003e+00, 5.75000000e+00, 0., -6.36893988e+00,
    5.80000019e+00, 0., -6.33430004e+00, 5.84999990e+00, 0.,
    -6.29580021e+00, 5.90000010e+00, 0., -6.27076006e+00, 5.94999981e+00,
    0., -6.24305010e+00, 6., 0., -6.22288990e+00, 6.05000019e+00, 0.,
    -6.20385981e+00, 6.09999990e+00, 0., -6.18248987e+00, 6.15000010e+00,
    0., -6.15281010e+00, 6.19999981e+00, 0., -6.11226988e+00,
    6.25000000e+00, 0., -6.07582998e+00, 6.30000019e+00, 0.,
    -6.02574015e+00, 6.34999990e+00, 0., -5.98025990e+00, 6.40000010e+00,
    0., -5.92944002e+00, 6.44999981e+00, 0., -5.89612007e+00,
    6.50000000e+00, 0., -5.85378981e+00, 6.55000019e+00, 0.,
    -5.81910992e+00, 6.59999990e+00, 0., -5.79304981e+00, 6.65000010e+00,
    0., -5.78144979e+00, 6.69999981e+00, 0., -5.76739979e+00,
    6.75000000e+00, 0., -5.75384998e+00, 6.80000019e+00, 0.,
    -5.74345016e+00, 6.84999990e+00, 0., -5.72726011e+00, 6.90000010e+00,
    0., -5.71269989e+00, 6.94999981e+00, 0., -5.69022989e+00, 7., 0.,
    -5.66059017e+00, 7.05000019e+00, 0., -5.61707020e+00, 7.09999990e+00,
    0., -5.57144022e+00, 7.15000010e+00, 0., -5.54551983e+00,
    7.19999981e+00, 0., -5.51923990e+00, 7.25000000e+00, 0.,
    -5.50564003e+00, 7.30000019e+00, 0., -5.46288013e+00, 7.34999990e+00,
    0., -5.42352009e+00, 7.40000010e+00, 0., -5.38035011e+00,
    7.44999981e+00, 0., -5.34232998e+00, 7.50000000e+00, 0.,
    -5.32356977e+00, 7.55000019e+00, 0., -5.29565001e+00, 7.59999990e+00,
    0., -5.26805019e+00, 7.65000010e+00, 0., -5.23064995e+00,
    7.69999981e+00, 0., -5.19741011e+00, 7.75000000e+00, 0.,
    -5.16517019e+00, 7.80000019e+00, 0., -5.14437008e+00, 7.84999990e+00,
    0., -5.10178995e+00, 7.90000010e+00, 0., -5.06443024e+00,
    7.94999981e+00, 0., -5.04082012e+00, 8., 0., -5.01869011e+00,
    8.05000019e+00, 0., -4.99589014e+00, 8.10000038e+00, 0.,
    -4.97668982e+00, 8.14999962e+00, 0., -4.96633005e+00, 8.19999981e+00,
    0., -4.92865992e+00, 8.25000000e+00, 0., -4.88758993e+00,
    8.30000019e+00, 0., -4.86347008e+00, 8.35000038e+00, 0.,
    -4.83183002e+00, 8.39999962e+00, 0., -4.80487013e+00, 8.44999981e+00,
    0., -4.77018976e+00, 8.50000000e+00, 0., -4.74139023e+00,
    8.55000019e+00, 0., -4.70003986e+00, 8.60000038e+00, 0.,
    -4.66419983e+00, 8.64999962e+00, 0., -4.63110018e+00, 8.69999981e+00,
    0., -4.60025978e+00, 8.75000000e+00, 0., -4.57346010e+00,
    8.80000019e+00, 0., -4.53720999e+00, 8.85000038e+00, 0.,
    -4.49941015e+00, 8.89999962e+00, 0., -4.46240997e+00, 8.94999981e+00,
    0., -4.44525003e+00, 9., 0., -4.41757011e+00, 9.05000019e+00, 0.,
    -4.39216995e+00, 9.10000038e+00, 0., -4.35416985e+00, 9.14999962e+00,
    0., -4.32256985e+00, 9.19999981e+00, 0., -4.29822016e+00,
    9.25000000e+00, 0., -4.26996994e+00, 9.30000019e+00, 0.,
    -4.23824978e+00, 9.35000038e+00, 0., -4.20513010e+00, 9.39999962e+00,
    0., -4.18649006e+00, 9.44999981e+00, 0., -4.15854979e+00,
    9.50000000e+00, 0., -4.12903976e+00, 9.55000019e+00, 0.,
    -4.10440016e+00, 9.60000038e+00, 0., -4.06948996e+00, 9.64999962e+00,
    0., -4.03676987e+00, 9.69999981e+00, 0., -3.99745011e+00,
    9.75000000e+00, 0., -3.96805000e+00, 9.80000019e+00, 0.,
    -3.93945003e+00, 9.85000038e+00, 0., -3.92101002e+00, 9.89999962e+00,
    0., -3.88847995e+00, 9.94999981e+00, 0., -3.85306001e+00, 10., 0.,
    -3.82301998e+00, 1.00500002e+01, 0., -3.79189992e+00, 1.01000004e+01,
    0., -3.77485991e+00, 1.01499996e+01, 0., -3.73088002e+00,
    1.01999998e+01, 0., -3.68364000e+00, 1.02500000e+01, 0.,
    -3.64260006e+00, 1.03000002e+01, 0., -3.61944008e+00, 1.03500004e+01,
