%YAML:1.0
---
profile: [ 1.08000002e+01, 0., -2.32600193e+01, 1.08500004e+01, 0.,
    -2.32600193e+01, 1.08999996e+01, 0., -2.32409706e+01, 1.09499998e+01,
    0., -2.32155704e+01, 11., 0., -2.32091808e+01, 1.10500002e+01, 0.,
    -2.32094002e+01, 1.11000004e+01, 0., -2.32102394e+01, 1.11499996e+01,
    0., -2.32146091e+01, 1.11999998e+01, 0., -2.32181091e+01,
    1.12500000e+01, 0., -2.32111492e+01, 1.13000002e+01, 0.,
    -2.31929398e+01, 1.13500004e+01, 0., -2.31670208e+01, 1.13999996e+01,
    0., -2.31475601e+01, 1.14499998e+01, 0., -2.31475201e+01,
    1.15000000e+01, 0., -2.31694298e+01, 1.15500002e+01, 0.,
    -2.31858692e+01, 1.16000004e+01, 0., -2.31858692e+01, 1.16499996e+01,
    0., -2.31858006e+01, 1.16999998e+01, 0., -2.31874905e+01,
    1.17500000e+01, 0., -2.31942501e+01, 1.18000002e+01, 0.,
    -2.32020206e+01, 1.18500004e+01, 0., -2.32073002e+01, 1.18999996e+01,
    0., -2.32078209e+01, 1.19499998e+01, 0., -2.32068291e+01, 12., 0.,
    -2.32061501e+01, 1.20500002e+01, 0., -2.32058201e+01, 1.21000004e+01,
    0., -2.32058601e+01, 1.21499996e+01, 0., -2.31989098e+01,
    1.21999998e+01, 0., -2.31960793e+01, 1.22500000e+01, 0.,
    -2.32007599e+01, 1.23000002e+01, 0., -2.32071705e+01, 1.23500004e+01,
    0., -2.32112103e+01, 1.23999996e+01, 0., -2.32059307e+01,
    1.24499998e+01, 0., -2.32042103e+01, 1.25000000e+01, 0.,
    -2.32087307e+01, 1.25500002e+01, 0., -2.32053795e+01, 1.26000004e+01,
    0., -2.31976509e+01, 1.26499996e+01, 0., -2.31848907e+01,
    1.26999998e+01, 0., -2.31819096e+01, 1.27500000e+01, 0.,
    -2.31950302e+01, 1.28000002e+01, 0., -2.31871109e+01, 1.28500004e+01,
    0., -2.31777401e+01, 1.28999996e+01, 0., -2.31849403e+01,
    1.29499998e+01, 0., -2.31919994e+01, 13., 0., -2.31965599e+01,
    1.30500002e+01, 0., -2.31749401e+01, 1.31000004e+01, 0.,
    -2.31585903e+01, 1.31499996e+01, 0., -2.31840305e+01, 1.31999998e+01,
    0., -2.31883507e+01, 1.32500000e+01, 0., -2.31771507e+01,
    1.33000002e+01, 0., -2.31798000e+01, 1.33500004e+01, 0.,
    -2.31843300e+01, 1.33999996e+01, 0., -2.31852093e+01, 1.34499998e+01,
    0., -2.31695709e+01, 1.35000000e+01, 0., -2.31481304e+01,
    1.35500002e+01, 0., -2.31613903e+01, 1.36000004e+01, 0.,
    -2.31749592e+01, 1.36499996e+01, 0., -2.31742001e+01, 1.36999998e+01,
    0., -2.31818199e+01, 1.37500000e+01, 0., -2.31896801e+01,
    1.38000002e+01, 0., -2.31897602e+01, 1.38500004e+01, 0.,
    -2.31916103e+01, 1.38999996e+01, 0., -2.31940098e+01, 1.39499998e+01,
    0., -2.31912098e+01, 14., 0., -2.31863995e+01, 1.40500002e+01, 0.,
    -2.31819191e+01, 1.41000004e+01, 0., -2.31817493e+01, 1.41499996e+01,
    0., -2.31853600e+01, 1.41999998e+01, 0., -2.31885605e+01,
    1.42500000e+01, 0., -2.31893005e+01, 1.43000002e+01, 0.,
    -2.31859798e+01, 1.43500004e+01, 0., -2.31853199e+01, 1.43999996e+01,
    0., -2.31837997e+01, 1.44499998e+01, 0., -2.31770802e+01,
    1.45000000e+01, 0., -2.31739101e+01, 1.45500002e+01, 0.,
    -2.31776295e+01, 1.46000004e+01, 0., -2.31826496e+01, 1.46499996e+01,
    0., -2.31863194e+01, 1.46999998e+01, 0., -2.31848392e+01,
    1.47500000e+01, 0., -2.31854401e+01, 1.48000002e+01, 0.,
    -2.31872005e+01, 1.48500004e+01, 0., -2.31861591e+01, 1.48999996e+01,
    0., -2.31859398e+01, 1.49499998e+01, 0., -2.31877003e+01, 15., 0.,
    -2.31861496e+01, 1.50500002e+01, 0., -2.31829300e+01, 1.51000004e+01,
    0., -2.31831303e+01, 1.51499996e+01, 0., -2.31807003e+01,
    1.51999998e+01, 0., -2.31755409e+01, 1.52500000e+01, 0.,
    -2.31750908e+01, 1.53000002e+01, 0., -2.31780605e+01, 1.53500004e+01,
    0., -2.31782608e+01, 1.53999996e+01, 0., -2.31767902e+01,
    1.54499998e+01, 0., -2.31735497e+01, 1.55000000e+01, 0.,
    -2.31752605e+01, 1.55500002e+01, 0., -2.31771908e+01, 1.56000004e+01,
    0., -2.31748295e+01, 1.56499996e+01, 0., -2.31760998e+01,
    1.56999998e+01, 0., -2.31793804e+01, 1.57500000e+01, 0.,
    -2.31822109e+01, 1.58000002e+01, 0., -2.31826706e+01, 1.58500004e+01,
    0., -2.31805897e+01, 1.58999996e+01, 0., -2.31810207e+01,
    1.59499998e+01, 0., -2.31844006e+01, 16., 0., -2.31899605e+01,
    1.60499992e+01, 0., -2.31955891e+01, 1.61000004e+01, 0.,
    -2.31983891e+01, 1.61499996e+01, 0., -2.32008095e+01, 1.62000008e+01,
    0., -2.32032108e+01, 1.62500000e+01, 0., -2.32060108e+01,
    1.62999992e+01, 0., -2.32085991e+01, 1.63500004e+01, 0.,
    -2.32101192e+01, 1.63999996e+01, 0., -2.32107201e+01, 1.64500008e+01,
    0., -2.32098598e+01, 1.65000000e+01, 0., -2.32078991e+01,
    1.65499992e+01, 0., -2.32423801e+01, 1.66000004e+01, 0.,
    -2.32780209e+01, 1.66499996e+01, 0., -2.32781792e+01, 1.67000008e+01,
    0., -2.32639809e+01, 1.67500000e+01, 0., -2.32449398e+01,
    1.67999992e+01, 0., -2.32280102e+01, 1.68500004e+01, 0.,
    -2.32159309e+01, 1.68999996e+01, 0., -2.32161694e+01, 1.69500008e+01,
    0., -2.31867409e+01, 17., 0., -2.31473408e+01, 1.70499992e+01, 0.,
    -2.31161995e+01, 1.71000004e+01, 0., -2.31010399e+01, 1.71499996e+01,
    0., -2.30673504e+01, 1.72000008e+01, 0., -2.30374699e+01,
    1.72500000e+01, 0., -2.30203400e+01, 1.72999992e+01, 0.,
    -2.30074291e+01, 1.73500004e+01, 0., -2.29945507e+01, 1.73999996e+01,
    0., -2.29626102e+01, 1.74500008e+01, 0., -2.29286499e+01,
    1.75000000e+01, 0., -2.29020405e+01, 1.75499992e+01, 0.,
    -2.28892403e+01, 1.76000004e+01, 0., -2.28731403e+01, 1.76499996e+01,
    0., -2.28519993e+01, 1.77000008e+01, 0., -2.28188000e+01,
    1.77500000e+01, 0., -2.27802105e+01, 1.77999992e+01, 0.,
    -2.27589302e+01, 1.78500004e+01, 0., -2.27304001e+01, 1.78999996e+01,
    0., -2.27052803e+01, 1.79500008e+01, 0., -2.26708794e+01, 18., 0.,
    -2.26417599e+01, 1.80499992e+01, 0., -2.26025505e+01, 1.81000004e+01,
    0., -2.25697899e+01, 1.81499996e+01, 0., -2.25349197e+01,
    1.82000008e+01, 0., -2.25033207e+01, 1.82500000e+01, 0.,
    -2.24836006e+01, 1.82999992e+01, 0., -2.24562302e+01, 1.83500004e+01,
    0., -2.24311905e+01, 1.83999996e+01, 0., -2.24002495e+01,
    1.84500008e+01, 0., -2.23759308e+01, 1.85000000e+01, 0.,
    -2.23419609e+01, 1.85499992e+01, 0., -2.23128796e+01, 1.86000004e+01,
    0., -2.22663193e+01, 1.86499996e+01, 0., -2.22236805e+01,
    1.87000008e+01, 0., -2.21846409e+01, 1.87500000e+01, 0.,
    -2.21562805e+01, 1.87999992e+01, 0., -2.21126995e+01, 1.88500004e+01,
    0., -2.20714798e+01, 1.88999996e+01, 0., -2.20526791e+01,
    1.89500008e+01, 0., -2.20278091e+01, 19., 0., -2.20035706e+01,
    1.90499992e+01, 0., -2.19751091e+01, 1.91000004e+01, 0.,
    -2.19546700e+01, 1.91499996e+01, 0., -2.19244499e+01, 1.92000008e+01,
    0., -2.18978500e+01, 1.92500000e+01, 0., -2.18345203e+01,
    1.92999992e+01, 0., -2.17778397e+01, 1.93500004e+01, 0.,
    -2.17660103e+01, 1.93999996e+01, 0., -2.17811298e+01, 1.94500008e+01,
    0., -2.17537708e+01, 1.95000000e+01, 0., -2.17153606e+01,
    1.95499992e+01, 0., -2.16795998e+01, 1.96000004e+01, 0.,
    -2.16340809e+01, 1.96499996e+01, 0., -2.15968399e+01, 1.97000008e+01,
    0., -2.15619507e+01, 1.97500000e+01, 0., -2.15403500e+01,
    1.97999992e+01, 0., -2.15022507e+01, 1.98500004e+01, 0.,
    -2.14658508e+01, 1.98999996e+01, 0., -2.14355202e+01, 1.99500008e+01,
    0., -2.14093304e+01, 20., 0., -2.13896503e+01, 2.00499992e+01, 0.,
    -2.13631191e+01, 2.01000004e+01, 0., -2.13395996e+01, 2.01499996e+01,
    0., -2.12874794e+01, 2.02000008e+01, 0., -2.12186794e+01,
    2.02500000e+01, 0., -2.11671791e+01, 2.02999992e+01, 0.,
    -2.11673794e+01, 2.03500004e+01, 0., -2.11351700e+01, 2.03999996e+01,
    0., -2.10920906e+01, 2.04500008e+01, 0., -2.10772400e+01,
    2.05000000e+01, 0., -2.10799408e+01, 2.05499992e+01, 0.,
    -2.10550594e+01, 2.06000004e+01, 0., -2.10246601e+01, 2.06499996e+01,
    0., -2.10013008e+01, 2.07000008e+01, 0., -2.09737396e+01,
    2.07500000e+01, 0., -2.09526596e+01, 2.07999992e+01, 0.,
    -2.09157295e+01, 2.08500004e+01, 0., -2.08841305e+01, 2.08999996e+01,
    0., -2.08528099e+01, 2.09500008e+01, 0., -2.08239307e+01, 21., 0.,
