%YAML:1.0
---
profile: [ 2.18500004e+01, 0., -2.32383404e+01, 2.18999996e+01, 0.,
    -2.32384605e+01, 2.19500008e+01, 0., -2.32456894e+01, 22., 0.,
    -2.32507401e+01, 2.20499992e+01, 0., -2.32500992e+01, 2.21000004e+01,
    0., -2.32511692e+01, 2.21499996e+01, 0., -2.32460899e+01,
    2.22000008e+01, 0., -2.32182503e+01, 2.22500000e+01, 0.,
    -2.31957703e+01, 2.22999992e+01, 0., -2.32170105e+01, 2.23500004e+01,
    0., -2.32309399e+01, 2.23999996e+01, 0., -2.32361393e+01,
    2.24500008e+01, 0., -2.32393398e+01, 2.25000000e+01, 0.,
    -2.32431507e+01, 2.25499992e+01, 0., -2.32459507e+01, 2.26000004e+01,
    0., -2.32460499e+01, 2.26499996e+01, 0., -2.32410202e+01,
    2.27000008e+01, 0., -2.32235794e+01, 2.27500000e+01, 0.,
    -2.32179699e+01, 2.27999992e+01, 0., -2.32328892e+01, 2.28500004e+01,
    0., -2.32429104e+01, 2.28999996e+01, 0., -2.32476997e+01,
    2.29500008e+01, 0., -2.32477798e+01, 23., 0., -2.32341404e+01,
    2.30499992e+01, 0., -2.32159004e+01, 2.31000004e+01, 0.,
    -2.32246304e+01, 2.31499996e+01, 0., -2.32315693e+01, 2.32000008e+01,
    0., -2.32255306e+01, 2.32500000e+01, 0., -2.32278309e+01,
    2.32999992e+01, 0., -2.32325191e+01, 2.33500004e+01, 0.,
    -2.32226391e+01, 2.33999996e+01, 0., -2.32240505e+01, 2.34500008e+01,
    0., -2.32416496e+01, 2.35000000e+01, 0., -2.32293701e+01,
    2.35499992e+01, 0., -2.32140503e+01, 2.36000004e+01, 0.,
    -2.32195301e+01, 2.36499996e+01, 0., -2.32259197e+01, 2.37000008e+01,
    0., -2.32307205e+01, 2.37500000e+01, 0., -2.32259998e+01,
    2.37999992e+01, 0., -2.32181301e+01, 2.38500004e+01, 0.,
    -2.32104893e+01, 2.38999996e+01, 0., -2.32126007e+01, 2.39500008e+01,
    0., -2.32205200e+01, 24., 0., -2.32271404e+01, 2.40499992e+01, 0.,
    -2.32291298e+01, 2.41000004e+01, 0., -2.32262096e+01, 2.41499996e+01,
    0., -2.32261391e+01, 2.42000008e+01, 0., -2.32268906e+01,
    2.42500000e+01, 0., -2.32223701e+01, 2.42999992e+01, 0.,
    -2.32189903e+01, 2.43500004e+01, 0., -2.32190304e+01, 2.43999996e+01,
    0., -2.32275906e+01, 2.44500008e+01, 0., -2.32349796e+01,
    2.45000000e+01, 0., -2.32306194e+01, 2.45499992e+01, 0.,
    -2.32319107e+01, 2.46000004e+01, 0., -2.32365494e+01, 2.46499996e+01,
    0., -2.32289505e+01, 2.47000008e+01, 0., -2.32227192e+01,
    2.47500000e+01, 0., -2.32234802e+01, 2.47999992e+01, 0.,
    -2.32209797e+01, 2.48500004e+01, 0., -2.32171402e+01, 2.48999996e+01,
    0., -2.32073498e+01, 2.49500008e+01, 0., -2.32019196e+01, 25., 0.,
    -2.32042007e+01, 2.50499992e+01, 0., -2.32066593e+01, 2.51000004e+01,
    0., -2.32101593e+01, 2.51499996e+01, 0., -2.32170792e+01,
    2.52000008e+01, 0., -2.32236309e+01, 2.52500000e+01, 0.,
    -2.32262306e+01, 2.52999992e+01, 0., -2.32261200e+01, 2.53500004e+01,
    0., -2.32262707e+01, 2.53999996e+01, 0., -2.32297897e+01,
    2.54500008e+01, 0., -2.32275295e+01, 2.55000000e+01, 0.,
    -2.32221699e+01, 2.55499992e+01, 0., -2.32226391e+01, 2.56000004e+01,
    0., -2.32228699e+01, 2.56499996e+01, 0., -2.32206306e+01,
    2.57000008e+01, 0., -2.32194996e+01, 2.57500000e+01, 0.,
    -2.32211094e+01, 2.57999992e+01, 0., -2.32273102e+01, 2.58500004e+01,
    0., -2.32346306e+01, 2.58999996e+01, 0., -2.32399502e+01,
    2.59500008e+01, 0., -2.32443600e+01, 26., 0., -2.32474594e+01,
    2.60499992e+01, 0., -2.32474594e+01, 2.61000004e+01, 0.,
    -2.32492199e+01, 2.61499996e+01, 0., -2.32515392e+01, 2.62000008e+01,
    0., -2.32468796e+01, 2.62500000e+01, 0., -2.32414093e+01,
    2.62999992e+01, 0., -2.32384109e+01, 2.63500004e+01, 0.,
    -2.32323093e+01, 2.63999996e+01, 0., -2.32261906e+01, 2.64500008e+01,
    0., -2.32140808e+01, 2.65000000e+01, 0., -2.31988392e+01,
    2.65499992e+01, 0., -2.31842403e+01, 2.66000004e+01, 0.,
    -2.31601505e+01, 2.66499996e+01, 0., -2.31378307e+01, 2.67000008e+01,
    0., -2.30946407e+01, 2.67500000e+01, 0., -2.30570393e+01,
    2.67999992e+01, 0., -2.30168991e+01, 2.68500004e+01, 0.,
    -2.29862194e+01, 2.68999996e+01, 0., -2.29607906e+01, 2.69500008e+01,
    0., -2.29371605e+01, 27., 0., -2.29133606e+01, 2.70499992e+01, 0.,
    -2.28808994e+01, 2.71000004e+01, 0., -2.28517799e+01, 2.71499996e+01,
    0., -2.28112297e+01, 2.72000008e+01, 0., -2.27766705e+01,
    2.72500000e+01, 0., -2.27352409e+01, 2.72999992e+01, 0.,
    -2.27024803e+01, 2.73500004e+01, 0., -2.26498909e+01, 2.73999996e+01,
    0., -2.26055298e+01, 2.74500008e+01, 0., -2.25591202e+01,
    2.75000000e+01, 0., -2.25139008e+01, 2.75499992e+01, 0.,
    -2.24743805e+01, 2.76000004e+01, 0., -2.24236603e+01, 2.76499996e+01,
    0., -2.23791809e+01, 2.77000008e+01, 0., -2.23267403e+01,
    2.77500000e+01, 0., -2.22886200e+01, 2.77999992e+01, 0.,
    -2.22398891e+01, 2.78500004e+01, 0., -2.21997700e+01, 2.78999996e+01,
    0., -2.21581402e+01, 2.79500008e+01, 0., -2.21351795e+01, 28., 0.,
    -2.20932999e+01, 2.80499992e+01, 0., -2.20527802e+01, 2.81000004e+01,
    0., -2.20066109e+01, 2.81499996e+01, 0., -2.19706097e+01,
    2.82000008e+01, 0., -2.19133396e+01, 2.82500000e+01, 0.,
    -2.18651409e+01, 2.82999992e+01, 0., -2.18041592e+01, 2.83500004e+01,
    0., -2.17508698e+01, 2.83999996e+01, 0., -2.17333107e+01,
    2.84500008e+01, 0., -2.17042103e+01, 2.85000000e+01, 0.,
    -2.16723709e+01, 2.85499992e+01, 0., -2.16346703e+01, 2.86000004e+01,
    0., -2.16071892e+01, 2.86499996e+01, 0., -2.15682793e+01,
    2.87000008e+01, 0., -2.15347195e+01, 2.87500000e+01, 0.,
    -2.14823093e+01, 2.87999992e+01, 0., -2.14383106e+01, 2.88500004e+01,
    0., -2.13929596e+01, 2.88999996e+01, 0., -2.13488598e+01,
    2.89500008e+01, 0., -2.13096600e+01, 29., 0., -2.12604904e+01,
    2.90499992e+01, 0., -2.12209301e+01, 2.91000004e+01, 0.,
    -2.11631908e+01, 2.91499996e+01, 0., -2.11071091e+01, 2.92000008e+01,
    0., -2.10410194e+01, 2.92500000e+01, 0., -2.09930592e+01,
    2.92999992e+01, 0., -2.09381809e+01, 2.93500004e+01, 0.,
    -2.09003792e+01, 2.93999996e+01, 0., -2.08602600e+01, 2.94500008e+01,
    0., -2.08367405e+01, 2.95000000e+01, 0., -2.08124905e+01,
    2.95499992e+01, 0., -2.07958508e+01, 2.96000004e+01, 0.,
    -2.07719402e+01, 2.96499996e+01, 0., -2.07411995e+01, 2.97000008e+01,
    0., -2.06972008e+01, 2.97500000e+01, 0., -2.06443405e+01,
    2.97999992e+01, 0., -2.06046200e+01, 2.98500004e+01, 0.,
    -2.05461597e+01, 2.98999996e+01, 0., -2.04889202e+01, 2.99500008e+01,
    0., -2.04259205e+01, 30., 0., -2.03858395e+01, 3.00499992e+01, 0.,
    -2.03400192e+01, 3.01000004e+01, 0., -2.03057404e+01, 3.01499996e+01,
    0., -2.02602005e+01, 3.02000008e+01, 0., -2.02224007e+01,
    3.02500000e+01, 0., -2.01864605e+01, 3.02999992e+01, 0.,
    -2.01500797e+01, 3.03500004e+01, 0., -2.01104794e+01, 3.03999996e+01,
    0., -2.00636292e+01, 3.04500008e+01, 0., -2.00349503e+01,
    3.05000000e+01, 0., -1.99929695e+01, 3.05499992e+01, 0.,
    -1.99521694e+01, 3.06000004e+01, 0., -1.99071407e+01, 3.06499996e+01,
    0., -1.98743000e+01, 3.07000008e+01, 0., -1.98323708e+01,
    3.07500000e+01, 0., -1.97984104e+01, 3.07999992e+01, 0.,
    -1.97514400e+01, 3.08500004e+01, 0., -1.97059498e+01, 3.08999996e+01,
    0., -1.96777897e+01, 3.09500008e+01, 0., -1.96369801e+01, 31., 0.,
    -1.95864601e+01, 3.10499992e+01, 0., -1.95288105e+01, 3.11000004e+01,
    0., -1.94893303e+01, 3.11499996e+01, 0., -1.94344692e+01,
    3.12000008e+01, 0., -1.93840294e+01, 3.12500000e+01, 0.,
    -1.93286495e+01, 3.12999992e+01, 0., -1.92885303e+01, 3.13500004e+01,
    0., -1.92509804e+01, 3.13999996e+01, 0., -1.92276592e+01,
    3.14500008e+01, 0., -1.92029991e+01, 3.15000000e+01, 0.,
    -1.91770401e+01, 3.15499992e+01, 0., -1.91485195e+01, 3.16000004e+01,
    0., -1.91127796e+01, 3.16499996e+01, 0., -1.90842209e+01,
    3.17000008e+01, 0., -1.90419006e+01, 3.17500000e+01, 0.,
    -1.90045395e+01, 3.17999992e+01, 0., -1.89396400e+01, 3.18500004e+01,
    0., -1.88781204e+01, 3.18999996e+01, 0., -1.88226795e+01,
    3.19500008e+01, 0., -1.87826805e+01, 32., 0., -1.87427101e+01,
    3.20499992e+01, 0., -1.87057590e+01, 3.20999985e+01, 0.,
