%YAML:1.0
---
profile: [ 2.11000004e+01, 0., -2.32352695e+01, 2.11499996e+01, 0.,
    -2.32353897e+01, 2.12000008e+01, 0., -2.32415600e+01, 2.12500000e+01,
    0., -2.32497005e+01, 2.12999992e+01, 0., -2.32498608e+01,
    2.13500004e+01, 0., -2.32501297e+01, 2.13999996e+01, 0.,
    -2.32502899e+01, 2.14500008e+01, 0., -2.32485695e+01, 2.15000000e+01,
    0., -2.32468109e+01, 2.15499992e+01, 0., -2.32492905e+01,
    2.16000004e+01, 0., -2.32512493e+01, 2.16499996e+01, 0.,
    -2.32514496e+01, 2.17000008e+01, 0., -2.32493801e+01, 2.17500000e+01,
    0., -2.32399597e+01, 2.17999992e+01, 0., -2.32110004e+01,
    2.18500004e+01, 0., -2.31893101e+01, 2.18999996e+01, 0.,
    -2.31894302e+01, 2.19500008e+01, 0., -2.32061291e+01, 22., 0.,
    -2.32302208e+01, 2.20499992e+01, 0., -2.32381001e+01, 2.21000004e+01,
    0., -2.32461109e+01, 2.21499996e+01, 0., -2.32500000e+01,
    2.22000008e+01, 0., -2.32439594e+01, 2.22500000e+01, 0.,
    -2.32249203e+01, 2.22999992e+01, 0., -2.31959209e+01, 2.23500004e+01,
    0., -2.32104607e+01, 2.23999996e+01, 0., -2.32476807e+01,
    2.24500008e+01, 0., -2.32416801e+01, 2.25000000e+01, 0.,
    -2.32333202e+01, 2.25499992e+01, 0., -2.32257195e+01, 2.26000004e+01,
    0., -2.32293491e+01, 2.26499996e+01, 0., -2.32351208e+01,
    2.27000008e+01, 0., -2.32359600e+01, 2.27500000e+01, 0.,
    -2.32170601e+01, 2.27999992e+01, 0., -2.31912994e+01, 2.28500004e+01,
    0., -2.32122097e+01, 2.28999996e+01, 0., -2.32404194e+01,
    2.29500008e+01, 0., -2.32290993e+01, 23., 0., -2.32281494e+01,
    2.30499992e+01, 0., -2.32343903e+01, 2.31000004e+01, 0.,
    -2.32360706e+01, 2.31499996e+01, 0., -2.32354107e+01, 2.32000008e+01,
    0., -2.32339706e+01, 2.32500000e+01, 0., -2.32326698e+01,
    2.32999992e+01, 0., -2.32320004e+01, 2.33500004e+01, 0.,
    -2.32320805e+01, 2.33999996e+01, 0., -2.32287006e+01, 2.34500008e+01,
    0., -2.32218208e+01, 2.35000000e+01, 0., -2.32133198e+01,
    2.35499992e+01, 0., -2.32079201e+01, 2.36000004e+01, 0.,
    -2.32134800e+01, 2.36499996e+01, 0., -2.32178001e+01, 2.37000008e+01,
    0., -2.32180004e+01, 2.37500000e+01, 0., -2.32297707e+01,
    2.37999992e+01, 0., -2.32378902e+01, 2.38500004e+01, 0.,
    -2.32366104e+01, 2.38999996e+01, 0., -2.32297401e+01, 2.39500008e+01,
    0., -2.32215004e+01, 24., 0., -2.32187805e+01, 2.40499992e+01, 0.,
    -2.32183800e+01, 2.41000004e+01, 0., -2.32185001e+01, 2.41499996e+01,
    0., -2.32226200e+01, 2.42000008e+01, 0., -2.32268906e+01,
    2.42500000e+01, 0., -2.32223701e+01, 2.42999992e+01, 0.,
    -2.32211895e+01, 2.43500004e+01, 0., -2.32256298e+01, 2.43999996e+01,
    0., -2.32267799e+01, 2.44500008e+01, 0., -2.32255096e+01,
    2.45000000e+01, 0., -2.32202702e+01, 2.45499992e+01, 0.,
    -2.32205791e+01, 2.46000004e+01, 0., -2.32244205e+01, 2.46499996e+01,
    0., -2.32297993e+01, 2.47000008e+01, 0., -2.32373104e+01,
    2.47500000e+01, 0., -2.32456703e+01, 2.47999992e+01, 0.,
    -2.32446594e+01, 2.48500004e+01, 0., -2.32365704e+01, 2.48999996e+01,
    0., -2.32319698e+01, 2.49500008e+01, 0., -2.32328300e+01, 25., 0.,
    -2.32415104e+01, 2.50499992e+01, 0., -2.32460194e+01, 2.51000004e+01,
    0., -2.32448597e+01, 2.51499996e+01, 0., -2.32311001e+01,
    2.52000008e+01, 0., -2.32207298e+01, 2.52500000e+01, 0.,
    -2.32207298e+01, 2.52999992e+01, 0., -2.32199593e+01, 2.53500004e+01,
    0., -2.32180901e+01, 2.53999996e+01, 0., -2.32137299e+01,
    2.54500008e+01, 0., -2.32121201e+01, 2.55000000e+01, 0.,
    -2.32129192e+01, 2.55499992e+01, 0., -2.32166901e+01, 2.56000004e+01,
    0., -2.32198009e+01, 2.56499996e+01, 0., -2.32206001e+01,
    2.57000008e+01, 0., -2.32223701e+01, 2.57500000e+01, 0.,
    -2.32239895e+01, 2.57999992e+01, 0., -2.32232704e+01, 2.58500004e+01,
    0., -2.32240601e+01, 2.58999996e+01, 0., -2.32267399e+01,
    2.59500008e+01, 0., -2.32228508e+01, 26., 0., -2.32188606e+01,
    2.60499992e+01, 0., -2.32211800e+01, 2.61000004e+01, 0.,
    -2.32229691e+01, 2.61499996e+01, 0., -2.32229691e+01, 2.62000008e+01,
    0., -2.32199306e+01, 2.62500000e+01, 0., -2.32177601e+01,
    2.62999992e+01, 0., -2.32212791e+01, 2.63500004e+01, 0.,
    -2.32259598e+01, 2.63999996e+01, 0., -2.32297993e+01, 2.64500008e+01,
    0., -2.32264004e+01, 2.65000000e+01, 0., -2.32211800e+01,
    2.65499992e+01, 0., -2.32173805e+01, 2.66000004e+01, 0.,
    -2.32154293e+01, 2.66499996e+01, 0., -2.32154598e+01, 2.67000008e+01,
    0., -2.32154598e+01, 2.67500000e+01, 0., -2.32154903e+01,
    2.67999992e+01, 0., -2.32154903e+01, 2.68500004e+01, 0.,
    -2.32155304e+01, 2.68999996e+01, 0., -2.32166805e+01, 2.69500008e+01,
    0., -2.32210808e+01, 27., 0., -2.32233200e+01, 2.70499992e+01, 0.,
    -2.32233200e+01, 2.71000004e+01, 0., -2.32248993e+01, 2.71499996e+01,
    0., -2.32275295e+01, 2.72000008e+01, 0., -2.32319298e+01,
    2.72500000e+01, 0., -2.32374401e+01, 2.72999992e+01, 0.,
    -2.32425709e+01, 2.73500004e+01, 0., -2.32455292e+01, 2.73999996e+01,
    0., -2.32495098e+01, 2.74500008e+01, 0., -2.32529907e+01,
    2.75000000e+01, 0., -2.32538605e+01, 2.75499992e+01, 0.,
    -2.32527409e+01, 2.76000004e+01, 0., -2.32483406e+01, 2.76499996e+01,
    0., -2.32363892e+01, 2.77000008e+01, 0., -2.32233906e+01,
    2.77500000e+01, 0., -2.32031593e+01, 2.77999992e+01, 0.,
    -2.31823807e+01, 2.78500004e+01, 0., -2.31670208e+01, 2.78999996e+01,
    0., -2.31423702e+01, 2.79500008e+01, 0., -2.31162109e+01, 28., 0.,
    -2.30991001e+01, 2.80499992e+01, 0., -2.30937405e+01, 2.81000004e+01,
    0., -2.30762501e+01, 2.81499996e+01, 0., -2.30518208e+01,
    2.82000008e+01, 0., -2.30187798e+01, 2.82500000e+01, 0.,
    -2.29824791e+01, 2.82999992e+01, 0., -2.29594402e+01, 2.83500004e+01,
    0., -2.29456005e+01, 2.83999996e+01, 0., -2.29425602e+01,
    2.84500008e+01, 0., -2.28994598e+01, 2.85000000e+01, 0.,
    -2.28571396e+01, 2.85499992e+01, 0., -2.28465309e+01, 2.86000004e+01,
    0., -2.28457699e+01, 2.86499996e+01, 0., -2.28442497e+01,
    2.87000008e+01, 0., -2.28061104e+01, 2.87500000e+01, 0.,
    -2.27562695e+01, 2.87999992e+01, 0., -2.26725006e+01, 2.88500004e+01,
    0., -2.25940609e+01, 2.88999996e+01, 0., -2.25543003e+01,
    2.89500008e+01, 0., -2.25536194e+01, 29., 0., -2.25527000e+01,
    2.90499992e+01, 0., -2.25305004e+01, 2.91000004e+01, 0.,
    -2.24446602e+01, 2.91499996e+01, 0., -2.23586292e+01, 2.92000008e+01,
    0., -2.23579502e+01, 2.92500000e+01, 0., -2.23570194e+01,
    2.92999992e+01, 0., -2.23563004e+01, 2.93500004e+01, 0.,
    -2.23415394e+01, 2.93999996e+01, 0., -2.23113995e+01, 2.94500008e+01,
    0., -2.22678795e+01, 2.95000000e+01, 0., -2.22129002e+01,
    2.95499992e+01, 0., -2.21673393e+01, 2.96000004e+01, 0.,
    -2.21020298e+01, 2.96499996e+01, 0., -2.20231495e+01, 2.97000008e+01,
    0., -2.19442692e+01, 2.97500000e+01, 0., -2.19481392e+01,
    2.97999992e+01, 0., -2.19513893e+01, 2.98500004e+01, 0.,
    -2.19224300e+01, 2.98999996e+01, 0., -2.18815708e+01, 2.99500008e+01,
    0., -2.18464909e+01, 30., 0., -2.18530197e+01, 3.00499992e+01, 0.,
    -2.18580399e+01, 3.01000004e+01, 0., -2.18168392e+01, 3.01499996e+01,
    0., -2.17713909e+01, 3.02000008e+01, 0., -2.17423897e+01,
    3.02500000e+01, 0., -2.16998901e+01, 3.02999992e+01, 0.,
    -2.16625710e+01, 3.03500004e+01, 0., -2.16181507e+01, 3.03999996e+01,
    0., -2.15838299e+01, 3.04500008e+01, 0., -2.15584602e+01,
    3.05000000e+01, 0., -2.15321198e+01, 3.05499992e+01, 0.,
    -2.14939594e+01, 3.06000004e+01, 0., -2.14514503e+01, 3.06499996e+01,
    0., -2.14236908e+01, 3.07000008e+01, 0., -2.13818398e+01,
    3.07500000e+01, 0., -2.13399200e+01, 3.07999992e+01, 0.,
    -2.12900105e+01, 3.08500004e+01, 0., -2.12514095e+01, 3.08999996e+01,
    0., -2.12012196e+01, 3.09500008e+01, 0., -2.11601009e+01, 31., 0.,
    -2.11147804e+01, 3.10499992e+01, 0., -2.10807304e+01, 3.11000004e+01,
    0., -2.10845299e+01, 3.11499996e+01, 0., -2.10657406e+01,
    3.12000008e+01, 0., -2.10224609e+01, 3.12500000e+01, 0.,
    -2.09565105e+01, 3.12999992e+01, 0., -2.08896294e+01, 3.13500004e+01,
