%YAML:1.0
---
profile: [ 6.09999990e+00, 0., -2.31793804e+01, 6.15000010e+00, 0.,
    -2.31816101e+01, 6.19999981e+00, 0., -2.31896896e+01, 6.25000000e+00,
    0., -2.31938591e+01, 6.30000019e+00, 0., -2.31940193e+01,
    6.34999990e+00, 0., -2.31942692e+01, 6.40000010e+00, 0.,
    -2.31933308e+01, 6.44999981e+00, 0., -2.31912098e+01, 6.50000000e+00,
    0., -2.31684704e+01, 6.55000019e+00, 0., -2.31396294e+01,
    6.59999990e+00, 0., -2.31613293e+01, 6.65000010e+00, 0.,
    -2.31835804e+01, 6.69999981e+00, 0., -2.31845798e+01, 6.75000000e+00,
    0., -2.31895905e+01, 6.80000019e+00, 0., -2.31928005e+01,
    6.84999990e+00, 0., -2.31867599e+01, 6.90000010e+00, 0.,
    -2.31818008e+01, 6.94999981e+00, 0., -2.31810398e+01, 7., 0.,
    -2.31871300e+01, 7.05000019e+00, 0., -2.31858101e+01, 7.09999990e+00,
    0., -2.31738091e+01, 7.15000010e+00, 0., -2.31723709e+01,
    7.19999981e+00, 0., -2.31783695e+01, 7.25000000e+00, 0.,
    -2.31861591e+01, 7.30000019e+00, 0., -2.31897697e+01, 7.34999990e+00,
    0., -2.31875706e+01, 7.40000010e+00, 0., -2.31821404e+01,
    7.44999981e+00, 0., -2.31788502e+01, 7.50000000e+00, 0.,
    -2.31887302e+01, 7.55000019e+00, 0., -2.31922398e+01, 7.59999990e+00,
    0., -2.31844406e+01, 7.65000010e+00, 0., -2.31789608e+01,
    7.69999981e+00, 0., -2.31737404e+01, 7.75000000e+00, 0.,
    -2.31669407e+01, 7.80000019e+00, 0., -2.31618900e+01, 7.84999990e+00,
    0., -2.31620102e+01, 7.90000010e+00, 0., -2.31622009e+01,
    7.94999981e+00, 0., -2.31664791e+01, 8., 0., -2.31831207e+01,
    8.05000019e+00, 0., -2.31755695e+01, 8.10000038e+00, 0.,
    -2.31544094e+01, 8.14999962e+00, 0., -2.31693001e+01, 8.19999981e+00,
    0., -2.31811790e+01, 8.25000000e+00, 0., -2.31746998e+01,
    8.30000019e+00, 0., -2.31709309e+01, 8.35000038e+00, 0.,
    -2.31701202e+01, 8.39999962e+00, 0., -2.31695595e+01, 8.44999981e+00,
    0., -2.31705608e+01, 8.50000000e+00, 0., -2.31734409e+01,
    8.55000019e+00, 0., -2.31720791e+01, 8.60000038e+00, 0.,
    -2.31708298e+01, 8.64999962e+00, 0., -2.31741505e+01, 8.69999981e+00,
    0., -2.31702194e+01, 8.75000000e+00, 0., -2.31573792e+01,
    8.80000019e+00, 0., -2.31584091e+01, 8.85000038e+00, 0.,
    -2.31681805e+01, 8.89999962e+00, 0., -2.31675797e+01, 8.94999981e+00,
    0., -2.31673794e+01, 9., 0., -2.31675797e+01, 9.05000019e+00, 0.,
    -2.31678791e+01, 9.10000038e+00, 0., -2.31724205e+01, 9.14999962e+00,
    0., -2.31810608e+01, 9.19999981e+00, 0., -2.31802807e+01,
    9.25000000e+00, 0., -2.31752396e+01, 9.30000019e+00, 0.,
    -2.31821594e+01, 9.35000038e+00, 0., -2.31832104e+01, 9.39999962e+00,
    0., -2.31749306e+01, 9.44999981e+00, 0., -2.31700001e+01,
    9.50000000e+00, 0., -2.31679707e+01, 9.55000019e+00, 0.,
    -2.31712093e+01, 9.60000038e+00, 0., -2.31697807e+01, 9.64999962e+00,
    0., -2.31620598e+01, 9.69999981e+00, 0., -2.31633301e+01,
    9.75000000e+00, 0., -2.31665802e+01, 9.80000019e+00, 0.,
    -2.31667004e+01, 9.85000038e+00, 0., -2.31686192e+01, 9.89999962e+00,
    0., -2.31710205e+01, 9.94999981e+00, 0., -2.31717491e+01, 10., 0.,
    -2.31719398e+01, 1.00500002e+01, 0., -2.31720200e+01, 1.01000004e+01,
    0., -2.31728401e+01, 1.01499996e+01, 0., -2.31729107e+01,
    1.01999998e+01, 0., -2.31691895e+01, 1.02500000e+01, 0.,
    -2.31678104e+01, 1.03000002e+01, 0., -2.31705704e+01, 1.03500004e+01,
    0., -2.31683006e+01, 1.03999996e+01, 0., -2.31662807e+01,
    1.04499998e+01, 0., -2.31699200e+01, 1.05000000e+01, 0.,
    -2.31735706e+01, 1.05500002e+01, 0., -2.31759701e+01, 1.06000004e+01,
    0., -2.31793499e+01, 1.06499996e+01, 0., -2.31826401e+01,
    1.06999998e+01, 0., -2.31849995e+01, 1.07500000e+01, 0.,
    -2.31900597e+01, 1.08000002e+01, 0., -2.31948509e+01, 1.08500004e+01,
    0., -2.31933708e+01, 1.08999996e+01, 0., -2.31892204e+01,
    1.09499998e+01, 0., -2.31832600e+01, 11., 0., -2.31736298e+01,
    1.10500002e+01, 0., -2.31624908e+01, 1.11000004e+01, 0.,
    -2.31532497e+01, 1.11499996e+01, 0., -2.31362591e+01, 1.11999998e+01,
    0., -2.31162205e+01, 1.12500000e+01, 0., -2.30851097e+01,
    1.13000002e+01, 0., -2.30570297e+01, 1.13500004e+01, 0.,
    -2.30325508e+01, 1.13999996e+01, 0., -2.30186691e+01, 1.14499998e+01,
    0., -2.30029793e+01, 1.15000000e+01, 0., -2.29830608e+01,
    1.15500002e+01, 0., -2.29522591e+01, 1.16000004e+01, 0.,
    -2.29248600e+01, 1.16499996e+01, 0., -2.29163799e+01, 1.16999998e+01,
    0., -2.28941803e+01, 1.17500000e+01, 0., -2.28702602e+01,
    1.18000002e+01, 0., -2.28354206e+01, 1.18500004e+01, 0.,
    -2.28049393e+01, 1.18999996e+01, 0., -2.27811794e+01, 1.19499998e+01,
    0., -2.27569008e+01, 12., 0., -2.27241802e+01, 1.20500002e+01, 0.,
    -2.26813793e+01, 1.21000004e+01, 0., -2.26411800e+01, 1.21499996e+01,
    0., -2.25937099e+01, 1.21999998e+01, 0., -2.25648708e+01,
    1.22500000e+01, 0., -2.25316105e+01, 1.23000002e+01, 0.,
    -2.25084896e+01, 1.23500004e+01, 0., -2.24784794e+01, 1.23999996e+01,
    0., -2.24532394e+01, 1.24499998e+01, 0., -2.24152508e+01,
    1.25000000e+01, 0., -2.23814507e+01, 1.25500002e+01, 0.,
    -2.23398609e+01, 1.26000004e+01, 0., -2.23069801e+01, 1.26499996e+01,
    0., -2.22591991e+01, 1.26999998e+01, 0., -2.22196407e+01,
    1.27500000e+01, 0., -2.21694202e+01, 1.28000002e+01, 0.,
    -2.21289406e+01, 1.28500004e+01, 0., -2.20930901e+01, 1.28999996e+01,
    0., -2.20673695e+01, 1.29499998e+01, 0., -2.20344296e+01, 13., 0.,
    -2.20024204e+01, 1.30500002e+01, 0., -2.19803791e+01, 1.31000004e+01,
    0., -2.19577694e+01, 1.31499996e+01, 0., -2.19456902e+01,
    1.31999998e+01, 0., -2.19192696e+01, 1.32500000e+01, 0.,
    -2.18921909e+01, 1.33000002e+01, 0., -2.18508091e+01, 1.33500004e+01,
    0., -2.18136902e+01, 1.33999996e+01, 0., -2.17717495e+01,
    1.34499998e+01, 0., -2.17405891e+01, 1.35000000e+01, 0.,
    -2.17097797e+01, 1.35500002e+01, 0., -2.16868191e+01, 1.36000004e+01,
    0., -2.16416206e+01, 1.36499996e+01, 0., -2.15974407e+01,
    1.36999998e+01, 0., -2.15784798e+01, 1.37500000e+01, 0.,
    -2.15574398e+01, 1.38000002e+01, 0., -2.15438404e+01, 1.38500004e+01,
    0., -2.15227203e+01, 1.38999996e+01, 0., -2.15037193e+01,
    1.39499998e+01, 0., -2.14726009e+01, 14., 0., -2.14462395e+01,
    1.40500002e+01, 0., -2.14138203e+01, 1.41000004e+01, 0.,
    -2.13823204e+01, 1.41499996e+01, 0., -2.13593597e+01, 1.41999998e+01,
    0., -2.13294792e+01, 1.42500000e+01, 0., -2.13021202e+01,
    1.43000002e+01, 0., -2.12644100e+01, 1.43500004e+01, 0.,
    -2.12300892e+01, 1.43999996e+01, 0., -2.11868496e+01, 1.44499998e+01,
    0., -2.11519699e+01, 1.45000000e+01, 0., -2.11174507e+01,
    1.45500002e+01, 0., -2.10947704e+01, 1.46000004e+01, 0.,
    -2.10548191e+01, 1.46499996e+01, 0., -2.10205803e+01, 1.46999998e+01,
    0., -2.09757004e+01, 1.47500000e+01, 0., -2.09393806e+01,
    1.48000002e+01, 0., -2.08986797e+01, 1.48500004e+01, 0.,
    -2.08671207e+01, 1.48999996e+01, 0., -2.08184605e+01, 1.49499998e+01,
    0., -2.07708206e+01, 15., 0., -2.07433395e+01, 1.50500002e+01, 0.,
    -2.07081203e+01, 1.51000004e+01, 0., -2.06772804e+01, 1.51499996e+01,
    0., -2.06443291e+01, 1.51999998e+01, 0., -2.06248093e+01,
    1.52500000e+01, 0., -2.05949593e+01, 1.53000002e+01, 0.,
    -2.05681992e+01, 1.53500004e+01, 0., -2.05270805e+01, 1.53999996e+01,
    0., -2.04902000e+01, 1.54499998e+01, 0., -2.04502296e+01,
    1.55000000e+01, 0., -2.04215908e+01, 1.55500002e+01, 0.,
    -2.03805294e+01, 1.56000004e+01, 0., -2.03378906e+01, 1.56499996e+01,
    0., -2.03030891e+01, 1.56999998e+01, 0., -2.02643299e+01,
    1.57500000e+01, 0., -2.02486496e+01, 1.58000002e+01, 0.,
    -2.02245293e+01, 1.58500004e+01, 0., -2.01998100e+01, 1.58999996e+01,
    0., -2.01779499e+01, 1.59499998e+01, 0., -2.01653500e+01, 16., 0.,
    -2.01341000e+01, 1.60499992e+01, 0., -2.01060600e+01, 1.61000004e+01,
    0., -2.00759296e+01, 1.61499996e+01, 0., -2.00465698e+01,
    1.62000008e+01, 0., -2.00218506e+01, 1.62500000e+01, 0.,
    -1.99909592e+01, 1.62999992e+01, 0., -1.99662800e+01, 1.63500004e+01,
