%YAML:1.0
---
profile: [ 4.35000000e+01, 0., -2.32640800e+01, 4.35499992e+01, 0.,
    -2.32641602e+01, 4.35999985e+01, 0., -2.32712097e+01, 4.36500015e+01,
    0., -2.32775803e+01, 4.37000008e+01, 0., -2.32750607e+01,
    4.37500000e+01, 0., -2.32738209e+01, 4.37999992e+01, 0.,
    -2.32738991e+01, 4.38499985e+01, 0., -2.32447605e+01, 4.39000015e+01,
    0., -2.32210999e+01, 4.39500008e+01, 0., -2.32432194e+01, 44., 0.,
    -2.32597008e+01, 4.40499992e+01, 0., -2.32682590e+01, 4.40999985e+01,
    0., -2.32737808e+01, 4.41500015e+01, 0., -2.32780094e+01,
    4.42000008e+01, 0., -2.32781696e+01, 4.42500000e+01, 0.,
    -2.32776108e+01, 4.42999992e+01, 0., -2.32770195e+01, 4.43499985e+01,
    0., -2.32771797e+01, 4.44000015e+01, 0., -2.32769604e+01,
    4.44500008e+01, 0., -2.32762794e+01, 4.45000000e+01, 0.,
    -2.32762794e+01, 4.45499992e+01, 0., -2.32760105e+01, 4.45999985e+01,
    0., -2.32744503e+01, 4.46500015e+01, 0., -2.32650604e+01,
    4.47000008e+01, 0., -2.32536602e+01, 4.47500000e+01, 0.,
    -2.32650108e+01, 4.47999992e+01, 0., -2.32726097e+01, 4.48499985e+01,
    0., -2.32665691e+01, 4.49000015e+01, 0., -2.32681904e+01,
    4.49500008e+01, 0., -2.32742596e+01, 45., 0., -2.32735806e+01,
    4.50499992e+01, 0., -2.32700100e+01, 4.50999985e+01, 0.,
    -2.32639694e+01, 4.51500015e+01, 0., -2.32550201e+01, 4.52000008e+01,
    0., -2.32453995e+01, 4.52500000e+01, 0., -2.32385197e+01,
    4.52999992e+01, 0., -2.32408600e+01, 4.53499985e+01, 0.,
    -2.32558193e+01, 4.54000015e+01, 0., -2.32580395e+01, 4.54500008e+01,
    0., -2.32566891e+01, 4.55000000e+01, 0., -2.32575302e+01,
    4.55499992e+01, 0., -2.32614403e+01, 4.55999985e+01, 0.,
    -2.32660007e+01, 4.56500015e+01, 0., -2.32609806e+01, 4.57000008e+01,
    0., -2.32586594e+01, 4.57500000e+01, 0., -2.32632999e+01,
    4.57999992e+01, 0., -2.32603703e+01, 4.58499985e+01, 0.,
    -2.32519798e+01, 4.59000015e+01, 0., -2.32466202e+01, 4.59500008e+01,
    0., -2.32474308e+01, 46., 0., -2.32571507e+01, 4.60499992e+01, 0.,
    -2.32596207e+01, 4.60999985e+01, 0., -2.32604294e+01, 4.61500015e+01,
    0., -2.32635498e+01, 4.62000008e+01, 0., -2.32614708e+01,
    4.62500000e+01, 0., -2.32526302e+01, 4.62999992e+01, 0.,
    -2.32542896e+01, 4.63499985e+01, 0., -2.32579098e+01, 4.64000015e+01,
    0., -2.32570305e+01, 4.64500008e+01, 0., -2.32536297e+01,
    4.65000000e+01, 0., -2.32497501e+01, 4.65499992e+01, 0.,
    -2.32566509e+01, 4.65999985e+01, 0., -2.32567291e+01, 4.66500015e+01,
    0., -2.32451305e+01, 4.67000008e+01, 0., -2.32419605e+01,
    4.67500000e+01, 0., -2.32454395e+01, 4.67999992e+01, 0.,
    -2.32454395e+01, 4.68499985e+01, 0., -2.32498894e+01, 4.69000015e+01,
    0., -2.32586899e+01, 4.69500008e+01, 0., -2.32563305e+01, 47., 0.,
    -2.32515202e+01, 4.70499992e+01, 0., -2.32507992e+01, 4.70999985e+01,
    0., -2.32502899e+01, 4.71500015e+01, 0., -2.32502899e+01,
    4.72000008e+01, 0., -2.32511196e+01, 4.72500000e+01, 0.,
    -2.32505703e+01, 4.72999992e+01, 0., -2.32453308e+01, 4.73499985e+01,
    0., -2.32478809e+01, 4.74000015e+01, 0., -2.32548409e+01,
    4.74500008e+01, 0., -2.32443008e+01, 4.75000000e+01, 0.,
    -2.32331409e+01, 4.75499992e+01, 0., -2.32293396e+01, 4.75999985e+01,
    0., -2.32274704e+01, 4.76500015e+01, 0., -2.32274704e+01,
    4.77000008e+01, 0., -2.32398300e+01, 4.77500000e+01, 0.,
    -2.32504692e+01, 4.77999992e+01, 0., -2.32531109e+01, 4.78499985e+01,
    0., -2.32561207e+01, 4.79000015e+01, 0., -2.32581806e+01,
    4.79500008e+01, 0., -2.32572994e+01, 48., 0., -2.32556992e+01,
    4.80499992e+01, 0., -2.32541809e+01, 4.80999985e+01, 0.,
    -2.32514801e+01, 4.81500015e+01, 0., -2.32478504e+01, 4.82000008e+01,
    0., -2.32426109e+01, 4.82500000e+01, 0., -2.32371101e+01,
    4.82999992e+01, 0., -2.32333107e+01, 4.83499985e+01, 0.,
    -2.32323799e+01, 4.84000015e+01, 0., -2.32343407e+01, 4.84500008e+01,
    0., -2.32382202e+01, 4.85000000e+01, 0., -2.32421703e+01,
    4.85499992e+01, 0., -2.32458191e+01, 4.85999985e+01, 0.,
    -2.32497005e+01, 4.86500015e+01, 0., -2.32526608e+01, 4.87000008e+01,
    0., -2.32526608e+01, 4.87500000e+01, 0., -2.32480602e+01,
    4.87999992e+01, 0., -2.32432499e+01, 4.88499985e+01, 0.,
    -2.32424107e+01, 4.89000015e+01, 0., -2.32420197e+01, 4.89500008e+01,
    0., -2.32420197e+01, 49., 0., -2.32382202e+01, 4.90499992e+01, 0.,
    -2.32350502e+01, 4.90999985e+01, 0., -2.32377300e+01, 4.91500015e+01,
    0., -2.32402706e+01, 4.92000008e+01, 0., -2.32418308e+01,
    4.92500000e+01, 0., -2.32422791e+01, 4.92999992e+01, 0.,
    -2.32423191e+01, 4.93499985e+01, 0., -2.32423191e+01, 4.94000015e+01,
    0., -2.32410297e+01, 4.94500008e+01, 0., -2.32400799e+01,
    4.95000000e+01, 0., -2.32431202e+01, 4.95499992e+01, 0.,
    -2.32462807e+01, 4.95999985e+01, 0., -2.32479591e+01, 4.96500015e+01,
    0., -2.32475395e+01, 4.97000008e+01, 0., -2.32518005e+01,
    4.97500000e+01, 0., -2.32719593e+01, 4.97999992e+01, 0.,
    -2.32842693e+01, 4.98499985e+01, 0., -2.32872295e+01, 4.99000015e+01,
    0., -2.32904892e+01, 4.99500008e+01, 0., -2.32915802e+01, 50., 0.,
    -2.32899799e+01, 5.00499992e+01, 0., -2.33016605e+01, 5.00999985e+01,
    0., -2.33171806e+01, 5.01500015e+01, 0., -2.33125401e+01,
    5.02000008e+01, 0., -2.33020191e+01, 5.02500000e+01, 0.,
    -2.32879391e+01, 5.02999992e+01, 0., -2.32751598e+01, 5.03499985e+01,
    0., -2.32651405e+01, 5.04000015e+01, 0., -2.32620201e+01,
    5.04500008e+01, 0., -2.32583294e+01, 5.05000000e+01, 0.,
    -2.32556896e+01, 5.05499992e+01, 0., -2.32550106e+01, 5.05999985e+01,
    0., -2.32499695e+01, 5.06500015e+01, 0., -2.32299309e+01,
    5.07000008e+01, 0., -2.32303009e+01, 5.07500000e+01, 0.,
    -2.32611809e+01, 5.07999992e+01, 0., -2.32164192e+01, 5.08499985e+01,
    0., -2.31659298e+01, 5.09000015e+01, 0., -2.31738091e+01,
    5.09500008e+01, 0., -2.32167797e+01, 51., 0., -2.32487793e+01,
    5.10499992e+01, 0., -2.31686192e+01, 5.10999985e+01, 0.,
    -2.30766296e+01, 5.11500015e+01, 0., -2.30296307e+01, 5.12000008e+01,
    0., -2.29712505e+01, 5.12500000e+01, 0., -2.29251308e+01,
    5.12999992e+01, 0., -2.29020195e+01, 5.13499985e+01, 0.,
    -2.29020195e+01, 5.14000015e+01, 0., -2.29020309e+01, 5.14500008e+01,
    0., -2.28854904e+01, 5.15000000e+01, 0., -2.28193302e+01,
    5.15499992e+01, 0., -2.27450600e+01, 5.15999985e+01, 0.,
    -2.26958599e+01, 5.16500015e+01, 0., -2.26343594e+01, 5.17000008e+01,
    0., -2.25851593e+01, 5.17500000e+01, 0., -2.25168800e+01,
    5.17999992e+01, 0., -2.24609203e+01, 5.18499985e+01, 0.,
    -2.24363194e+01, 5.19000015e+01, 0., -2.24284000e+01, 5.19500008e+01,
    0., -2.24284000e+01, 52., 0., -2.23811703e+01, 5.20499992e+01, 0.,
    -2.23182907e+01, 5.20999985e+01, 0., -2.22391605e+01, 5.21500015e+01,
    0., -2.21758003e+01, 5.22000008e+01, 0., -2.21407394e+01,
    5.22500000e+01, 0., -2.21131496e+01, 5.22999992e+01, 0.,
    -2.20794296e+01, 5.23499985e+01, 0., -2.20541401e+01, 5.24000015e+01,
    0., -2.20541401e+01, 5.24500008e+01, 0., -2.21259804e+01,
    5.25000000e+01, 0., -2.21480503e+01, 5.25499992e+01, 0.,
    -2.20844898e+01, 5.25999985e+01, 0., -2.20050697e+01, 5.26500015e+01,
    0., -2.19415894e+01, 5.27000008e+01, 0., -2.18920708e+01,
    5.27500000e+01, 0., -2.18519001e+01, 5.27999992e+01, 0.,
    -2.18259392e+01, 5.28499985e+01, 0., -2.18148899e+01, 5.29000015e+01,
    0., -2.18316898e+01, 5.29500008e+01, 0., -2.18184891e+01, 53., 0.,
    -2.17735596e+01, 5.30499992e+01, 0., -2.17090797e+01, 5.30999985e+01,
    0., -2.16445808e+01, 5.31500015e+01, 0., -2.16445808e+01,
    5.32000008e+01, 0., -2.15901604e+01, 5.32500000e+01, 0.,
    -2.15175991e+01, 5.32999992e+01, 0., -2.14704704e+01, 5.33499985e+01,
    0., -2.14560299e+01, 5.34000015e+01, 0., -2.14768105e+01,
    5.34500008e+01, 0., -2.14612198e+01, 5.35000000e+01, 0.,
    -2.13933792e+01, 5.35499992e+01, 0., -2.13372002e+01, 5.35999985e+01,
    0., -2.13075199e+01, 5.36500015e+01, 0., -2.13001499e+01,
    5.37000008e+01, 0., -2.13001595e+01, 5.37500000e+01, 0.,
