%YAML:1.0
---
profile: [ 3.72000008e+01, 0., -2.33123703e+01, 3.72500000e+01, 0.,
    -2.33123703e+01, 3.72999992e+01, 0., -2.32869701e+01, 3.73499985e+01,
    0., -2.32616100e+01, 3.74000015e+01, 0., -2.32616100e+01,
    3.74500008e+01, 0., -2.32620697e+01, 3.75000000e+01, 0.,
    -2.32629910e+01, 3.75499992e+01, 0., -2.32632809e+01, 3.75999985e+01,
    0., -2.32626305e+01, 3.76500015e+01, 0., -2.32600307e+01,
    3.77000008e+01, 0., -2.32628098e+01, 3.77500000e+01, 0.,
    -2.32682095e+01, 3.77999992e+01, 0., -2.32350006e+01, 3.78499985e+01,
    0., -2.32099304e+01, 3.79000015e+01, 0., -2.32477303e+01,
    3.79500008e+01, 0., -2.32609005e+01, 38., 0., -2.32532597e+01,
    3.80499992e+01, 0., -2.32566795e+01, 3.80999985e+01, 0.,
    -2.32611103e+01, 3.81500015e+01, 0., -2.32619495e+01, 3.82000008e+01,
    0., -2.32664509e+01, 3.82500000e+01, 0., -2.32704906e+01,
    3.82999992e+01, 0., -2.32652092e+01, 3.83499985e+01, 0.,
    -2.32573204e+01, 3.84000015e+01, 0., -2.32495193e+01, 3.84500008e+01,
    0., -2.32522907e+01, 3.85000000e+01, 0., -2.32570400e+01,
    3.85499992e+01, 0., -2.32571602e+01, 3.85999985e+01, 0.,
    -2.32607594e+01, 3.86500015e+01, 0., -2.32654800e+01, 3.87000008e+01,
    0., -2.32667599e+01, 3.87500000e+01, 0., -2.32641602e+01,
    3.87999992e+01, 0., -2.32588406e+01, 3.88499985e+01, 0.,
    -2.32515907e+01, 3.89000015e+01, 0., -2.32455101e+01, 3.89500008e+01,
    0., -2.32492695e+01, 39., 0., -2.32506008e+01, 3.90499992e+01, 0.,
    -2.32452793e+01, 3.90999985e+01, 0., -2.32465992e+01, 3.91500015e+01,
    0., -2.32505894e+01, 3.92000008e+01, 0., -2.32452698e+01,
    3.92500000e+01, 0., -2.32439308e+01, 3.92999992e+01, 0.,
    -2.32492905e+01, 3.93499985e+01, 0., -2.32437897e+01, 3.94000015e+01,
    0., -2.32320805e+01, 3.94500008e+01, 0., -2.32128792e+01,
    3.95000000e+01, 0., -2.32117596e+01, 3.95499992e+01, 0.,
    -2.32382393e+01, 3.95999985e+01, 0., -2.32411003e+01, 3.96500015e+01,
    0., -2.32384205e+01, 3.97000008e+01, 0., -2.32429008e+01,
    3.97500000e+01, 0., -2.32446308e+01, 3.97999992e+01, 0.,
    -2.32439499e+01, 3.98499985e+01, 0., -2.32430000e+01, 3.99000015e+01,
    0., -2.32440205e+01, 3.99500008e+01, 0., -2.32472191e+01, 40., 0.,
    -2.32502499e+01, 4.00499992e+01, 0., -2.32509995e+01, 4.00999985e+01,
    0., -2.32464809e+01, 4.01500015e+01, 0., -2.32400894e+01,
    4.02000008e+01, 0., -2.32340908e+01, 4.02500000e+01, 0.,
    -2.32357998e+01, 4.02999992e+01, 0., -2.32393208e+01, 4.03499985e+01,
    0., -2.32404003e+01, 4.04000015e+01, 0., -2.32347298e+01,
    4.04500008e+01, 0., -2.32264500e+01, 4.05000000e+01, 0.,
    -2.32404594e+01, 4.05499992e+01, 0., -2.32491302e+01, 4.05999985e+01,
    0., -2.32424107e+01, 4.06500015e+01, 0., -2.32425194e+01,
    4.07000008e+01, 0., -2.32464008e+01, 4.07500000e+01, 0.,
    -2.32435207e+01, 4.07999992e+01, 0., -2.32421799e+01, 4.08499985e+01,
    0., -2.32438602e+01, 4.09000015e+01, 0., -2.32435303e+01,
    4.09500008e+01, 0., -2.32404308e+01, 41., 0., -2.32344303e+01,
    4.10499992e+01, 0., -2.32322102e+01, 4.10999985e+01, 0.,
    -2.32367706e+01, 4.11500015e+01, 0., -2.32373104e+01, 4.12000008e+01,
    0., -2.32358494e+01, 4.12500000e+01, 0., -2.32325306e+01,
    4.12999992e+01, 0., -2.32332802e+01, 4.13499985e+01, 0.,
    -2.32364807e+01, 4.14000015e+01, 0., -2.32348003e+01, 4.14500008e+01,
    0., -2.32318592e+01, 4.15000000e+01, 0., -2.32297001e+01,
    4.15499992e+01, 0., -2.32304707e+01, 4.15999985e+01, 0.,
    -2.32329102e+01, 4.16500015e+01, 0., -2.32310791e+01, 4.17000008e+01,
    0., -2.32289104e+01, 4.17500000e+01, 0., -2.32283096e+01,
    4.17999992e+01, 0., -2.32307301e+01, 4.18499985e+01, 0.,
    -2.32348099e+01, 4.19000015e+01, 0., -2.32364502e+01, 4.19500008e+01,
    0., -2.32390900e+01, 42., 0., -2.32418098e+01, 4.20499992e+01, 0.,
    -2.32410507e+01, 4.20999985e+01, 0., -2.32402706e+01, 4.21500015e+01,
    0., -2.32429905e+01, 4.22000008e+01, 0., -2.32392197e+01,
    4.22500000e+01, 0., -2.32323799e+01, 4.22999992e+01, 0.,
    -2.32316093e+01, 4.23499985e+01, 0., -2.32335796e+01, 4.24000015e+01,
    0., -2.32359409e+01, 4.24500008e+01, 0., -2.32319908e+01,
    4.25000000e+01, 0., -2.32251492e+01, 4.25499992e+01, 0.,
    -2.32252998e+01, 4.25999985e+01, 0., -2.32275009e+01, 4.26500015e+01,
    0., -2.32291393e+01, 4.27000008e+01, 0., -2.32313900e+01,
    4.27500000e+01, 0., -2.32324905e+01, 4.27999992e+01, 0.,
    -2.32295303e+01, 4.28499985e+01, 0., -2.32286797e+01, 4.29000015e+01,
    0., -2.32313995e+01, 4.29500008e+01, 0., -2.32337399e+01, 43., 0.,
    -2.32369404e+01, 4.30499992e+01, 0., -2.32431793e+01, 4.30999985e+01,
    0., -2.32589893e+01, 4.31500015e+01, 0., -2.32766800e+01,
    4.32000008e+01, 0., -2.32798004e+01, 4.32500000e+01, 0.,
    -2.32835007e+01, 4.32999992e+01, 0., -2.32862206e+01, 4.33499985e+01,
    0., -2.32761803e+01, 4.34000015e+01, 0., -2.32674198e+01,
    4.34500008e+01, 0., -2.32751808e+01, 4.35000000e+01, 0.,
    -2.32814808e+01, 4.35499992e+01, 0., -2.32824402e+01, 4.35999985e+01,
    0., -2.32735195e+01, 4.36500015e+01, 0., -2.32610798e+01,
    4.37000008e+01, 0., -2.32480793e+01, 4.37500000e+01, 0.,
    -2.32427597e+01, 4.37999992e+01, 0., -2.32516403e+01, 4.38499985e+01,
    0., -2.31992607e+01, 4.39000015e+01, 0., -2.31470509e+01,
    4.39500008e+01, 0., -2.31563702e+01, 44., 0., -2.31445599e+01,
    4.40499992e+01, 0., -2.31069603e+01, 4.40999985e+01, 0.,
    -2.30622692e+01, 4.41500015e+01, 0., -2.30277901e+01, 4.42000008e+01,
    0., -2.29777699e+01, 4.42500000e+01, 0., -2.29313908e+01,
    4.42999992e+01, 0., -2.29115505e+01, 4.43499985e+01, 0.,
    -2.28983307e+01, 4.44000015e+01, 0., -2.29015293e+01, 4.44500008e+01,
    0., -2.29032993e+01, 4.45000000e+01, 0., -2.28884602e+01,
    4.45499992e+01, 0., -2.28284607e+01, 4.45999985e+01, 0.,
    -2.27684593e+01, 4.46500015e+01, 0., -2.27685795e+01, 4.47000008e+01,
    0., -2.27441502e+01, 4.47500000e+01, 0., -2.26951103e+01,
    4.47999992e+01, 0., -2.26337605e+01, 4.48499985e+01, 0.,
    -2.25846806e+01, 4.49000015e+01, 0., -2.25150604e+01, 4.49500008e+01,
    0., -2.24577808e+01, 45., 0., -2.24097595e+01, 4.50499992e+01, 0.,
    -2.23760891e+01, 4.50999985e+01, 0., -2.23761692e+01, 4.51500015e+01,
    0., -2.23435707e+01, 4.52000008e+01, 0., -2.23000507e+01,
    4.52500000e+01, 0., -2.22782898e+01, 4.52999992e+01, 0.,
    -2.22783508e+01, 4.53499985e+01, 0., -2.22783909e+01, 4.54000015e+01,
    0., -2.22784805e+01, 4.54500008e+01, 0., -2.22784805e+01,
    4.55000000e+01, 0., -2.22348404e+01, 4.55499992e+01, 0.,
    -2.21912003e+01, 4.55999985e+01, 0., -2.21312408e+01, 4.56500015e+01,
    0., -2.20699100e+01, 4.57000008e+01, 0., -2.20209904e+01,
    4.57500000e+01, 0., -2.19625092e+01, 4.57999992e+01, 0.,
    -2.19190292e+01, 4.58499985e+01, 0., -2.18864594e+01, 4.59000015e+01,
    0., -2.18864594e+01, 4.59500008e+01, 0., -2.18429394e+01, 46., 0.,
    -2.17994194e+01, 4.60499992e+01, 0., -2.17884998e+01, 4.60999985e+01,
    0., -2.17647991e+01, 4.61500015e+01, 0., -2.17174397e+01,
    4.62000008e+01, 0., -2.16718597e+01, 4.62500000e+01, 0.,
    -2.16427402e+01, 4.62999992e+01, 0., -2.15956802e+01, 4.63499985e+01,
    0., -2.15485191e+01, 4.64000015e+01, 0., -2.15187607e+01,
    4.64500008e+01, 0., -2.14659004e+01, 4.65000000e+01, 0.,
    -2.14048195e+01, 4.65499992e+01, 0., -2.13698292e+01, 4.65999985e+01,
    0., -2.13915901e+01, 4.66500015e+01, 0., -2.13014297e+01,
    4.67000008e+01, 0., -2.12058296e+01, 4.67500000e+01, 0.,
    -2.11727409e+01, 4.67999992e+01, 0., -2.11690407e+01, 4.68499985e+01,
    0., -2.11907997e+01, 4.69000015e+01, 0., -2.12154198e+01,
    4.69500008e+01, 0., -2.12336998e+01, 47., 0., -2.11265507e+01,
    4.70499992e+01, 0., -2.10148296e+01, 4.70999985e+01, 0.,
    -2.09777508e+01, 4.71500015e+01, 0., -2.09740391e+01, 4.72000008e+01,
    0., -2.09957600e+01, 4.72500000e+01, 0., -2.09706802e+01,
    4.72999992e+01, 0., -2.09227600e+01, 4.73499985e+01, 0.,
    -2.08498497e+01, 4.74000015e+01, 0., -2.07889309e+01, 4.74500008e+01,
