%YAML:1.0
---
profile: [ 6.50000000e+00, 0., -2.31869698e+01, 6.55000019e+00, 0.,
    -2.31962700e+01, 6.59999990e+00, 0., -2.32010307e+01, 6.65000010e+00,
    0., -2.32007198e+01, 6.69999981e+00, 0., -2.31929607e+01,
    6.75000000e+00, 0., -2.31965294e+01, 6.80000019e+00, 0.,
    -2.32015991e+01, 6.84999990e+00, 0., -2.31999607e+01, 6.90000010e+00,
    0., -2.31934395e+01, 6.94999981e+00, 0., -2.31858406e+01, 7., 0.,
    -2.31840191e+01, 7.05000019e+00, 0., -2.31857204e+01, 7.09999990e+00,
    0., -2.31919594e+01, 7.15000010e+00, 0., -2.31952000e+01,
    7.19999981e+00, 0., -2.31951199e+01, 7.25000000e+00, 0.,
    -2.31944809e+01, 7.30000019e+00, 0., -2.31936302e+01, 7.34999990e+00,
    0., -2.31929893e+01, 7.40000010e+00, 0., -2.31874294e+01,
    7.44999981e+00, 0., -2.31819305e+01, 7.50000000e+00, 0.,
    -2.31874104e+01, 7.55000019e+00, 0., -2.31877594e+01, 7.59999990e+00,
    0., -2.31802406e+01, 7.65000010e+00, 0., -2.31843605e+01,
    7.69999981e+00, 0., -2.31904392e+01, 7.75000000e+00, 0.,
    -2.31905594e+01, 7.80000019e+00, 0., -2.31907196e+01, 7.84999990e+00,
    0., -2.31908398e+01, 7.90000010e+00, 0., -2.31843109e+01,
    7.94999981e+00, 0., -2.31760197e+01, 8., 0., -2.31691799e+01,
    8.05000019e+00, 0., -2.31693497e+01, 8.10000038e+00, 0.,
    -2.31741104e+01, 8.14999962e+00, 0., -2.31631794e+01, 8.19999981e+00,
    0., -2.31528492e+01, 8.25000000e+00, 0., -2.31600895e+01,
    8.30000019e+00, 0., -2.31546192e+01, 8.35000038e+00, 0.,
    -2.31424999e+01, 8.39999962e+00, 0., -2.31675701e+01, 8.44999981e+00,
    0., -2.31723404e+01, 8.50000000e+00, 0., -2.31396999e+01,
    8.55000019e+00, 0., -2.31472893e+01, 8.60000038e+00, 0.,
    -2.31772003e+01, 8.64999962e+00, 0., -2.31690006e+01, 8.69999981e+00,
    0., -2.31702900e+01, 8.75000000e+00, 0., -2.31852894e+01,
    8.80000019e+00, 0., -2.31771603e+01, 8.85000038e+00, 0.,
    -2.31681595e+01, 8.89999962e+00, 0., -2.31795998e+01, 8.94999981e+00,
    0., -2.31688805e+01, 9., 0., -2.31469593e+01, 9.05000019e+00, 0.,
    -2.31669693e+01, 9.10000038e+00, 0., -2.31862602e+01, 9.14999962e+00,
    0., -2.31864204e+01, 9.19999981e+00, 0., -2.31848793e+01,
    9.25000000e+00, 0., -2.31814308e+01, 9.30000019e+00, 0.,
    -2.31762695e+01, 9.35000038e+00, 0., -2.31725407e+01, 9.39999962e+00,
    0., -2.31727791e+01, 9.44999981e+00, 0., -2.31684399e+01,
    9.50000000e+00, 0., -2.31662998e+01, 9.55000019e+00, 0.,
    -2.31753006e+01, 9.60000038e+00, 0., -2.31805096e+01, 9.64999962e+00,
    0., -2.31814308e+01, 9.69999981e+00, 0., -2.31771793e+01,
    9.75000000e+00, 0., -2.31749592e+01, 9.80000019e+00, 0.,
    -2.31838799e+01, 9.85000038e+00, 0., -2.31843796e+01, 9.89999962e+00,
    0., -2.31791000e+01, 9.94999981e+00, 0., -2.31814308e+01, 10., 0.,
    -2.31823006e+01, 1.00500002e+01, 0., -2.31785793e+01, 1.01000004e+01,
    0., -2.31761398e+01, 1.01499996e+01, 0., -2.31746502e+01,
    1.01999998e+01, 0., -2.31717300e+01, 1.02500000e+01, 0.,
    -2.31676102e+01, 1.03000002e+01, 0., -2.31638908e+01, 1.03500004e+01,
    0., -2.31627998e+01, 1.03999996e+01, 0., -2.31636391e+01,
    1.04499998e+01, 0., -2.31630001e+01, 1.05000000e+01, 0.,
    -2.31567802e+01, 1.05500002e+01, 0., -2.31453400e+01, 1.06000004e+01,
    0., -2.31597500e+01, 1.06499996e+01, 0., -2.31795101e+01,
    1.06999998e+01, 0., -2.31788292e+01, 1.07500000e+01, 0.,
    -2.31825199e+01, 1.08000002e+01, 0., -2.31859303e+01, 1.08500004e+01,
    0., -2.31782894e+01, 1.08999996e+01, 0., -2.31725197e+01,
    1.09499998e+01, 0., -2.31725197e+01, 11., 0., -2.31725197e+01,
    1.10500002e+01, 0., -2.31723194e+01, 1.11000004e+01, 0.,
    -2.31715603e+01, 1.11499996e+01, 0., -2.31722393e+01, 1.11999998e+01,
    0., -2.31748409e+01, 1.12500000e+01, 0., -2.31754894e+01,
    1.13000002e+01, 0., -2.31738701e+01, 1.13500004e+01, 0.,
    -2.31676693e+01, 1.13999996e+01, 0., -2.31685390e+01, 1.14499998e+01,
    0., -2.31738605e+01, 1.15000000e+01, 0., -2.31804199e+01,
    1.15500002e+01, 0., -2.31877003e+01, 1.16000004e+01, 0.,
    -2.31944199e+01, 1.16499996e+01, 0., -2.31971207e+01, 1.16999998e+01,
    0., -2.31964397e+01, 1.17500000e+01, 0., -2.31972008e+01,
    1.18000002e+01, 0., -2.31978302e+01, 1.18500004e+01, 0.,
    -2.31978302e+01, 1.18999996e+01, 0., -2.31942291e+01, 1.19499998e+01,
    0., -2.31887093e+01, 12., 0., -2.31810703e+01, 1.20500002e+01, 0.,
    -2.31700802e+01, 1.21000004e+01, 0., -2.31595993e+01, 1.21499996e+01,
    0., -2.31485596e+01, 1.21999998e+01, 0., -2.31344109e+01,
    1.22500000e+01, 0., -2.31114101e+01, 1.23000002e+01, 0.,
    -2.30794392e+01, 1.23500004e+01, 0., -2.30501194e+01, 1.23999996e+01,
    0., -2.30166798e+01, 1.24499998e+01, 0., -2.29939194e+01,
    1.25000000e+01, 0., -2.29615402e+01, 1.25500002e+01, 0.,
    -2.29336205e+01, 1.26000004e+01, 0., -2.29076004e+01, 1.26499996e+01,
    0., -2.28915997e+01, 1.26999998e+01, 0., -2.28769398e+01,
    1.27500000e+01, 0., -2.28622799e+01, 1.28000002e+01, 0.,
    -2.28462791e+01, 1.28500004e+01, 0., -2.28206100e+01, 1.28999996e+01,
    0., -2.27932892e+01, 1.29499998e+01, 0., -2.27648907e+01, 13., 0.,
    -2.27452507e+01, 1.30500002e+01, 0., -2.27216396e+01, 1.31000004e+01,
    0., -2.27033596e+01, 1.31499996e+01, 0., -2.26743698e+01,
    1.31999998e+01, 0., -2.26407700e+01, 1.32500000e+01, 0.,
    -2.26042099e+01, 1.33000002e+01, 0., -2.25586300e+01, 1.33500004e+01,
    0., -2.25226307e+01, 1.33999996e+01, 0., -2.24762802e+01,
    1.34499998e+01, 0., -2.24351597e+01, 1.35000000e+01, 0.,
    -2.23938198e+01, 1.35500002e+01, 0., -2.23728199e+01, 1.36000004e+01,
    0., -2.23471107e+01, 1.36499996e+01, 0., -2.23273106e+01,
    1.36999998e+01, 0., -2.23024807e+01, 1.37500000e+01, 0.,
    -2.22826405e+01, 1.38000002e+01, 0., -2.22486000e+01, 1.38500004e+01,
    0., -2.22195206e+01, 1.38999996e+01, 0., -2.21885395e+01,
    1.39499998e+01, 0., -2.21566792e+01, 14., 0., -2.21240807e+01,
    1.40500002e+01, 0., -2.20874290e+01, 1.41000004e+01, 0.,
    -2.20714302e+01, 1.41499996e+01, 0., -2.20396194e+01, 1.41999998e+01,
    0., -2.20000591e+01, 1.42500000e+01, 0., -2.19655094e+01,
    1.43000002e+01, 0., -2.19459095e+01, 1.43500004e+01, 0.,
    -2.19040508e+01, 1.43999996e+01, 0., -2.18613701e+01, 1.44499998e+01,
    0., -2.18270607e+01, 1.45000000e+01, 0., -2.18097801e+01,
    1.45500002e+01, 0., -2.17720509e+01, 1.46000004e+01, 0.,
    -2.17331409e+01, 1.46499996e+01, 0., -2.17112198e+01, 1.46999998e+01,
    0., -2.16819992e+01, 1.47500000e+01, 0., -2.16564407e+01,
    1.48000002e+01, 0., -2.16225796e+01, 1.48500004e+01, 0.,
    -2.15932198e+01, 1.48999996e+01, 0., -2.15522995e+01, 1.49499998e+01,
    0., -2.15173397e+01, 15., 0., -2.14751606e+01, 1.50500002e+01, 0.,
    -2.14422798e+01, 1.51000004e+01, 0., -2.14072094e+01, 1.51499996e+01,
    0., -2.13823700e+01, 1.51999998e+01, 0., -2.13535995e+01,
    1.52500000e+01, 0., -2.13251591e+01, 1.53000002e+01, 0.,
    -2.13017197e+01, 1.53500004e+01, 0., -2.12723598e+01, 1.53999996e+01,
    0., -2.12489204e+01, 1.54499998e+01, 0., -2.12200394e+01,
    1.55000000e+01, 0., -2.11974392e+01, 1.55500002e+01, 0.,
    -2.11674194e+01, 1.56000004e+01, 0., -2.11425400e+01, 1.56499996e+01,
    0., -2.10979004e+01, 1.56999998e+01, 0., -2.10595398e+01,
    1.57500000e+01, 0., -2.10209503e+01, 1.58000002e+01, 0.,
    -2.09919891e+01, 1.58500004e+01, 0., -2.09560394e+01, 1.58999996e+01,
    0., -2.09222507e+01, 1.59499998e+01, 0., -2.09019299e+01, 16., 0.,
    -2.08725700e+01, 1.60499992e+01, 0., -2.08443699e+01, 1.61000004e+01,
    0., -2.08069401e+01, 1.61499996e+01, 0., -2.07744999e+01,
    1.62000008e+01, 0., -2.07533302e+01, 1.62500000e+01, 0.,
    -2.07467308e+01, 1.62999992e+01, 0., -2.07050705e+01, 1.63500004e+01,
    0., -2.06609707e+01, 1.63999996e+01, 0., -2.06445694e+01,
    1.64500008e+01, 0., -2.06131096e+01, 1.65000000e+01, 0.,
    -2.05749092e+01, 1.65499992e+01, 0., -2.05280991e+01, 1.66000004e+01,
    0., -2.04919395e+01, 1.66499996e+01, 0., -2.04482098e+01,
    1.67000008e+01, 0., -2.04150505e+01, 1.67500000e+01, 0.,
