%YAML:1.0
---
profile: [ 2.32999992e+01, 0., -2.32433891e+01, 2.33500004e+01, 0.,
    -2.32470303e+01, 2.33999996e+01, 0., -2.32513008e+01, 2.34500008e+01,
    0., -2.32544994e+01, 2.35000000e+01, 0., -2.32581501e+01,
    2.35499992e+01, 0., -2.32599697e+01, 2.36000004e+01, 0.,
    -2.32594109e+01, 2.36499996e+01, 0., -2.32569504e+01, 2.37000008e+01,
    0., -2.32541103e+01, 2.37500000e+01, 0., -2.32396202e+01,
    2.37999992e+01, 0., -2.32209492e+01, 2.38500004e+01, 0.,
    -2.32042694e+01, 2.38999996e+01, 0., -2.32178097e+01, 2.39500008e+01,
    0., -2.32453499e+01, 24., 0., -2.32387104e+01, 2.40499992e+01, 0.,
    -2.32337894e+01, 2.41000004e+01, 0., -2.32339096e+01, 2.41499996e+01,
    0., -2.32340603e+01, 2.42000008e+01, 0., -2.32364197e+01,
    2.42500000e+01, 0., -2.32451801e+01, 2.42999992e+01, 0.,
    -2.32496109e+01, 2.43500004e+01, 0., -2.32496490e+01, 2.43999996e+01,
    0., -2.32489395e+01, 2.44500008e+01, 0., -2.32482491e+01,
    2.45000000e+01, 0., -2.32482491e+01, 2.45499992e+01, 0.,
    -2.32367897e+01, 2.46000004e+01, 0., -2.32215099e+01, 2.46499996e+01,
    0., -2.32030697e+01, 2.47000008e+01, 0., -2.31946106e+01,
    2.47500000e+01, 0., -2.32192497e+01, 2.47999992e+01, 0.,
    -2.32315693e+01, 2.48500004e+01, 0., -2.32331104e+01, 2.48999996e+01,
    0., -2.32391491e+01, 2.49500008e+01, 0., -2.32436790e+01, 25., 0.,
    -2.32436790e+01, 2.50499992e+01, 0., -2.32436790e+01, 2.51000004e+01,
    0., -2.32441196e+01, 2.51499996e+01, 0., -2.32458801e+01,
    2.52000008e+01, 0., -2.32467594e+01, 2.52500000e+01, 0.,
    -2.32467594e+01, 2.52999992e+01, 0., -2.32459202e+01, 2.53500004e+01,
    0., -2.32379799e+01, 2.53999996e+01, 0., -2.32234592e+01,
    2.54500008e+01, 0., -2.32306499e+01, 2.55000000e+01, 0.,
    -2.32480793e+01, 2.55499992e+01, 0., -2.32405205e+01, 2.56000004e+01,
    0., -2.32321205e+01, 2.56499996e+01, 0., -2.32268009e+01,
    2.57000008e+01, 0., -2.32287598e+01, 2.57500000e+01, 0.,
    -2.32349701e+01, 2.57999992e+01, 0., -2.32350101e+01, 2.58500004e+01,
    0., -2.32319794e+01, 2.58999996e+01, 0., -2.32258606e+01,
    2.59500008e+01, 0., -2.32274494e+01, 26., 0., -2.32328892e+01,
    2.60499992e+01, 0., -2.32298508e+01, 2.61000004e+01, 0.,
    -2.32284794e+01, 2.61499996e+01, 0., -2.32302399e+01, 2.62000008e+01,
    0., -2.32268391e+01, 2.62500000e+01, 0., -2.32254696e+01,
    2.62999992e+01, 0., -2.32351494e+01, 2.63500004e+01, 0.,
    -2.32371101e+01, 2.63999996e+01, 0., -2.32332706e+01, 2.64500008e+01,
    0., -2.32261906e+01, 2.65000000e+01, 0., -2.32238598e+01,
    2.65499992e+01, 0., -2.32285004e+01, 2.66000004e+01, 0.,
    -2.32255707e+01, 2.66499996e+01, 0., -2.32203102e+01, 2.67000008e+01,
    0., -2.32272301e+01, 2.67500000e+01, 0., -2.32342091e+01,
    2.67999992e+01, 0., -2.32377300e+01, 2.68500004e+01, 0.,
    -2.32340107e+01, 2.68999996e+01, 0., -2.32307606e+01, 2.69500008e+01,
    0., -2.32360401e+01, 27., 0., -2.32369709e+01, 2.70499992e+01, 0.,
    -2.32346897e+01, 2.71000004e+01, 0., -2.32350101e+01, 2.71499996e+01,
    0., -2.32364807e+01, 2.72000008e+01, 0., -2.32380009e+01,
    2.72500000e+01, 0., -2.32361202e+01, 2.72999992e+01, 0.,
    -2.32323608e+01, 2.73500004e+01, 0., -2.32315598e+01, 2.73999996e+01,
    0., -2.32305603e+01, 2.74500008e+01, 0., -2.32297592e+01,
    2.75000000e+01, 0., -2.32300091e+01, 2.75499992e+01, 0.,
    -2.32316208e+01, 2.76000004e+01, 0., -2.32346992e+01, 2.76499996e+01,
    0., -2.32339497e+01, 2.77000008e+01, 0., -2.32278309e+01,
    2.77500000e+01, 0., -2.32324600e+01, 2.77999992e+01, 0.,
    -2.32381897e+01, 2.78500004e+01, 0., -2.32364693e+01, 2.78999996e+01,
    0., -2.32362003e+01, 2.79500008e+01, 0., -2.32369595e+01, 28., 0.,
    -2.32389507e+01, 2.80499992e+01, 0., -2.32375908e+01, 2.81000004e+01,
    0., -2.32322292e+01, 2.81499996e+01, 0., -2.32322006e+01,
    2.82000008e+01, 0., -2.32351494e+01, 2.82500000e+01, 0.,
    -2.32328701e+01, 2.82999992e+01, 0., -2.32284698e+01, 2.83500004e+01,
    0., -2.32231102e+01, 2.83999996e+01, 0., -2.32197800e+01,
    2.84500008e+01, 0., -2.32179699e+01, 2.85000000e+01, 0.,
    -2.32141705e+01, 2.85499992e+01, 0., -2.32121696e+01, 2.86000004e+01,
    0., -2.32139301e+01, 2.86499996e+01, 0., -2.32113304e+01,
    2.87000008e+01, 0., -2.32109203e+01, 2.87500000e+01, 0.,
    -2.32215195e+01, 2.87999992e+01, 0., -2.32257099e+01, 2.88500004e+01,
    0., -2.32242298e+01, 2.88999996e+01, 0., -2.32291908e+01,
    2.89500008e+01, 0., -2.32293606e+01, 29., 0., -2.32217197e+01,
    2.90499992e+01, 0., -2.32192707e+01, 2.91000004e+01, 0.,
    -2.32206993e+01, 2.91499996e+01, 0., -2.32192192e+01, 2.92000008e+01,
    0., -2.32198696e+01, 2.92500000e+01, 0., -2.32234306e+01,
    2.92999992e+01, 0., -2.32220802e+01, 2.93500004e+01, 0.,
    -2.32192192e+01, 2.93999996e+01, 0., -2.32169800e+01, 2.94500008e+01,
    0., -2.32157307e+01, 2.95000000e+01, 0., -2.32166500e+01,
    2.95499992e+01, 0., -2.32184906e+01, 2.96000004e+01, 0.,
    -2.32200909e+01, 2.96499996e+01, 0., -2.32201309e+01, 2.97000008e+01,
    0., -2.32213802e+01, 2.97500000e+01, 0., -2.32229404e+01,
    2.97999992e+01, 0., -2.32234097e+01, 2.98500004e+01, 0.,
    -2.32223206e+01, 2.98999996e+01, 0., -2.32200794e+01, 2.99500008e+01,
    0., -2.32196598e+01, 30., 0., -2.32212601e+01, 3.00499992e+01, 0.,
    -2.32236195e+01, 3.01000004e+01, 0., -2.32245502e+01, 3.01499996e+01,
    0., -2.32228699e+01, 3.02000008e+01, 0., -2.32224598e+01,
    3.02500000e+01, 0., -2.32217407e+01, 3.02999992e+01, 0.,
    -2.32187004e+01, 3.03500004e+01, 0., -2.32155304e+01, 3.03999996e+01,
    0., -2.32138100e+01, 3.04500008e+01, 0., -2.32118092e+01,
    3.05000000e+01, 0., -2.32112103e+01, 3.05499992e+01, 0.,
    -2.32147293e+01, 3.06000004e+01, 0., -2.32200108e+01, 3.06499996e+01,
    0., -2.32246494e+01, 3.07000008e+01, 0., -2.32223701e+01,
    3.07500000e+01, 0., -2.32182198e+01, 3.07999992e+01, 0.,
    -2.32151794e+01, 3.08500004e+01, 0., -2.32143497e+01, 3.08999996e+01,
    0., -2.32161102e+01, 3.09500008e+01, 0., -2.32191906e+01, 31., 0.,
    -2.32224007e+01, 3.10499992e+01, 0., -2.32241993e+01, 3.11000004e+01,
    0., -2.32262497e+01, 3.11499996e+01, 0., -2.32293892e+01,
    3.12000008e+01, 0., -2.32355900e+01, 3.12500000e+01, 0.,
    -2.32704296e+01, 3.12999992e+01, 0., -2.33065491e+01, 3.13500004e+01,
    0., -2.32819099e+01, 3.13999996e+01, 0., -2.32660904e+01,
    3.14500008e+01, 0., -2.32713299e+01, 3.15000000e+01, 0.,
    -2.32687607e+01, 3.15499992e+01, 0., -2.32663994e+01, 3.16000004e+01,
    0., -2.32724800e+01, 3.16499996e+01, 0., -2.32725792e+01,
    3.17000008e+01, 0., -2.32686596e+01, 3.17500000e+01, 0.,
    -2.32675800e+01, 3.17999992e+01, 0., -2.32657204e+01, 3.18500004e+01,
    0., -2.32586002e+01, 3.18999996e+01, 0., -2.32347298e+01,
    3.19500008e+01, 0., -2.32076893e+01, 32., 0., -2.32008591e+01,
    3.20499992e+01, 0., -2.32034302e+01, 3.20999985e+01, 0.,
    -2.32139492e+01, 3.21500015e+01, 0., -2.32192097e+01, 3.22000008e+01,
    0., -2.32192097e+01, 3.22500000e+01, 0., -2.31671295e+01,
    3.22999992e+01, 0., -2.31150894e+01, 3.23499985e+01, 0.,
    -2.30843792e+01, 3.24000015e+01, 0., -2.30655403e+01, 3.24500008e+01,
    0., -2.30611401e+01, 3.25000000e+01, 0., -2.30398903e+01,
    3.25499992e+01, 0., -2.30144901e+01, 3.25999985e+01, 0.,
    -2.29919605e+01, 3.26500015e+01, 0., -2.29757996e+01, 3.27000008e+01,
    0., -2.29757996e+01, 3.27500000e+01, 0., -2.29535007e+01,
    3.27999992e+01, 0., -2.29088993e+01, 3.28499985e+01, 0.,
    -2.28465996e+01, 3.29000015e+01, 0., -2.27933197e+01, 3.29500008e+01,
    0., -2.27562695e+01, 33., 0., -2.27424297e+01, 3.30499992e+01, 0.,
    -2.27297707e+01, 3.30999985e+01, 0., -2.27196407e+01, 3.31500015e+01,
    0., -2.27161198e+01, 3.32000008e+01, 0., -2.26862106e+01,
    3.32500000e+01, 0., -2.26486893e+01, 3.32999992e+01, 0.,
    -2.25935497e+01, 3.33499985e+01, 0., -2.25451107e+01, 3.34000015e+01,
    0., -2.25261002e+01, 3.34500008e+01, 0., -2.25317593e+01,
    3.35000000e+01, 0., -2.25263996e+01, 3.35499992e+01, 0.,
