%YAML:1.0
---
profile: [ 5.00000007e-02, 0., -2.00001297e+01, 1.00000001e-01, 0.,
    -1.99926491e+01, 1.50000006e-01, 0., -1.99798794e+01, 2.00000003e-01,
    0., -1.99655991e+01, 2.50000000e-01, 0., -1.99505501e+01,
    3.00000012e-01, 0., -1.99400291e+01, 3.49999994e-01, 0.,
    -1.99383392e+01, 4.00000006e-01, 0., -1.99322205e+01, 4.49999988e-01,
    0., -1.99186592e+01, 5.00000000e-01, 0., -1.99011097e+01,
    5.50000012e-01, 0., -1.98867893e+01, 6.00000024e-01, 0.,
    -1.98578396e+01, 6.49999976e-01, 0., -1.98324795e+01, 6.99999988e-01,
    0., -1.98162994e+01, 7.50000000e-01, 0., -1.98044701e+01,
    8.00000012e-01, 0., -1.97962303e+01, 8.50000024e-01, 0.,
    -1.97832508e+01, 8.99999976e-01, 0., -1.97697296e+01, 9.49999988e-01,
    0., -1.97482109e+01, 1., 0., -1.97286091e+01, 1.04999995e+00, 0.,
    -1.97139091e+01, 1.10000002e+00, 0., -1.97021694e+01, 1.14999998e+00,
    0., -1.96944504e+01, 1.20000005e+00, 0., -1.96760406e+01,
    1.25000000e+00, 0., -1.96567192e+01, 1.29999995e+00, 0.,
    -1.96399307e+01, 1.35000002e+00, 0., -1.96270409e+01, 1.39999998e+00,
    0., -1.96134796e+01, 1.45000005e+00, 0., -1.95945301e+01,
    1.50000000e+00, 0., -1.95770893e+01, 1.54999995e+00, 0.,
    -1.95587997e+01, 1.60000002e+00, 0., -1.95484409e+01, 1.64999998e+00,
    0., -1.95404797e+01, 1.70000005e+00, 0., -1.95351200e+01,
    1.75000000e+00, 0., -1.95350800e+01, 1.79999995e+00, 0.,
    -1.95278397e+01, 1.85000002e+00, 0., -1.95134792e+01, 1.89999998e+00,
    0., -1.94952393e+01, 1.95000005e+00, 0., -1.94769897e+01, 2., 0.,
    -1.94629498e+01, 2.04999995e+00, 0., -1.94458809e+01, 2.09999990e+00,
    0., -1.94337997e+01, 2.15000010e+00, 0., -1.94169407e+01,
    2.20000005e+00, 0., -1.94025803e+01, 2.25000000e+00, 0.,
    -1.93839092e+01, 2.29999995e+00, 0., -1.93669109e+01, 2.34999990e+00,
    0., -1.93593903e+01, 2.40000010e+00, 0., -1.93491592e+01,
    2.45000005e+00, 0., -1.93401203e+01, 2.50000000e+00, 0.,
    -1.93169498e+01, 2.54999995e+00, 0., -1.92921104e+01, 2.59999990e+00,
    0., -1.92814903e+01, 2.65000010e+00, 0., -1.92768593e+01,
    2.70000005e+00, 0., -1.92760601e+01, 2.75000000e+00, 0.,
    -1.92660904e+01, 2.79999995e+00, 0., -1.92533703e+01, 2.84999990e+00,
    0., -1.92381191e+01, 2.90000010e+00, 0., -1.92238598e+01,
    2.95000005e+00, 0., -1.92148609e+01, 3., 0., -1.92013493e+01,
    3.04999995e+00, 0., -1.91878300e+01, 3.09999990e+00, 0.,
    -1.91743202e+01, 3.15000010e+00, 0., -1.91653194e+01, 3.20000005e+00,
    0., -1.91442394e+01, 3.25000000e+00, 0., -1.91194496e+01,
    3.29999995e+00, 0., -1.90954895e+01, 3.34999990e+00, 0.,
    -1.90737801e+01, 3.40000010e+00, 0., -1.90662994e+01, 3.45000005e+00,
    0., -1.90523796e+01, 3.50000000e+00, 0., -1.90389004e+01,
    3.54999995e+00, 0., -1.90309792e+01, 3.59999990e+00, 0.,
    -1.90239296e+01, 3.65000010e+00, 0., -1.90136509e+01, 3.70000005e+00,
    0., -1.89959793e+01, 3.75000000e+00, 0., -1.89792995e+01,
    3.79999995e+00, 0., -1.89682808e+01, 3.84999990e+00, 0.,
    -1.89620991e+01, 3.90000010e+00, 0., -1.89514999e+01, 3.95000005e+00,
    0., -1.89321899e+01, 4., 0., -1.89095497e+01, 4.05000019e+00, 0.,
    -1.88926506e+01, 4.09999990e+00, 0., -1.88852100e+01, 4.15000010e+00,
    0., -1.88645401e+01, 4.19999981e+00, 0., -1.88415604e+01,
    4.25000000e+00, 0., -1.88250408e+01, 4.30000019e+00, 0.,
    -1.88084793e+01, 4.34999990e+00, 0., -1.88002396e+01, 4.40000010e+00,
    0., -1.87915497e+01, 4.44999981e+00, 0., -1.87855492e+01,
    4.50000000e+00, 0., -1.87814503e+01, 4.55000019e+00, 0.,
    -1.87753601e+01, 4.59999990e+00, 0., -1.87671204e+01, 4.65000010e+00,
    0., -1.87572994e+01, 4.69999981e+00, 0., -1.87497807e+01,
    4.75000000e+00, 0., -1.87217407e+01, 4.80000019e+00, 0.,
    -1.86929493e+01, 4.84999990e+00, 0., -1.86824703e+01, 4.90000010e+00,
    0., -1.86666908e+01, 4.94999981e+00, 0., -1.86509705e+01, 5., 0.,
    -1.86273403e+01, 5.05000019e+00, 0., -1.86063805e+01, 5.09999990e+00,
    0., -1.86019802e+01, 5.15000010e+00, 0., -1.85943394e+01,
    5.19999981e+00, 0., -1.85777397e+01, 5.25000000e+00, 0.,
    -1.85583992e+01, 5.30000019e+00, 0., -1.85447598e+01, 5.34999990e+00,
    0., -1.85270996e+01, 5.40000010e+00, 0., -1.85114307e+01,
    5.44999981e+00, 0., -1.85055504e+01, 5.50000000e+00, 0.,
    -1.84940205e+01, 5.55000019e+00, 0., -1.84798203e+01, 5.59999990e+00,
    0., -1.84643192e+01, 5.65000010e+00, 0., -1.84531193e+01,
    5.69999981e+00, 0., -1.84398804e+01, 5.75000000e+00, 0.,
    -1.84253292e+01, 5.80000019e+00, 0., -1.84089298e+01, 5.84999990e+00,
    0., -1.83923206e+01, 5.90000010e+00, 0., -1.83838406e+01,
    5.94999981e+00, 0., -1.83652706e+01, 6., 0., -1.83451900e+01,
    6.05000019e+00, 0., -1.83306694e+01, 6.09999990e+00, 0.,
    -1.83129101e+01, 6.15000010e+00, 0., -1.83001499e+01, 6.19999981e+00,
    0., -1.82859497e+01, 6.25000000e+00, 0., -1.82755508e+01,
    6.30000019e+00, 0., -1.82640400e+01, 6.34999990e+00, 0.,
    -1.82532501e+01, 6.40000010e+00, 0., -1.82458897e+01, 6.44999981e+00,
    0., -1.82365208e+01, 6.50000000e+00, 0., -1.82289600e+01,
    6.55000019e+00, 0., -1.82136993e+01, 6.59999990e+00, 0.,
    -1.81992207e+01, 6.65000010e+00, 0., -1.81948605e+01, 6.69999981e+00,
    0., -1.81822891e+01, 6.75000000e+00, 0., -1.81637306e+01,
    6.80000019e+00, 0., -1.81455994e+01, 6.84999990e+00, 0.,
    -1.81338005e+01, 6.90000010e+00, 0., -1.81138496e+01, 6.94999981e+00,
    0., -1.80918808e+01, 7., 0., -1.80718803e+01, 7.05000019e+00, 0.,
    -1.80536098e+01, 7.09999990e+00, 0., -1.80470905e+01, 7.15000010e+00,
    0., -1.80293407e+01, 7.19999981e+00, 0., -1.80100994e+01,
    7.25000000e+00, 0., -1.79935093e+01, 7.30000019e+00, 0.,
    -1.79772606e+01, 7.34999990e+00, 0., -1.79594994e+01, 7.40000010e+00,
    0., -1.79411793e+01, 7.44999981e+00, 0., -1.79312592e+01,
    7.50000000e+00, 0., -1.79199409e+01, 7.55000019e+00, 0.,
    -1.79036598e+01, 7.59999990e+00, 0., -1.78738995e+01, 7.65000010e+00,
    0., -1.78441906e+01, 7.69999981e+00, 0., -1.78442707e+01,
    7.75000000e+00, 0., -1.78443909e+01, 7.80000019e+00, 0.,
    -1.78444691e+01, 7.84999990e+00, 0., -1.78360901e+01, 7.90000010e+00,
    0., -1.78272400e+01, 7.94999981e+00, 0., -1.78221607e+01, 8., 0.,
    -1.78118591e+01, 8.05000019e+00, 0., -1.78015804e+01, 8.10000038e+00,
    0., -1.77747097e+01, 8.14999962e+00, 0., -1.77504406e+01,
    8.19999981e+00, 0., -1.77506008e+01, 8.25000000e+00, 0.,
    -1.77507896e+01, 8.30000019e+00, 0., -1.77509098e+01, 8.35000038e+00,
    0., -1.77046604e+01, 8.39999962e+00, 0., -1.76583805e+01,
    8.44999981e+00, 0., -1.76275501e+01, 8.50000000e+00, 0.,
    -1.76083107e+01, 8.55000019e+00, 0., -1.76083908e+01, 8.60000038e+00,
    0., -1.76085300e+01, 8.64999962e+00, 0., -1.76086102e+01,
    8.69999981e+00, 0., -1.76087208e+01, 8.75000000e+00, 0.,
    -1.76028709e+01, 8.80000019e+00, 0., -1.75791492e+01, 8.85000038e+00,
    0., -1.75613995e+01, 8.89999962e+00, 0., -1.75614796e+01,
    8.94999981e+00, 0., -1.75194206e+01, 9., 0., -1.74773407e+01,
    9.05000019e+00, 0., -1.74941692e+01, 9.10000038e+00, 0.,
    -1.75134907e+01, 9.14999962e+00, 0., -1.75110893e+01, 9.19999981e+00,
    0., -1.74874191e+01, 9.25000000e+00, 0., -1.74643803e+01,
    9.30000019e+00, 0., -1.74393806e+01, 9.35000038e+00, 0.,
    -1.74202003e+01, 9.39999962e+00, 0., -1.74203205e+01, 9.44999981e+00,
    0., -1.74027691e+01, 9.50000000e+00, 0., -1.73792896e+01,
    9.55000019e+00, 0., -1.73735409e+01, 9.60000038e+00, 0.,
    -1.73677502e+01, 9.64999962e+00, 0., -1.73441105e+01, 9.69999981e+00,
    0., -1.73264103e+01, 9.75000000e+00, 0., -1.73265705e+01,
    9.80000019e+00, 0., -1.73268204e+01, 9.85000038e+00, 0.,
    -1.73211308e+01, 9.89999962e+00, 0., -1.72975693e+01, 9.94999981e+00,
    0., -1.72680492e+01, 10., 0., -1.72444897e+01, 1.00500002e+01, 0.,
    -1.72169895e+01, 1.01000004e+01, 0., -1.71960697e+01, 1.01499996e+01,
    0., -1.71680908e+01, 1.01999998e+01, 0., -1.71447697e+01,
    1.02500000e+01, 0., -1.71391697e+01, 1.03000002e+01, 0.,
