%YAML:1.0
---
profile: [ 5.55000000e+01, 0., -2.32739601e+01, 5.55499992e+01, 0.,
    -2.32819195e+01, 5.55999985e+01, 0., -2.32842197e+01, 5.56500015e+01,
    0., -2.32819805e+01, 5.57000008e+01, 0., -2.32814999e+01,
    5.57500000e+01, 0., -2.32731800e+01, 5.57999992e+01, 0.,
    -2.32397404e+01, 5.58499985e+01, 0., -2.32480106e+01, 5.59000015e+01,
    0., -2.32814102e+01, 5.59500008e+01, 0., -2.32811604e+01, 56., 0.,
    -2.32774906e+01, 5.60499992e+01, 0., -2.32830906e+01, 5.60999985e+01,
    0., -2.32854099e+01, 5.61500015e+01, 0., -2.32846203e+01,
    5.62000008e+01, 0., -2.32840595e+01, 5.62500000e+01, 0.,
    -2.32801991e+01, 5.62999992e+01, 0., -2.32733593e+01, 5.63499985e+01,
    0., -2.32772408e+01, 5.64000015e+01, 0., -2.32793503e+01,
    5.64500008e+01, 0., -2.32655506e+01, 5.65000000e+01, 0.,
    -2.32579002e+01, 5.65499992e+01, 0., -2.32633801e+01, 5.65999985e+01,
    0., -2.32595501e+01, 5.66500015e+01, 0., -2.32556992e+01,
    5.67000008e+01, 0., -2.32611408e+01, 5.67500000e+01, 0.,
    -2.32640095e+01, 5.67999992e+01, 0., -2.32641296e+01, 5.68499985e+01,
    0., -2.32625599e+01, 5.69000015e+01, 0., -2.32650108e+01,
    5.69500008e+01, 0., -2.32721691e+01, 57., 0., -2.32698097e+01,
    5.70499992e+01, 0., -2.32627296e+01, 5.70999985e+01, 0.,
    -2.32658901e+01, 5.71500015e+01, 0., -2.32683392e+01, 5.72000008e+01,
    0., -2.32684193e+01, 5.72500000e+01, 0., -2.32748299e+01,
    5.72999992e+01, 0., -2.32792492e+01, 5.73499985e+01, 0.,
    -2.32714901e+01, 5.74000015e+01, 0., -2.32679291e+01, 5.74500008e+01,
    0., -2.32725296e+01, 5.75000000e+01, 0., -2.32752895e+01,
    5.75499992e+01, 0., -2.32775307e+01, 5.75999985e+01, 0.,
    -2.32802105e+01, 5.76500015e+01, 0., -2.32774391e+01, 5.77000008e+01,
    0., -2.32719593e+01, 5.77500000e+01, 0., -2.32760696e+01,
    5.77999992e+01, 0., -2.32802105e+01, 5.78499985e+01, 0.,
    -2.32802505e+01, 5.79000015e+01, 0., -2.32742405e+01, 5.79500008e+01,
    0., -2.32652493e+01, 58., 0., -2.32614498e+01, 5.80499992e+01, 0.,
    -2.32581406e+01, 5.80999985e+01, 0., -2.32572994e+01, 5.81500015e+01,
    0., -2.32571201e+01, 5.82000008e+01, 0., -2.32584991e+01,
    5.82500000e+01, 0., -2.32637806e+01, 5.82999992e+01, 0.,
    -2.32664909e+01, 5.83499985e+01, 0., -2.32664909e+01, 5.84000015e+01,
    0., -2.32619305e+01, 5.84500008e+01, 0., -2.32580204e+01,
    5.85000000e+01, 0., -2.32607002e+01, 5.85499992e+01, 0.,
    -2.32591896e+01, 5.85999985e+01, 0., -2.32553902e+01, 5.86500015e+01,
    0., -2.32535706e+01, 5.87000008e+01, 0., -2.32525597e+01,
    5.87500000e+01, 0., -2.32518406e+01, 5.87999992e+01, 0.,
    -2.32514496e+01, 5.88499985e+01, 0., -2.32522392e+01, 5.89000015e+01,
    0., -2.32553196e+01, 5.89500008e+01, 0., -2.32563095e+01, 59., 0.,
    -2.32536697e+01, 5.90499992e+01, 0., -2.32537804e+01, 5.90999985e+01,
    0., -2.32541008e+01, 5.91500015e+01, 0., -2.32523403e+01,
    5.92000008e+01, 0., -2.32560806e+01, 5.92500000e+01, 0.,
    -2.32622395e+01, 5.92999992e+01, 0., -2.32646599e+01, 5.93499985e+01,
    0., -2.32657394e+01, 5.94000015e+01, 0., -2.32665005e+01,
    5.94500008e+01, 0., -2.32668896e+01, 5.95000000e+01, 0.,
    -2.32668896e+01, 5.95499992e+01, 0., -2.33120098e+01, 5.95999985e+01,
    0., -2.33327198e+01, 5.96500015e+01, 0., -2.33065205e+01,
    5.97000008e+01, 0., -2.32927303e+01, 5.97500000e+01, 0.,
    -2.32903004e+01, 5.97999992e+01, 0., -2.32841396e+01, 5.98499985e+01,
    0., -2.32794704e+01, 5.99000015e+01, 0., -2.32794704e+01,
    5.99500008e+01, 0., -2.32794399e+01, 60., 0., -2.32670403e+01,
    6.00499992e+01, 0., -2.32175598e+01, 6.00999985e+01, 0.,
    -2.32087402e+01, 6.01500015e+01, 0., -2.32652607e+01, 6.02000008e+01,
    0., -2.31340294e+01, 6.02500000e+01, 0., -2.29886703e+01,
    6.02999992e+01, 0., -2.29129601e+01, 6.03499985e+01, 0.,
    -2.28642101e+01, 6.04000015e+01, 0., -2.28265705e+01, 6.04500008e+01,
    0., -2.27717800e+01, 6.05000000e+01, 0., -2.27187805e+01,
    6.05499992e+01, 0., -2.26656895e+01, 6.05999985e+01, 0.,
    -2.26302891e+01, 6.06500015e+01, 0., -2.25807304e+01, 6.07000008e+01,
    0., -2.25221996e+01, 6.07500000e+01, 0., -2.24507999e+01,
    6.07999992e+01, 0., -2.23700008e+01, 6.08499985e+01, 0.,
    -2.23155994e+01, 6.09000015e+01, 0., -2.22239609e+01, 6.09500008e+01,
    0., -2.21381207e+01, 61., 0., -2.20874805e+01, 6.10499992e+01, 0.,
    -2.20565701e+01, 6.10999985e+01, 0., -2.20496101e+01, 6.11500015e+01,
    0., -2.19858894e+01, 6.12000008e+01, 0., -2.19056492e+01,
    6.12500000e+01, 0., -2.18785992e+01, 6.12999992e+01, 0.,
    -2.18838806e+01, 6.13499985e+01, 0., -2.18349209e+01, 6.14000015e+01,
    0., -2.17736893e+01, 6.14500008e+01, 0., -2.17247295e+01,
    6.15000000e+01, 0., -2.16635895e+01, 6.15499992e+01, 0.,
    -2.16147099e+01, 6.15999985e+01, 0., -2.15535393e+01, 6.16500015e+01,
    0., -2.14923706e+01, 6.17000008e+01, 0., -2.14434891e+01,
    6.17500000e+01, 0., -2.13823395e+01, 6.17999992e+01, 0.,
    -2.13334999e+01, 6.18499985e+01, 0., -2.12358608e+01, 6.19000015e+01,
    0., -2.11382999e+01, 6.19500008e+01, 0., -2.11138706e+01, 62., 0.,
    -2.11137695e+01, 6.20499992e+01, 0., -2.11137295e+01, 6.20999985e+01,
    0., -2.10163994e+01, 6.21500015e+01, 0., -2.08866806e+01,
    6.22000008e+01, 0., -2.08217506e+01, 6.22500000e+01, 0.,
    -2.08217506e+01, 6.22999992e+01, 0., -2.08277302e+01, 6.23499985e+01,
    0., -2.07810001e+01, 6.24000015e+01, 0., -2.06784801e+01,
    6.24500008e+01, 0., -2.06271305e+01, 6.25000000e+01, 0.,
    -2.06270905e+01, 6.25499992e+01, 0., -2.05662899e+01, 6.25999985e+01,
    0., -2.04962101e+01, 6.26500015e+01, 0., -2.04590092e+01,
    6.27000008e+01, 0., -2.04011307e+01, 6.27500000e+01, 0.,
    -2.03411694e+01, 6.27999992e+01, 0., -2.02474804e+01, 6.28499985e+01,
    0., -2.01625595e+01, 6.29000015e+01, 0., -2.01413002e+01,
    6.29500008e+01, 0., -2.01170692e+01, 63., 0., -2.00686703e+01,
    6.30499992e+01, 0., -1.99798298e+01, 6.30999985e+01, 0.,
    -1.98937092e+01, 6.31500015e+01, 0., -1.98505993e+01, 6.32000008e+01,
    0., -1.98384399e+01, 6.32500000e+01, 0., -1.97899609e+01,
    6.32999992e+01, 0., -1.97535191e+01, 6.33499985e+01, 0.,
    -1.97534809e+01, 6.34000015e+01, 0., -1.96682701e+01, 6.34500008e+01,
    0., -1.95830708e+01, 6.35000000e+01, 0., -1.95608807e+01,
    6.35499992e+01, 0., -1.95118198e+01, 6.35999985e+01, 0.,
    -1.94150600e+01, 6.36500015e+01, 0., -1.93666897e+01, 6.37000008e+01,
    0., -1.93666897e+01, 6.37500000e+01, 0., -1.93185291e+01,
    6.37999992e+01, 0., -1.92582893e+01, 6.38499985e+01, 0.,
    -1.92101707e+01, 6.39000015e+01, 0., -1.91464596e+01, 6.39500008e+01,
    0., -1.90913391e+01, 64., 0., -1.90775795e+01, 6.40500031e+01, 0.,
    -1.90535202e+01, 6.40999985e+01, 0., -1.89572792e+01, 6.41500015e+01,
    0., -1.88610802e+01, 6.41999969e+01, 0., -1.88130398e+01,
    6.42500000e+01, 0., -1.87530193e+01, 6.43000031e+01, 0.,
    -1.87050209e+01, 6.43499985e+01, 0., -1.86930199e+01, 6.44000015e+01,
    0., -1.86690598e+01, 6.44499969e+01, 0., -1.86211395e+01,
    6.45000000e+01, 0., -1.85611992e+01, 6.45500031e+01, 0.,
    -1.85132809e+01, 6.45999985e+01, 0., -1.84533291e+01, 6.46500015e+01,
    0., -1.83917503e+01, 6.46999969e+01, 0., -1.83371105e+01,
    6.47500000e+01, 0., -1.82459602e+01, 6.48000031e+01, 0.,
    -1.81609192e+01, 6.48499985e+01, 0., -1.81184006e+01, 6.49000015e+01,
    0., -1.81064491e+01, 6.49499969e+01, 0., -1.80586491e+01, 65., 0.,
    -1.79749699e+01, 6.50500031e+01, 0., -1.78794498e+01, 6.50999985e+01,
    0., -1.77818794e+01, 6.51500015e+01, 0., -1.77154808e+01,
    6.51999969e+01, 0., -1.77201500e+01, 6.52500000e+01, 0.,
    -1.76883907e+01, 6.53000031e+01, 0., -1.75929508e+01, 6.53499985e+01,
    0., -1.75451908e+01, 6.54000015e+01, 0., -1.75451908e+01,
    6.54499969e+01, 0., -1.74498005e+01, 6.55000000e+01, 0.,
    -1.73543701e+01, 6.55500031e+01, 0., -1.73543301e+01, 6.55999985e+01,
    0., -1.73185692e+01, 6.56500015e+01, 0., -1.72709293e+01,
    6.56999969e+01, 0., -1.72588806e+01, 6.57500000e+01, 0.,
