%YAML:1.0
---
profile: [ 1.55000000e+01, 0., -2.32131100e+01, 1.55500002e+01, 0.,
    -2.32172203e+01, 1.56000004e+01, 0., -2.32197399e+01, 1.56499996e+01,
    0., -2.32198906e+01, 1.56999998e+01, 0., -2.32153797e+01,
    1.57500000e+01, 0., -2.32034607e+01, 1.58000002e+01, 0.,
    -2.32033195e+01, 1.58500004e+01, 0., -2.32209606e+01, 1.58999996e+01,
    0., -2.32209702e+01, 1.59499998e+01, 0., -2.32159195e+01, 16., 0.,
    -2.32135201e+01, 1.60499992e+01, 0., -2.32147408e+01, 1.61000004e+01,
    0., -2.32179794e+01, 1.61499996e+01, 0., -2.32189999e+01,
    1.62000008e+01, 0., -2.32180405e+01, 1.62500000e+01, 0.,
    -2.32158794e+01, 1.62999992e+01, 0., -2.32137794e+01, 1.63500004e+01,
    0., -2.32124195e+01, 1.63999996e+01, 0., -2.31977291e+01,
    1.64500008e+01, 0., -2.31863308e+01, 1.65000000e+01, 0.,
    -2.31979694e+01, 1.65499992e+01, 0., -2.32104492e+01, 1.66000004e+01,
    0., -2.32193394e+01, 1.66499996e+01, 0., -2.32195396e+01,
    1.67000008e+01, 0., -2.32176094e+01, 1.67500000e+01, 0.,
    -2.32134495e+01, 1.67999992e+01, 0., -2.32141495e+01, 1.68500004e+01,
    0., -2.32146397e+01, 1.68999996e+01, 0., -2.32097206e+01,
    1.69500008e+01, 0., -2.32045498e+01, 17., 0., -2.32009506e+01,
    1.70499992e+01, 0., -2.32025394e+01, 1.71000004e+01, 0.,
    -2.32042503e+01, 1.71499996e+01, 0., -2.32010098e+01, 1.72000008e+01,
    0., -2.32013206e+01, 1.72500000e+01, 0., -2.32038803e+01,
    1.72999992e+01, 0., -2.32039604e+01, 1.73500004e+01, 0.,
    -2.32024803e+01, 1.73999996e+01, 0., -2.32004395e+01, 1.74500008e+01,
    0., -2.31989307e+01, 1.75000000e+01, 0., -2.32005291e+01,
    1.75499992e+01, 0., -2.32090893e+01, 1.76000004e+01, 0.,
    -2.32130699e+01, 1.76499996e+01, 0., -2.32081909e+01, 1.77000008e+01,
    0., -2.32064495e+01, 1.77500000e+01, 0., -2.32064400e+01,
    1.77999992e+01, 0., -2.32084408e+01, 1.78500004e+01, 0.,
    -2.32084808e+01, 1.78999996e+01, 0., -2.32071991e+01, 1.79500008e+01,
    0., -2.32096996e+01, 18., 0., -2.32035007e+01, 1.80499992e+01, 0.,
    -2.31867809e+01, 1.81000004e+01, 0., -2.31819897e+01, 1.81499996e+01,
    0., -2.31867905e+01, 1.82000008e+01, 0., -2.31908703e+01,
    1.82500000e+01, 0., -2.31981392e+01, 1.82999992e+01, 0.,
    -2.32083397e+01, 1.83500004e+01, 0., -2.32156200e+01, 1.83999996e+01,
    0., -2.32181702e+01, 1.84500008e+01, 0., -2.32168503e+01,
    1.85000000e+01, 0., -2.32159805e+01, 1.85499992e+01, 0.,
    -2.32162209e+01, 1.86000004e+01, 0., -2.32186203e+01, 1.86499996e+01,
    0., -2.32210007e+01, 1.87000008e+01, 0., -2.32212009e+01,
    1.87500000e+01, 0., -2.32152100e+01, 1.87999992e+01, 0.,
    -2.32070904e+01, 1.88500004e+01, 0., -2.32061195e+01, 1.88999996e+01,
    0., -2.32077599e+01, 1.89500008e+01, 0., -2.32094402e+01, 19., 0.,
    -2.32103996e+01, 1.90499992e+01, 0., -2.32106209e+01, 1.91000004e+01,
    0., -2.32107391e+01, 1.91499996e+01, 0., -2.32097492e+01,
    1.92000008e+01, 0., -2.32075901e+01, 1.92500000e+01, 0.,
    -2.32085705e+01, 1.92999992e+01, 0., -2.32108307e+01, 1.93500004e+01,
    0., -2.32086697e+01, 1.93999996e+01, 0., -2.32070999e+01,
    1.94500008e+01, 0., -2.32072601e+01, 1.95000000e+01, 0.,
    -2.32051392e+01, 1.95499992e+01, 0., -2.32029991e+01, 1.96000004e+01,
    0., -2.32031593e+01, 1.96499996e+01, 0., -2.32039700e+01,
    1.97000008e+01, 0., -2.32048492e+01, 1.97500000e+01, 0.,
    -2.32008305e+01, 1.97999992e+01, 0., -2.31973495e+01, 1.98500004e+01,
    0., -2.31967506e+01, 1.98999996e+01, 0., -2.31991901e+01,
    1.99500008e+01, 0., -2.32031193e+01, 20., 0., -2.32040405e+01,
    2.00499992e+01, 0., -2.32048397e+01, 2.01000004e+01, 0.,
    -2.32049999e+01, 2.01499996e+01, 0., -2.32045994e+01, 2.02000008e+01,
    0., -2.32041798e+01, 2.02500000e+01, 0., -2.32051392e+01,
    2.02999992e+01, 0., -2.32068996e+01, 2.03500004e+01, 0.,
    -2.32089005e+01, 2.03999996e+01, 0., -2.32081203e+01, 2.04500008e+01,
    0., -2.32077599e+01, 2.05000000e+01, 0., -2.32115192e+01,
    2.05499992e+01, 0., -2.32147598e+01, 2.06000004e+01, 0.,
    -2.32164803e+01, 2.06499996e+01, 0., -2.32162704e+01, 2.07000008e+01,
    0., -2.32158699e+01, 2.07500000e+01, 0., -2.32160301e+01,
    2.07999992e+01, 0., -2.32149391e+01, 2.08500004e+01, 0.,
    -2.32141800e+01, 2.08999996e+01, 0., -2.32173805e+01, 2.09500008e+01,
    0., -2.32203102e+01, 21., 0., -2.32213097e+01, 2.10499992e+01, 0.,
    -2.32194004e+01, 2.11000004e+01, 0., -2.32242203e+01, 2.11499996e+01,
    0., -2.32522602e+01, 2.12000008e+01, 0., -2.32664299e+01,
    2.12500000e+01, 0., -2.32633591e+01, 2.12999992e+01, 0.,
    -2.32504406e+01, 2.13500004e+01, 0., -2.32396793e+01, 2.13999996e+01,
    0., -2.32375603e+01, 2.14500008e+01, 0., -2.32008305e+01,
    2.15000000e+01, 0., -2.31532707e+01, 2.15499992e+01, 0.,
    -2.31013298e+01, 2.16000004e+01, 0., -2.30638103e+01, 2.16499996e+01,
    0., -2.30385303e+01, 2.17000008e+01, 0., -2.30156498e+01,
    2.17500000e+01, 0., -2.29877300e+01, 2.17999992e+01, 0.,
    -2.29546509e+01, 2.18500004e+01, 0., -2.29340096e+01, 2.18999996e+01,
    0., -2.29105206e+01, 2.19500008e+01, 0., -2.28945198e+01, 22., 0.,
    -2.28675499e+01, 2.20499992e+01, 0., -2.28423500e+01, 2.21000004e+01,
    0., -2.28115692e+01, 2.21499996e+01, 0., -2.27811203e+01,
    2.22000008e+01, 0., -2.27573204e+01, 2.22500000e+01, 0.,
    -2.27220097e+01, 2.22999992e+01, 0., -2.26760502e+01, 2.23500004e+01,
    0., -2.26279793e+01, 2.23999996e+01, 0., -2.26007805e+01,
    2.24500008e+01, 0., -2.25635605e+01, 2.25000000e+01, 0.,
    -2.25299206e+01, 2.25499992e+01, 0., -2.24936104e+01, 2.26000004e+01,
    0., -2.24676495e+01, 2.26499996e+01, 0., -2.24380798e+01,
    2.27000008e+01, 0., -2.24150009e+01, 2.27500000e+01, 0.,
    -2.23748608e+01, 2.27999992e+01, 0., -2.23332100e+01, 2.28500004e+01,
    0., -2.23042107e+01, 2.28999996e+01, 0., -2.22613907e+01,
    2.29500008e+01, 0., -2.22192707e+01, 23., 0., -2.21846008e+01,
    2.30499992e+01, 0., -2.21786003e+01, 2.31000004e+01, 0.,
    -2.21532192e+01, 2.31499996e+01, 0., -2.21234608e+01, 2.32000008e+01,
    0., -2.20861092e+01, 2.32500000e+01, 0., -2.20562305e+01,
    2.32999992e+01, 0., -2.20205498e+01, 2.33500004e+01, 0.,
    -2.19843006e+01, 2.33999996e+01, 0., -2.19522991e+01, 2.34500008e+01,
    0., -2.19129906e+01, 2.35000000e+01, 0., -2.18825092e+01,
    2.35499992e+01, 0., -2.18463402e+01, 2.36000004e+01, 0.,
    -2.18197403e+01, 2.36499996e+01, 0., -2.17859192e+01, 2.37000008e+01,
    0., -2.17586002e+01, 2.37500000e+01, 0., -2.17287903e+01,
    2.37999992e+01, 0., -2.17058697e+01, 2.38500004e+01, 0.,
    -2.16636791e+01, 2.38999996e+01, 0., -2.16192703e+01, 2.39500008e+01,
    0., -2.15873909e+01, 24., 0., -2.15528698e+01, 2.40499992e+01, 0.,
    -2.15316696e+01, 2.41000004e+01, 0., -2.14942493e+01, 2.41499996e+01,
    0., -2.14584904e+01, 2.42000008e+01, 0., -2.14201508e+01,
    2.42500000e+01, 0., -2.13928699e+01, 2.42999992e+01, 0.,
    -2.13604794e+01, 2.43500004e+01, 0., -2.13349209e+01, 2.43999996e+01,
    0., -2.12959404e+01, 2.44500008e+01, 0., -2.12554092e+01,
    2.45000000e+01, 0., -2.12236099e+01, 2.45499992e+01, 0.,
    -2.11828995e+01, 2.46000004e+01, 0., -2.11492195e+01, 2.46499996e+01,
    0., -2.11037197e+01, 2.47000008e+01, 0., -2.10633202e+01,
    2.47500000e+01, 0., -2.10209007e+01, 2.47999992e+01, 0.,
    -2.09966602e+01, 2.48500004e+01, 0., -2.09675007e+01, 2.48999996e+01,
    0., -2.09447803e+01, 2.49500008e+01, 0., -2.09103298e+01, 25., 0.,
    -2.08745403e+01, 2.50499992e+01, 0., -2.08465004e+01, 2.51000004e+01,
    0., -2.08119202e+01, 2.51499996e+01, 0., -2.07849598e+01,
    2.52000008e+01, 0., -2.07465496e+01, 2.52500000e+01, 0.,
    -2.07102299e+01, 2.52999992e+01, 0., -2.06704903e+01, 2.53500004e+01,
    0., -2.06417294e+01, 2.53999996e+01, 0., -2.06061897e+01,
    2.54500008e+01, 0., -2.05779095e+01, 2.55000000e+01, 0.,
    -2.05368195e+01, 2.55499992e+01, 0., -2.04944496e+01, 2.56000004e+01,
    0., -2.04611301e+01, 2.56499996e+01, 0., -2.04220104e+01,
    2.57000008e+01, 0., -2.03937702e+01, 2.57500000e+01, 0.,
