%YAML:1.0
---
profile: [ 1.20000005e+00, 0., -3.50573993e+00, 1.25000000e+00, 0.,
    -3.49817991e+00, 1.29999995e+00, 0., -3.48987007e+00, 1.35000002e+00,
    0., -3.47956991e+00, 1.39999998e+00, 0., -3.46852994e+00,
    1.45000005e+00, 0., -3.44884992e+00, 1.50000000e+00, 0.,
    -3.42569995e+00, 1.54999995e+00, 0., -3.40865993e+00, 1.60000002e+00,
    0., -3.38151002e+00, 1.64999998e+00, 0., -3.35291004e+00,
    1.70000005e+00, 0., -3.34604001e+00, 1.75000000e+00, 0.,
    -3.36977005e+00, 1.79999995e+00, 0., -3.34788990e+00, 1.85000002e+00,
    0., -3.33140993e+00, 1.89999998e+00, 0., -3.33140993e+00,
    1.95000005e+00, 0., -3.33137989e+00, 2., 0., -3.33014011e+00,
    2.04999995e+00, 0., -3.32778001e+00, 2.09999990e+00, 0.,
    -3.32778001e+00, 2.15000010e+00, 0., -3.32802010e+00, 2.20000005e+00,
    0., -3.32642007e+00, 2.25000000e+00, 0., -3.32206988e+00,
    2.29999995e+00, 0., -3.31636000e+00, 2.34999990e+00, 0.,
    -3.31243992e+00, 2.40000010e+00, 0., -3.29913998e+00, 2.45000005e+00,
    0., -3.28406000e+00, 2.50000000e+00, 0., -3.26728010e+00,
    2.54999995e+00, 0., -3.25090003e+00, 2.59999990e+00, 0.,
    -3.23765993e+00, 2.65000010e+00, 0., -3.23202991e+00, 2.70000005e+00,
    0., -3.23335004e+00, 2.75000000e+00, 0., -3.24004006e+00,
    2.79999995e+00, 0., -3.24320006e+00, 2.84999990e+00, 0.,
    -3.24320006e+00, 2.90000010e+00, 0., -3.19141006e+00, 2.95000005e+00,
    0., -3.13968992e+00, 3., 0., -3.13687992e+00, 3.04999995e+00, 0.,
    -3.14757991e+00, 3.09999990e+00, 0., -3.15373993e+00, 3.15000010e+00,
    0., -3.15524006e+00, 3.20000005e+00, 0., -3.13268995e+00,
    3.25000000e+00, 0., -3.08772993e+00, 3.29999995e+00, 0.,
    -3.04200006e+00, 3.34999990e+00, 0., -3.01803994e+00, 3.40000010e+00,
    0., -3.04690003e+00, 3.45000005e+00, 0., -3.09910989e+00,
    3.50000000e+00, 0., -3.12138009e+00, 3.54999995e+00, 0.,
    -3.11974001e+00, 3.59999990e+00, 0., -3.10857010e+00, 3.65000010e+00,
    0., -3.09481001e+00, 3.70000005e+00, 0., -3.10532999e+00,
    3.75000000e+00, 0., -3.11492991e+00, 3.79999995e+00, 0.,
    -3.11325002e+00, 3.84999990e+00, 0., -3.10178995e+00, 3.90000010e+00,
    0., -3.07764006e+00, 3.95000005e+00, 0., -3.04600000e+00, 4., 0.,
    -3.02216005e+00, 4.05000019e+00, 0., -3.02203989e+00, 4.09999990e+00,
    0., -3.02181005e+00, 4.15000010e+00, 0., -3.01068997e+00,
    4.19999981e+00, 0., -2.98868990e+00, 4.25000000e+00, 0.,
    -2.98987007e+00, 4.30000019e+00, 0., -3.00663996e+00, 4.34999990e+00,
    0., -3.00880003e+00, 4.40000010e+00, 0., -3.00685000e+00,
    4.44999981e+00, 0., -3.00154996e+00, 4.50000000e+00, 0.,
    -2.99671006e+00, 4.55000019e+00, 0., -2.98804998e+00, 4.59999990e+00,
    0., -2.97972989e+00, 4.65000010e+00, 0., -2.96971989e+00,
    4.69999981e+00, 0., -2.96252990e+00, 4.75000000e+00, 0.,
    -2.96008992e+00, 4.80000019e+00, 0., -2.96076989e+00, 4.84999990e+00,
    0., -2.96431994e+00, 4.90000010e+00, 0., -2.97332001e+00,
    4.94999981e+00, 0., -2.97619009e+00, 5., 0., -2.97364998e+00,
    5.05000019e+00, 0., -2.96109009e+00, 5.09999990e+00, 0.,
    -2.94597006e+00, 5.15000010e+00, 0., -2.93425012e+00, 5.19999981e+00,
    0., -2.92652011e+00, 5.25000000e+00, 0., -2.91328001e+00,
    5.30000019e+00, 0., -2.89407992e+00, 5.34999990e+00, 0.,
    -2.86133003e+00, 5.40000010e+00, 0., -2.83049011e+00, 5.44999981e+00,
    0., -2.81099010e+00, 5.50000000e+00, 0., -2.80487990e+00,
    5.55000019e+00, 0., -2.82739997e+00, 5.59999990e+00, 0.,
    -2.82539010e+00, 5.65000010e+00, 0., -2.81534004e+00, 5.69999981e+00,
    0., -2.80581999e+00, 5.75000000e+00, 0., -2.80036998e+00,
    5.80000019e+00, 0., -2.79737997e+00, 5.84999990e+00, 0.,
    -2.78909993e+00, 5.90000010e+00, 0., -2.77691007e+00, 5.94999981e+00,
    0., -2.76506996e+00, 6., 0., -2.75791001e+00, 6.05000019e+00, 0.,
    -2.74479008e+00, 6.09999990e+00, 0., -2.70927000e+00, 6.15000010e+00,
    0., -2.66436005e+00, 6.19999981e+00, 0., -2.62788010e+00,
    6.25000000e+00, 0., -2.60079002e+00, 6.30000019e+00, 0.,
    -2.60138988e+00, 6.34999990e+00, 0., -2.60682011e+00, 6.40000010e+00,
    0., -2.64995003e+00, 6.44999981e+00, 0., -2.70863008e+00,
    6.50000000e+00, 0., -2.70850992e+00, 6.55000019e+00, 0.,
    -2.70830011e+00, 6.59999990e+00, 0., -2.69720006e+00, 6.65000010e+00,
    0., -2.67528009e+00, 6.69999981e+00, 0., -2.66416001e+00,
    6.75000000e+00, 0., -2.66398001e+00, 6.80000019e+00, 0.,
    -2.66386008e+00, 6.84999990e+00, 0., -2.65862012e+00, 6.90000010e+00,
    0., -2.64833999e+00, 6.94999981e+00, 0., -2.63265991e+00, 7., 0.,
    -2.61791992e+00, 7.05000019e+00, 0., -2.61152005e+00, 7.09999990e+00,
    0., -2.60812998e+00, 7.15000010e+00, 0., -2.60947990e+00,
    7.19999981e+00, 0., -2.61547995e+00, 7.25000000e+00, 0.,
    -2.58031988e+00, 7.30000019e+00, 0., -2.52943993e+00, 7.34999990e+00,
    0., -2.48900008e+00, 7.40000010e+00, 0., -2.46907997e+00,
    7.44999981e+00, 0., -2.46384001e+00, 7.50000000e+00, 0.,
    -2.47874999e+00, 7.55000019e+00, 0., -2.50886989e+00, 7.59999990e+00,
    0., -2.46851993e+00, 7.65000010e+00, 0., -2.41990995e+00,
    7.69999981e+00, 0., -2.41699004e+00, 7.75000000e+00, 0.,
    -2.42376995e+00, 7.80000019e+00, 0., -2.44160008e+00, 7.84999990e+00,
    0., -2.44140005e+00, 7.90000010e+00, 0., -2.44110990e+00,
    7.94999981e+00, 0., -2.44091010e+00, 8., 0., -2.44066000e+00,
    8.05000019e+00, 0., -2.43084002e+00, 8.10000038e+00, 0.,
    -2.41160011e+00, 8.14999962e+00, 0., -2.38597989e+00, 8.19999981e+00,
    0., -2.37172008e+00, 8.25000000e+00, 0., -2.39948010e+00,
    8.30000019e+00, 0., -2.41320992e+00, 8.35000038e+00, 0.,
    -2.40844989e+00, 8.39999962e+00, 0., -2.39036989e+00, 8.44999981e+00,
    0., -2.38696003e+00, 8.50000000e+00, 0., -2.38907003e+00,
    8.55000019e+00, 0., -2.36726999e+00, 8.60000038e+00, 0.,
    -2.36359000e+00, 8.64999962e+00, 0., -2.38891006e+00, 8.69999981e+00,
    0., -2.39508009e+00, 8.75000000e+00, 0., -2.38983989e+00,
    8.80000019e+00, 0., -2.37960005e+00, 8.85000038e+00, 0.,
    -2.39706993e+00, 8.89999962e+00, 0., -2.38912010e+00, 8.94999981e+00,
    0., -2.34315991e+00, 9., 0., -2.30853009e+00, 9.05000019e+00, 0.,
    -2.30833006e+00, 9.10000038e+00, 0., -2.28018999e+00, 9.14999962e+00,
    0., -2.25364995e+00, 9.19999981e+00, 0., -2.25960994e+00,
    9.25000000e+00, 0., -2.26184011e+00, 9.30000019e+00, 0.,
    -2.26852012e+00, 9.35000038e+00, 0., -2.29907990e+00, 9.39999962e+00,
    0., -2.28340006e+00, 9.44999981e+00, 0., -2.26002002e+00,
    9.50000000e+00, 0., -2.25981998e+00, 9.55000019e+00, 0.,
    -2.25962996e+00, 9.60000038e+00, 0., -2.25951004e+00, 9.64999962e+00,
    0., -2.25929999e+00, 9.69999981e+00, 0., -2.25909996e+00,
    9.75000000e+00, 0., -2.25898004e+00, 9.80000019e+00, 0.,
    -2.23024988e+00, 9.85000038e+00, 0., -2.20346999e+00, 9.89999962e+00,
    0., -2.21107006e+00, 9.94999981e+00, 0., -2.21475005e+00, 10., 0.,
    -2.20975995e+00, 1.00500002e+01, 0., -2.19056010e+00, 1.01000004e+01,
    0., -2.16456008e+00, 1.01499996e+01, 0., -2.14143991e+00,
    1.01999998e+01, 0., -2.11286998e+00, 1.02500000e+01, 0.,
    -2.09027004e+00, 1.03000002e+01, 0., -2.07268000e+00, 1.03500004e+01,
    0., -2.05995011e+00, 1.03999996e+01, 0., -2.05230999e+00,
    1.04499998e+01, 0., -2.04828000e+00, 1.05000000e+01, 0.,
    -2.04544997e+00, 1.05500002e+01, 0., -2.03513002e+00, 1.06000004e+01,
    0., -2.02978992e+00, 1.06499996e+01, 0., -2.02948999e+00,
    1.06999998e+01, 0., -2.02924991e+00, 1.07500000e+01, 0.,
    -2.02898002e+00, 1.08000002e+01, 0., -2.02877998e+00, 1.08500004e+01,
    0., -2.01136994e+00, 1.08999996e+01, 0., -1.99823999e+00,
    1.09499998e+01, 0., -1.99800003e+00, 11., 0., -1.98898995e+00,
    1.10500002e+01, 0., -1.98557997e+00, 1.11000004e+01, 0.,
    -2.00778008e+00, 1.11499996e+01, 0., -1.98364997e+00, 1.11999998e+01,
    0., -1.95396996e+00, 1.12500000e+01, 0., -1.92299998e+00,
    1.13000002e+01, 0., -1.90524995e+00, 1.13500004e+01, 0.,
    -1.90505004e+00, 1.13999996e+01, 0., -1.90470004e+00, 1.14499998e+01,
