%YAML:1.0
---
profile: [ 1.45000005e+00, 0., -2.46989012e+00, 1.50000000e+00, 0.,
    -2.45489001e+00, 1.54999995e+00, 0., -2.42195010e+00, 1.60000002e+00,
    0., -2.38807011e+00, 1.64999998e+00, 0., -2.37104011e+00,
    1.70000005e+00, 0., -2.37089992e+00, 1.75000000e+00, 0.,
    -2.37082005e+00, 1.79999995e+00, 0., -2.35437012e+00, 1.85000002e+00,
    0., -2.33253002e+00, 1.89999998e+00, 0., -2.32702994e+00,
    1.95000005e+00, 0., -2.32698011e+00, 2., 0., -2.32694006e+00,
    2.04999995e+00, 0., -2.32693005e+00, 2.09999990e+00, 0.,
    -2.34137988e+00, 2.15000010e+00, 0., -2.36766005e+00, 2.20000005e+00,
    0., -2.35678005e+00, 2.25000000e+00, 0., -2.34449005e+00,
    2.29999995e+00, 0., -2.33632994e+00, 2.34999990e+00, 0.,
    -2.33166003e+00, 2.40000010e+00, 0., -2.33047009e+00, 2.45000005e+00,
    0., -2.32891011e+00, 2.50000000e+00, 0., -2.31538010e+00,
    2.54999995e+00, 0., -2.29837990e+00, 2.59999990e+00, 0.,
    -2.29179001e+00, 2.65000010e+00, 0., -2.28806996e+00, 2.70000005e+00,
    0., -2.28418994e+00, 2.75000000e+00, 0., -2.27501988e+00,
    2.79999995e+00, 0., -2.25630999e+00, 2.84999990e+00, 0.,
    -2.21423006e+00, 2.90000010e+00, 0., -2.17619991e+00, 2.95000005e+00,
    0., -2.16328001e+00, 3., 0., -2.16438007e+00, 3.04999995e+00, 0.,
    -2.16949010e+00, 3.09999990e+00, 0., -2.14977002e+00, 3.15000010e+00,
    0., -2.12338996e+00, 3.20000005e+00, 0., -2.10027003e+00,
    3.25000000e+00, 0., -2.11519003e+00, 3.29999995e+00, 0.,
    -2.13464999e+00, 3.34999990e+00, 0., -2.12065005e+00, 3.40000010e+00,
    0., -2.15331006e+00, 3.45000005e+00, 0., -2.15189004e+00,
    3.50000000e+00, 0., -2.12589002e+00, 3.54999995e+00, 0.,
    -2.10872006e+00, 3.59999990e+00, 0., -2.10315990e+00, 3.65000010e+00,
    0., -2.10308003e+00, 3.70000005e+00, 0., -2.07760000e+00,
    3.75000000e+00, 0., -2.04372001e+00, 3.79999995e+00, 0.,
    -2.04766989e+00, 3.84999990e+00, 0., -2.05332994e+00, 3.90000010e+00,
    0., -2.02276993e+00, 3.95000005e+00, 0., -2.04935002e+00, 4., 0.,
    -2.08441997e+00, 4.05000019e+00, 0., -2.07073998e+00, 4.09999990e+00,
    0., -2.06376004e+00, 4.15000010e+00, 0., -2.07082009e+00,
    4.19999981e+00, 0., -2.09962010e+00, 4.25000000e+00, 0.,
    -2.10665989e+00, 4.30000019e+00, 0., -2.10138011e+00, 4.34999990e+00,
    0., -2.09105992e+00, 4.40000010e+00, 0., -2.08402991e+00,
    4.44999981e+00, 0., -2.08073997e+00, 4.50000000e+00, 0.,
    -2.07750010e+00, 4.55000019e+00, 0., -2.06996012e+00, 4.59999990e+00,
    0., -2.05240011e+00, 4.65000010e+00, 0., -2.01376009e+00,
    4.69999981e+00, 0., -1.98232996e+00, 4.75000000e+00, 0.,
    -2.01113009e+00, 4.80000019e+00, 0., -2.01824999e+00, 4.84999990e+00,
    0., -2.01810002e+00, 4.90000010e+00, 0., -2.01798010e+00,
    4.94999981e+00, 0., -2.00156999e+00, 5., 0., -1.97976995e+00,
    5.05000019e+00, 0., -1.97414994e+00, 5.09999990e+00, 0.,
    -1.97399998e+00, 5.15000010e+00, 0., -1.97388005e+00, 5.19999981e+00,
    0., -1.97372997e+00, 5.25000000e+00, 0., -1.96064997e+00,
    5.30000019e+00, 0., -1.93473005e+00, 5.34999990e+00, 0.,
    -1.90842998e+00, 5.40000010e+00, 0., -1.89066994e+00, 5.44999981e+00,
    0., -1.88601995e+00, 5.50000000e+00, 0., -1.88192999e+00,
    5.55000019e+00, 0., -1.87400997e+00, 5.59999990e+00, 0.,
    -1.87497997e+00, 5.65000010e+00, 0., -1.87065005e+00, 5.69999981e+00,
    0., -1.85760999e+00, 5.75000000e+00, 0., -1.85444999e+00,
    5.80000019e+00, 0., -1.85043001e+00, 5.84999990e+00, 0.,
    -1.81642997e+00, 5.90000010e+00, 0., -1.80323994e+00, 5.94999981e+00,
    0., -1.82788002e+00, 6., 0., -1.82151997e+00, 6.05000019e+00, 0.,
    -1.82021999e+00, 6.09999990e+00, 0., -1.83633995e+00, 6.15000010e+00,
    0., -1.84025002e+00, 6.19999981e+00, 0., -1.85457003e+00,
    6.25000000e+00, 0., -1.87952995e+00, 6.30000019e+00, 0.,
    -1.86449003e+00, 6.34999990e+00, 0., -1.84466004e+00, 6.40000010e+00,
    0., -1.82762003e+00, 6.44999981e+00, 0., -1.81952000e+00,
    6.50000000e+00, 0., -1.81160998e+00, 6.55000019e+00, 0.,
    -1.77757001e+00, 6.59999990e+00, 0., -1.74109995e+00, 6.65000010e+00,
    0., -1.71930003e+00, 6.69999981e+00, 0., -1.70533001e+00,
    6.75000000e+00, 0., -1.70043004e+00, 6.80000019e+00, 0.,
    -1.69694996e+00, 6.84999990e+00, 0., -1.72622001e+00, 6.90000010e+00,
    0., -1.76180995e+00, 6.94999981e+00, 0., -1.73729002e+00, 7., 0.,
    -1.69196999e+00, 7.05000019e+00, 0., -1.64788997e+00, 7.09999990e+00,
    0., -1.63325000e+00, 7.15000010e+00, 0., -1.64008999e+00,
    7.19999981e+00, 0., -1.62776995e+00, 7.25000000e+00, 0.,
    -1.62077999e+00, 7.30000019e+00, 0., -1.62521994e+00, 7.34999990e+00,
    0., -1.63237000e+00, 7.40000010e+00, 0., -1.63563001e+00,
    7.44999981e+00, 0., -1.63314998e+00, 7.50000000e+00, 0.,
    -1.62995994e+00, 7.55000019e+00, 0., -1.62216997e+00, 7.59999990e+00,
    0., -1.61037004e+00, 7.65000010e+00, 0., -1.61493003e+00,
    7.69999981e+00, 0., -1.62047005e+00, 7.75000000e+00, 0.,
    -1.62027001e+00, 7.80000019e+00, 0., -1.60852003e+00, 7.84999990e+00,
    0., -1.59345996e+00, 7.90000010e+00, 0., -1.58010006e+00,
    7.94999981e+00, 0., -1.59301996e+00, 8., 0., -1.61575997e+00,
    8.05000019e+00, 0., -1.60239995e+00, 8.10000038e+00, 0.,
    -1.59554005e+00, 8.14999962e+00, 0., -1.59526002e+00, 8.19999981e+00,
    0., -1.59505999e+00, 8.25000000e+00, 0., -1.60156000e+00,
    8.30000019e+00, 0., -1.60801995e+00, 8.35000038e+00, 0.,
    -1.58073997e+00, 8.39999962e+00, 0., -1.55846000e+00, 8.44999981e+00,
    0., -1.55490005e+00, 8.50000000e+00, 0., -1.54709995e+00,
    8.55000019e+00, 0., -1.53909004e+00, 8.60000038e+00, 0.,
    -1.53889000e+00, 8.64999962e+00, 0., -1.54153001e+00, 8.69999981e+00,
    0., -1.54512000e+00, 8.75000000e+00, 0., -1.54491997e+00,
    8.80000019e+00, 0., -1.52388000e+00, 8.85000038e+00, 0.,
    -1.49596000e+00, 8.89999962e+00, 0., -1.48272002e+00, 8.94999981e+00,
    0., -1.47179997e+00, 9., 0., -1.45308006e+00, 9.05000019e+00, 0.,
    -1.43341994e+00, 9.10000038e+00, 0., -1.41973996e+00, 9.14999962e+00,
    0., -1.39988005e+00, 9.19999981e+00, 0., -1.38519001e+00,
    9.25000000e+00, 0., -1.39190996e+00, 9.30000019e+00, 0.,
    -1.38989997e+00, 9.35000038e+00, 0., -1.38054001e+00, 9.39999962e+00,
    0., -1.37181997e+00, 9.44999981e+00, 0., -1.37370002e+00,
    9.50000000e+00, 0., -1.38097000e+00, 9.55000019e+00, 0.,
    -1.37693000e+00, 9.60000038e+00, 0., -1.36515999e+00, 9.64999962e+00,
    0., -1.35220003e+00, 9.69999981e+00, 0., -1.34413004e+00,
    9.75000000e+00, 0., -1.34590995e+00, 9.80000019e+00, 0.,
    -1.35659003e+00, 9.85000038e+00, 0., -1.32317996e+00, 9.89999962e+00,
    0., -1.28709996e+00, 9.94999981e+00, 0., -1.31209004e+00, 10., 0.,
    -1.30727005e+00, 1.00500002e+01, 0., -1.27814996e+00, 1.01000004e+01,
    0., -1.27298999e+00, 1.01499996e+01, 0., -1.27372003e+00,
    1.01999998e+01, 0., -1.27199996e+00, 1.02500000e+01, 0.,
    -1.28987002e+00, 1.03000002e+01, 0., -1.29886997e+00, 1.03500004e+01,
    0., -1.28938997e+00, 1.03999996e+01, 0., -1.28364003e+00,
    1.04499998e+01, 0., -1.27324998e+00, 1.05000000e+01, 0.,
    -1.25749004e+00, 1.05500002e+01, 0., -1.24083996e+00, 1.06000004e+01,
    0., -1.22915995e+00, 1.06499996e+01, 0., -1.22596002e+00,
    1.06999998e+01, 0., -1.22528005e+00, 1.07500000e+01, 0.,
    -1.22428000e+00, 1.08000002e+01, 0., -1.21992004e+00, 1.08500004e+01,
    0., -1.21752000e+00, 1.08999996e+01, 0., -1.21879995e+00,
    1.09499998e+01, 0., -1.21580005e+00, 11., 0., -1.20578003e+00,
    1.10500002e+01, 0., -1.19073999e+00, 1.11000004e+01, 0.,
    -1.19050002e+00, 1.11499996e+01, 0., -1.19695997e+00, 1.11999998e+01,
    0., -1.18359995e+00, 1.12500000e+01, 0., -1.16409004e+00,
    1.13000002e+01, 0., -1.14700997e+00, 1.13500004e+01, 0.,
    -1.14244998e+00, 1.13999996e+01, 0., -1.14213002e+00, 1.14499998e+01,
    0., -1.14189005e+00, 1.15000000e+01, 0., -1.12135005e+00,
    1.15500002e+01, 0., -1.09922004e+00, 1.16000004e+01, 0.,
    -1.09274006e+00, 1.16499996e+01, 0., -1.06955004e+00, 1.16999998e+01,
