%YAML:1.0
---
profile: [ 5.00000007e-02, 0., -1.27674198e+01, 1.00000001e-01, 0.,
    -1.27641897e+01, 1.50000006e-01, 0., -1.27663898e+01, 2.00000003e-01,
    0., -1.27600498e+01, 2.50000000e-01, 0., -1.27480803e+01,
    3.00000012e-01, 0., -1.27400799e+01, 3.49999994e-01, 0.,
    -1.27264004e+01, 4.00000006e-01, 0., -1.27111197e+01, 4.49999988e-01,
    0., -1.27064896e+01, 5.00000000e-01, 0., -1.27086496e+01,
    5.50000012e-01, 0., -1.27012901e+01, 6.00000024e-01, 0.,
    -1.26877203e+01, 6.49999976e-01, 0., -1.26716404e+01, 6.99999988e-01,
    0., -1.26628799e+01, 7.50000000e-01, 0., -1.26606197e+01,
    8.00000012e-01, 0., -1.26555004e+01, 8.50000024e-01, 0.,
    -1.26319599e+01, 8.99999976e-01, 0., -1.26040001e+01, 9.49999988e-01,
    0., -1.25905304e+01, 1., 0., -1.25875196e+01, 1.04999995e+00, 0.,
    -1.25729198e+01, 1.10000002e+00, 0., -1.25546398e+01, 1.14999998e+00,
    0., -1.25400400e+01, 1.20000005e+00, 0., -1.25158300e+01,
    1.25000000e+00, 0., -1.24933100e+01, 1.29999995e+00, 0.,
    -1.24781399e+01, 1.35000002e+00, 0., -1.24684296e+01, 1.39999998e+00,
    0., -1.24675503e+01, 1.45000005e+00, 0., -1.24543800e+01,
    1.50000000e+00, 0., -1.24374599e+01, 1.54999995e+00, 0.,
    -1.24308996e+01, 1.60000002e+00, 0., -1.24271202e+01, 1.64999998e+00,
    0., -1.24211597e+01, 1.70000005e+00, 0., -1.24148102e+01,
    1.75000000e+00, 0., -1.24103298e+01, 1.79999995e+00, 0.,
    -1.24098301e+01, 1.85000002e+00, 0., -1.23997002e+01, 1.89999998e+00,
    0., -1.23785400e+01, 1.95000005e+00, 0., -1.23591700e+01, 2., 0.,
    -1.23474503e+01, 2.04999995e+00, 0., -1.23342505e+01, 2.09999990e+00,
    0., -1.23226900e+01, 2.15000010e+00, 0., -1.23176098e+01,
    2.20000005e+00, 0., -1.23041296e+01, 2.25000000e+00, 0.,
    -1.22895699e+01, 2.29999995e+00, 0., -1.22653904e+01, 2.34999990e+00,
    0., -1.22454700e+01, 2.40000010e+00, 0., -1.22478304e+01,
    2.45000005e+00, 0., -1.22451401e+01, 2.50000000e+00, 0.,
    -1.22399797e+01, 2.54999995e+00, 0., -1.22241201e+01, 2.59999990e+00,
    0., -1.22062197e+01, 2.65000010e+00, 0., -1.21931000e+01,
    2.70000005e+00, 0., -1.21769800e+01, 2.75000000e+00, 0.,
    -1.21644602e+01, 2.79999995e+00, 0., -1.21540003e+01, 2.84999990e+00,
    0., -1.21451797e+01, 2.90000010e+00, 0., -1.21393003e+01,
    2.95000005e+00, 0., -1.21383896e+01, 3., 0., -1.21411505e+01,
    3.04999995e+00, 0., -1.21384001e+01, 3.09999990e+00, 0.,
    -1.21269999e+01, 3.15000010e+00, 0., -1.21094799e+01, 3.20000005e+00,
    0., -1.20993404e+01, 3.25000000e+00, 0., -1.20924101e+01,
    3.29999995e+00, 0., -1.20722504e+01, 3.34999990e+00, 0.,
    -1.20501204e+01, 3.40000010e+00, 0., -1.20424805e+01, 3.45000005e+00,
    0., -1.20233097e+01, 3.50000000e+00, 0., -1.20029097e+01,
    3.54999995e+00, 0., -1.19961004e+01, 3.59999990e+00, 0.,
    -1.19921103e+01, 3.65000010e+00, 0., -1.19828300e+01, 3.70000005e+00,
    0., -1.19693403e+01, 3.75000000e+00, 0., -1.19576197e+01,
    3.79999995e+00, 0., -1.19407396e+01, 3.84999990e+00, 0.,
    -1.19224195e+01, 3.90000010e+00, 0., -1.19049397e+01, 3.95000005e+00,
    0., -1.18908596e+01, 4., 0., -1.18890200e+01, 4.05000019e+00, 0.,
    -1.18681202e+01, 4.09999990e+00, 0., -1.18468800e+01, 4.15000010e+00,
    0., -1.18438396e+01, 4.19999981e+00, 0., -1.18344498e+01,
    4.25000000e+00, 0., -1.18202496e+01, 4.30000019e+00, 0.,
    -1.17977600e+01, 4.34999990e+00, 0., -1.17775202e+01, 4.40000010e+00,
    0., -1.17723198e+01, 4.44999981e+00, 0., -1.17625599e+01,
    4.50000000e+00, 0., -1.17508802e+01, 4.55000019e+00, 0.,
    -1.17430096e+01, 4.59999990e+00, 0., -1.17385101e+01, 4.65000010e+00,
    0., -1.17311497e+01, 4.69999981e+00, 0., -1.17184896e+01,
    4.75000000e+00, 0., -1.17042904e+01, 4.80000019e+00, 0.,
    -1.16911602e+01, 4.84999990e+00, 0., -1.16806602e+01, 4.90000010e+00,
    0., -1.16771803e+01, 4.94999981e+00, 0., -1.16704197e+01, 5., 0.,
    -1.16637802e+01, 5.05000019e+00, 0., -1.16475096e+01, 5.09999990e+00,
    0., -1.16320200e+01, 5.15000010e+00, 0., -1.16285400e+01,
    5.19999981e+00, 0., -1.16147499e+01, 5.25000000e+00, 0.,
    -1.15987101e+01, 5.30000019e+00, 0., -1.15837402e+01, 5.34999990e+00,
    0., -1.15720501e+01, 5.40000010e+00, 0., -1.15693703e+01,
    5.44999981e+00, 0., -1.15635900e+01, 5.50000000e+00, 0.,
    -1.15576696e+01, 5.55000019e+00, 0., -1.15459700e+01, 5.59999990e+00,
    0., -1.15326204e+01, 5.65000010e+00, 0., -1.15201397e+01,
    5.69999981e+00, 0., -1.15074501e+01, 5.75000000e+00, 0.,
    -1.14988499e+01, 5.80000019e+00, 0., -1.14850502e+01, 5.84999990e+00,
    0., -1.14716997e+01, 5.90000010e+00, 0., -1.14649801e+01,
    5.94999981e+00, 0., -1.14495697e+01, 6., 0., -1.14335699e+01,
    6.05000019e+00, 0., -1.14120998e+01, 6.09999990e+00, 0.,
    -1.13935499e+01, 6.15000010e+00, 0., -1.13892698e+01, 6.19999981e+00,
    0., -1.13901997e+01, 6.25000000e+00, 0., -1.13943596e+01,
    6.30000019e+00, 0., -1.13952799e+01, 6.34999990e+00, 0.,
    -1.13811197e+01, 6.40000010e+00, 0., -1.13529997e+01, 6.44999981e+00,
    0., -1.13469496e+01, 6.50000000e+00, 0., -1.13590403e+01,
    6.55000019e+00, 0., -1.13648005e+01, 6.59999990e+00, 0.,
    -1.13520498e+01, 6.65000010e+00, 0., -1.13312101e+01, 6.69999981e+00,
    0., -1.13109703e+01, 6.75000000e+00, 0., -1.12939796e+01,
    6.80000019e+00, 0., -1.12860603e+01, 6.84999990e+00, 0.,
    -1.12710896e+01, 6.90000010e+00, 0., -1.12530899e+01, 6.94999981e+00,
    0., -1.12348299e+01, 7., 0., -1.12225504e+01, 7.05000019e+00, 0.,
    -1.12143803e+01, 7.09999990e+00, 0., -1.12105303e+01, 7.15000010e+00,
    0., -1.12104101e+01, 7.19999981e+00, 0., -1.12102203e+01,
    7.25000000e+00, 0., -1.12028399e+01, 7.30000019e+00, 0.,
    -1.11739597e+01, 7.34999990e+00, 0., -1.11485796e+01, 7.40000010e+00,
    0., -1.11412601e+01, 7.44999981e+00, 0., -1.11331301e+01,
    7.50000000e+00, 0., -1.11248598e+01, 7.55000019e+00, 0.,
    -1.11153402e+01, 7.59999990e+00, 0., -1.11051998e+01, 7.65000010e+00,
    0., -1.10992403e+01, 7.69999981e+00, 0., -1.11081800e+01,
    7.75000000e+00, 0., -1.11158895e+01, 7.80000019e+00, 0.,
    -1.11156502e+01, 7.84999990e+00, 0., -1.11110601e+01, 7.90000010e+00,
    0., -1.11064501e+01, 7.94999981e+00, 0., -1.11062098e+01, 8., 0.,
    -1.10781498e+01, 8.05000019e+00, 0., -1.10409098e+01, 8.10000038e+00,
    0., -1.09915400e+01, 8.14999962e+00, 0., -1.09505396e+01,
    8.19999981e+00, 0., -1.09757795e+01, 8.25000000e+00, 0.,
    -1.09846802e+01, 8.30000019e+00, 0., -1.09110403e+01, 8.35000038e+00,
    0., -1.08373203e+01, 8.39999962e+00, 0., -1.08371201e+01,
    8.44999981e+00, 0., -1.08368998e+01, 8.50000000e+00, 0.,
    -1.08367395e+01, 8.55000019e+00, 0., -1.08365097e+01, 8.60000038e+00,
    0., -1.08362799e+01, 8.64999962e+00, 0., -1.08361197e+01,
    8.69999981e+00, 0., -1.08359003e+01, 8.75000000e+00, 0.,
    -1.08255196e+01, 8.80000019e+00, 0., -1.07846403e+01, 8.85000038e+00,
    0., -1.07436705e+01, 8.89999962e+00, 0., -1.07434702e+01,
    8.94999981e+00, 0., -1.07431698e+01, 9., 0., -1.07428703e+01,
    9.05000019e+00, 0., -1.07426300e+01, 9.10000038e+00, 0.,
    -1.07423296e+01, 9.14999962e+00, 0., -1.07421303e+01, 9.19999981e+00,
    0., -1.07418003e+01, 9.25000000e+00, 0., -1.07414904e+01,
    9.30000019e+00, 0., -1.07412500e+01, 9.35000038e+00, 0.,
    -1.07002296e+01, 9.39999962e+00, 0., -1.06592703e+01, 9.44999981e+00,
    0., -1.06487799e+01, 9.50000000e+00, 0., -1.06367397e+01,
    9.55000019e+00, 0., -1.05895796e+01, 9.60000038e+00, 0.,
    -1.05422802e+01, 9.64999962e+00, 0., -1.05420399e+01, 9.69999981e+00,
    0., -1.05478401e+01, 9.75000000e+00, 0., -1.05556602e+01,
    9.80000019e+00, 0., -1.05554199e+01, 9.85000038e+00, 0.,
    -1.05245800e+01, 9.89999962e+00, 0., -1.04836597e+01, 9.94999981e+00,
    0., -1.05087795e+01, 10., 0., -1.05288200e+01, 1.00500002e+01, 0.,
    -1.04777002e+01, 1.01000004e+01, 0., -1.04264498e+01, 1.01499996e+01,
    0., -1.04262505e+01, 1.01999998e+01, 0., -1.04259396e+01,
    1.02500000e+01, 0., -1.04162903e+01, 1.03000002e+01, 0.,
