%YAML:1.0
---
profile: [ 3.09999990e+00, 0., 4.04937983e+00, 3.15000010e+00, 0.,
    4.05157995e+00, 3.20000005e+00, 0., 4.07572985e+00, 3.25000000e+00,
    0., 4.10641003e+00, 3.29999995e+00, 0., 4.10737991e+00,
    3.34999990e+00, 0., 4.10156012e+00, 3.40000010e+00, 0.,
    4.10008001e+00, 3.45000005e+00, 0., 4.09297991e+00, 3.50000000e+00,
    0., 4.08569002e+00, 3.54999995e+00, 0., 4.08121014e+00,
    3.59999990e+00, 0., 4.09201002e+00, 3.65000010e+00, 0.,
    4.10685015e+00, 3.70000005e+00, 0., 4.11856985e+00, 3.75000000e+00,
    0., 4.12782001e+00, 3.79999995e+00, 0., 4.13229990e+00,
    3.84999990e+00, 0., 4.13229990e+00, 3.90000010e+00, 0.,
    4.13063002e+00, 3.95000005e+00, 0., 4.12785006e+00, 4., 0.,
    4.12564993e+00, 4.05000019e+00, 0., 4.13352013e+00, 4.09999990e+00,
    0., 4.14907980e+00, 4.15000010e+00, 0., 4.16344023e+00,
    4.19999981e+00, 0., 4.18099022e+00, 4.25000000e+00, 0.,
    4.19442987e+00, 4.30000019e+00, 0., 4.20755005e+00, 4.34999990e+00,
    0., 4.20927000e+00, 4.40000010e+00, 0., 4.19815016e+00,
    4.44999981e+00, 0., 4.23253012e+00, 4.50000000e+00, 0.,
    4.26969004e+00, 4.55000019e+00, 0., 4.27903986e+00, 4.59999990e+00,
    0., 4.29999018e+00, 4.65000010e+00, 0., 4.34179020e+00,
    4.69999981e+00, 0., 4.36272001e+00, 4.75000000e+00, 0.,
    4.36283016e+00, 4.80000019e+00, 0., 4.36287022e+00, 4.84999990e+00,
    0., 4.36295986e+00, 4.90000010e+00, 0., 4.36306000e+00,
    4.94999981e+00, 0., 4.36310005e+00, 5., 0., 4.33517981e+00,
    5.05000019e+00, 0., 4.31209993e+00, 5.09999990e+00, 0.,
    4.32185984e+00, 5.15000010e+00, 0., 4.31477022e+00, 5.19999981e+00,
    0., 4.30614996e+00, 5.25000000e+00, 0., 4.30330992e+00,
    5.30000019e+00, 0., 4.30272007e+00, 5.34999990e+00, 0.,
    4.30705023e+00, 5.40000010e+00, 0., 4.31541014e+00, 5.44999981e+00,
    0., 4.31992006e+00, 5.50000000e+00, 0., 4.32446003e+00,
    5.55000019e+00, 0., 4.32982016e+00, 5.59999990e+00, 0.,
    4.34779978e+00, 5.65000010e+00, 0., 4.36816978e+00, 5.69999981e+00,
    0., 4.36833000e+00, 5.75000000e+00, 0., 4.36910009e+00,
    5.80000019e+00, 0., 4.37888002e+00, 5.84999990e+00, 0.,
    4.41431999e+00, 5.90000010e+00, 0., 4.44986010e+00, 5.94999981e+00,
    0., 4.44997978e+00, 6., 0., 4.45016003e+00, 6.05000019e+00, 0.,
    4.45031023e+00, 6.09999990e+00, 0., 4.45042992e+00, 6.15000010e+00,
    0., 4.45059013e+00, 6.19999981e+00, 0., 4.45076990e+00,
    6.25000000e+00, 0., 4.45089006e+00, 6.30000019e+00, 0.,
    4.48248005e+00, 6.34999990e+00, 0., 4.52443981e+00, 6.40000010e+00,
    0., 4.53513002e+00, 6.44999981e+00, 0., 4.51281977e+00,
    6.50000000e+00, 0., 4.46901989e+00, 6.55000019e+00, 0.,
    4.47365999e+00, 6.59999990e+00, 0., 4.48097992e+00, 6.65000010e+00,
    0., 4.48761988e+00, 6.69999981e+00, 0., 4.51033020e+00,
    6.75000000e+00, 0., 4.52767992e+00, 6.80000019e+00, 0.,
    4.53079987e+00, 6.84999990e+00, 0., 4.59434986e+00, 6.90000010e+00,
    0., 4.65707016e+00, 6.94999981e+00, 0., 4.67080021e+00, 7., 0.,
    4.64092016e+00, 7.05000019e+00, 0., 4.68111992e+00, 7.09999990e+00,
    0., 4.67535019e+00, 7.15000010e+00, 0., 4.62155008e+00,
    7.19999981e+00, 0., 4.62170982e+00, 7.25000000e+00, 0.,
    4.62197018e+00, 7.30000019e+00, 0., 4.62223005e+00, 7.34999990e+00,
    0., 4.62238979e+00, 7.40000010e+00, 0., 4.62264013e+00,
    7.44999981e+00, 0., 4.62286997e+00, 7.50000000e+00, 0.,
    4.62303019e+00, 7.55000019e+00, 0., 4.62325001e+00, 7.59999990e+00,
    0., 4.64202023e+00, 7.65000010e+00, 0., 4.67929983e+00,
    7.69999981e+00, 0., 4.70737982e+00, 7.75000000e+00, 0.,
    4.70754004e+00, 7.80000019e+00, 0., 4.70778990e+00, 7.84999990e+00,
    0., 4.70806980e+00, 7.90000010e+00, 0., 4.70827007e+00,
    7.94999981e+00, 0., 4.64819002e+00, 8., 0., 4.66688013e+00,
    8.05000019e+00, 0., 4.70060015e+00, 8.10000038e+00, 0.,
    4.70922995e+00, 8.14999962e+00, 0., 4.70949984e+00, 8.19999981e+00,
    0., 4.70970011e+00, 8.25000000e+00, 0., 4.70998001e+00,
    8.30000019e+00, 0., 4.71025991e+00, 8.35000038e+00, 0.,
    4.71046019e+00, 8.39999962e+00, 0., 4.75239992e+00, 8.44999981e+00,
    0., 4.78040981e+00, 8.50000000e+00, 0., 4.72517014e+00,
    8.55000019e+00, 0., 4.71155977e+00, 8.60000038e+00, 0.,
    4.71186018e+00, 8.64999962e+00, 0., 4.71205997e+00, 8.69999981e+00,
    0., 4.71234989e+00, 8.75000000e+00, 0., 4.71264982e+00,
    8.80000019e+00, 0., 4.71285009e+00, 8.85000038e+00, 0.,
    4.71313000e+00, 8.89999962e+00, 0., 4.73420000e+00, 8.94999981e+00,
    0., 4.77600002e+00, 9., 0., 4.79711008e+00, 9.05000019e+00, 0.,
    4.80663013e+00, 9.10000038e+00, 0., 4.84391022e+00, 9.14999962e+00,
    0., 4.88124990e+00, 9.19999981e+00, 0., 4.88141012e+00,
    9.25000000e+00, 0., 4.88164997e+00, 9.30000019e+00, 0.,
    4.88187981e+00, 9.35000038e+00, 0., 4.88204002e+00, 9.39999962e+00,
    0., 4.88225985e+00, 9.44999981e+00, 0., 4.88247013e+00,
    9.50000000e+00, 0., 4.88262987e+00, 9.55000019e+00, 0.,
    4.88283014e+00, 9.60000038e+00, 0., 4.88304996e+00, 9.64999962e+00,
    0., 4.88321018e+00, 9.69999981e+00, 0., 4.91464996e+00,
    9.75000000e+00, 0., 4.95640993e+00, 9.80000019e+00, 0.,
    4.98656988e+00, 9.85000038e+00, 0., 4.98191977e+00, 9.89999962e+00,
    0., 4.88428020e+00, 9.94999981e+00, 0., 4.88443995e+00, 10., 0.,
    4.88465977e+00, 1.00500002e+01, 0., 4.88489008e+00, 1.01000004e+01,
    0., 4.88508987e+00, 1.01499996e+01, 0., 4.93525982e+00,
    1.01999998e+01, 0., 5.00201988e+00, 1.02500000e+01, 0.,
    5.05219984e+00, 1.03000002e+01, 0., 5.05240011e+00, 1.03500004e+01,
    0., 4.98615980e+00, 1.03999996e+01, 0., 4.98933983e+00,
    1.04499998e+01, 0., 5.00265980e+00, 1.05000000e+01, 0.,
    4.97681999e+00, 1.05500002e+01, 0., 4.97056007e+00, 1.06000004e+01,
    0., 4.97079992e+00, 1.06499996e+01, 0., 4.97096014e+00,
    1.06999998e+01, 0., 4.97114992e+00, 1.07500000e+01, 0.,
    4.99215984e+00, 1.08000002e+01, 0., 5.03391981e+00, 1.08500004e+01,
    0., 5.05488014e+00, 1.08999996e+01, 0., 5.05496979e+00,
    1.09499998e+01, 0., 5.05500984e+00, 11., 0., 5.05508995e+00,
    1.10500002e+01, 0., 5.05515003e+00, 1.11000004e+01, 0.,
    5.05519009e+00, 1.11499996e+01, 0., 5.09171009e+00, 1.11999998e+01,
    0., 5.14034986e+00, 1.12500000e+01, 0., 5.15349007e+00,
    1.13000002e+01, 0., 5.14274979e+00, 1.13500004e+01, 0.,
    5.15930986e+00, 1.13999996e+01, 0., 5.12862015e+00, 1.14499998e+01,
    0., 5.10935020e+00, 1.15000000e+01, 0., 5.14874983e+00,
    1.15500002e+01, 0., 5.17843008e+00, 1.16000004e+01, 0.,
    5.17854977e+00, 1.16499996e+01, 0., 5.15262985e+00, 1.16999998e+01,
    0., 5.13976002e+00, 1.17500000e+01, 0., 5.15037012e+00,
    1.18000002e+01, 0., 5.19213009e+00, 1.18500004e+01, 0.,
    5.22352982e+00, 1.18999996e+01, 0., 5.22369003e+00, 1.19499998e+01,
    0., 5.22391987e+00, 12., 0., 5.22419977e+00, 1.20500002e+01, 0.,
    5.22440004e+00, 1.21000004e+01, 0., 5.22465992e+00, 1.21499996e+01,
    0., 5.22489977e+00, 1.21999998e+01, 0., 5.22505999e+00,
    1.22500000e+01, 0., 5.22531986e+00, 1.23000002e+01, 0.,
    5.20350981e+00, 1.23500004e+01, 0., 5.15967989e+00, 1.23999996e+01,
    0., 5.15988016e+00, 1.24499998e+01, 0., 5.18734980e+00,
    1.25000000e+01, 0., 5.22383022e+00, 1.25500002e+01, 0.,
    5.26756001e+00, 1.26000004e+01, 0., 5.30147982e+00, 1.26499996e+01,
    0., 5.31016016e+00, 1.26999998e+01, 0., 5.31045008e+00,
    1.27500000e+01, 0., 5.31064987e+00, 1.28000002e+01, 0.,
    5.31086016e+00, 1.28500004e+01, 0., 5.31106997e+00, 1.28999996e+01,
    0., 5.31119013e+00, 1.29499998e+01, 0., 5.31137991e+00, 13., 0.,
    5.31151009e+00, 1.30500002e+01, 0., 5.31159019e+00, 1.31000004e+01,
    0., 5.35266018e+00, 1.31499996e+01, 0., 5.37984991e+00,
    1.31999998e+01, 0., 5.32461023e+00, 1.32500000e+01, 0.,
    5.36280012e+00, 1.33000002e+01, 0., 5.41480017e+00, 1.33500004e+01,
    0., 5.42653990e+00, 1.33999996e+01, 0., 5.42527008e+00,
    1.34499998e+01, 0., 5.42474985e+00, 1.35000000e+01, 0.,
    5.42481995e+00, 1.35500002e+01, 0., 5.42511988e+00, 1.36000004e+01,
