%YAML:1.0
---
profile: [ 9.49999988e-01, 0., -4.50698996e+00, 1., 0.,
    -4.48766994e+00, 1.04999995e+00, 0., -4.47427988e+00, 1.10000002e+00,
    0., -4.46625996e+00, 1.14999998e+00, 0., -4.46309996e+00,
    1.20000005e+00, 0., -4.45123005e+00, 1.25000000e+00, 0.,
    -4.44097996e+00, 1.29999995e+00, 0., -4.44409990e+00, 1.35000002e+00,
    0., -4.44566011e+00, 1.39999998e+00, 0., -4.43799019e+00,
    1.45000005e+00, 0., -4.40735006e+00, 1.50000000e+00, 0.,
    -4.37992001e+00, 1.54999995e+00, 0., -4.39275980e+00, 1.60000002e+00,
    0., -4.40069008e+00, 1.64999998e+00, 0., -4.40144014e+00,
    1.70000005e+00, 0., -4.39591980e+00, 1.75000000e+00, 0.,
    -4.39311981e+00, 1.79999995e+00, 0., -4.38926983e+00, 1.85000002e+00,
    0., -4.37411022e+00, 1.89999998e+00, 0., -4.36583996e+00,
    1.95000005e+00, 0., -4.37207985e+00, 2., 0., -4.36416006e+00,
    2.04999995e+00, 0., -4.36176014e+00, 2.09999990e+00, 0.,
    -4.37116003e+00, 2.15000010e+00, 0., -4.37346983e+00, 2.20000005e+00,
    0., -4.37169981e+00, 2.25000000e+00, 0., -4.36821985e+00,
    2.29999995e+00, 0., -4.36643982e+00, 2.34999990e+00, 0.,
    -4.36938000e+00, 2.40000010e+00, 0., -4.38125992e+00, 2.45000005e+00,
    0., -4.38419008e+00, 2.50000000e+00, 0., -4.38554001e+00,
    2.54999995e+00, 0., -4.39097977e+00, 2.59999990e+00, 0.,
    -4.39367008e+00, 2.65000010e+00, 0., -4.37832022e+00, 2.70000005e+00,
    0., -4.31724024e+00, 2.75000000e+00, 0., -4.25615978e+00,
    2.79999995e+00, 0., -4.24079990e+00, 2.84999990e+00, 0.,
    -4.22692013e+00, 2.90000010e+00, 0., -4.19931984e+00, 2.95000005e+00,
    0., -4.21298981e+00, 3., 0., -4.23214006e+00, 3.04999995e+00, 0.,
    -4.21553993e+00, 3.09999990e+00, 0., -4.20717001e+00, 3.15000010e+00,
    0., -4.20703983e+00, 3.20000005e+00, 0., -4.20696020e+00,
    3.25000000e+00, 0., -4.20683002e+00, 3.29999995e+00, 0.,
    -4.20674992e+00, 3.34999990e+00, 0., -4.18111992e+00, 3.40000010e+00,
    0., -4.16399002e+00, 3.45000005e+00, 0., -4.19779015e+00,
    3.50000000e+00, 0., -4.19303989e+00, 3.54999995e+00, 0.,
    -4.18160009e+00, 3.59999990e+00, 0., -4.18851995e+00, 3.65000010e+00,
    0., -4.18360996e+00, 3.70000005e+00, 0., -4.17001009e+00,
    3.75000000e+00, 0., -4.16025019e+00, 3.79999995e+00, 0.,
    -4.13522005e+00, 3.84999990e+00, 0., -4.09982014e+00, 3.90000010e+00,
    0., -4.08096981e+00, 3.95000005e+00, 0., -4.09950018e+00, 4., 0.,
    -4.11189985e+00, 4.05000019e+00, 0., -4.08866978e+00, 4.09999990e+00,
    0., -4.04942989e+00, 4.15000010e+00, 0., -4.04408979e+00,
    4.19999981e+00, 0., -4.05831003e+00, 4.25000000e+00, 0.,
    -4.05818987e+00, 4.30000019e+00, 0., -4.05977011e+00, 4.34999990e+00,
    0., -4.05489016e+00, 4.40000010e+00, 0., -4.02656984e+00,
    4.44999981e+00, 0., -4.00172997e+00, 4.50000000e+00, 0.,
    -3.99452996e+00, 4.55000019e+00, 0., -3.98096991e+00, 4.59999990e+00,
    0., -3.96697998e+00, 4.65000010e+00, 0., -3.95826006e+00,
    4.69999981e+00, 0., -3.96086001e+00, 4.75000000e+00, 0.,
    -3.97057009e+00, 4.80000019e+00, 0., -3.97200990e+00, 4.84999990e+00,
    0., -3.97216010e+00, 4.90000010e+00, 0., -3.97140002e+00,
    4.94999981e+00, 0., -3.94790006e+00, 5., 0., -3.93210006e+00,
    5.05000019e+00, 0., -3.96185994e+00, 5.09999990e+00, 0.,
    -3.96682000e+00, 5.15000010e+00, 0., -3.94909000e+00, 5.19999981e+00,
    0., -3.91740990e+00, 5.25000000e+00, 0., -3.89512992e+00,
    5.30000019e+00, 0., -3.89808989e+00, 5.34999990e+00, 0.,
    -3.89239001e+00, 5.40000010e+00, 0., -3.87169003e+00, 5.44999981e+00,
    0., -3.83997011e+00, 5.50000000e+00, 0., -3.82240009e+00,
    5.55000019e+00, 0., -3.82019997e+00, 5.59999990e+00, 0.,
    -3.82028008e+00, 5.65000010e+00, 0., -3.82027006e+00, 5.69999981e+00,
    0., -3.81935000e+00, 5.75000000e+00, 0., -3.81182003e+00,
    5.80000019e+00, 0., -3.80561996e+00, 5.84999990e+00, 0.,
    -3.80410004e+00, 5.90000010e+00, 0., -3.81485009e+00, 5.94999981e+00,
    0., -3.81940007e+00, 6., 0., -3.80552006e+00, 6.05000019e+00, 0.,
    -3.79955006e+00, 6.09999990e+00, 0., -3.80109000e+00, 6.15000010e+00,
    0., -3.80165005e+00, 6.19999981e+00, 0., -3.79871988e+00,
    6.25000000e+00, 0., -3.79444003e+00, 6.30000019e+00, 0.,
    -3.76182008e+00, 6.34999990e+00, 0., -3.73022008e+00, 6.40000010e+00,
    0., -3.73006010e+00, 6.44999981e+00, 0., -3.70237994e+00,
    6.50000000e+00, 0., -3.66565990e+00, 6.55000019e+00, 0.,
    -3.64710999e+00, 6.59999990e+00, 0., -3.66035008e+00, 6.65000010e+00,
    0., -3.71410990e+00, 6.69999981e+00, 0., -3.71322989e+00,
    6.75000000e+00, 0., -3.69620991e+00, 6.80000019e+00, 0.,
    -3.68369007e+00, 6.84999990e+00, 0., -3.66664004e+00, 6.90000010e+00,
    0., -3.65384007e+00, 6.94999981e+00, 0., -3.65987992e+00, 7., 0.,
    -3.65917993e+00, 7.05000019e+00, 0., -3.65422010e+00, 7.09999990e+00,
    0., -3.64331007e+00, 7.15000010e+00, 0., -3.63186002e+00,
    7.19999981e+00, 0., -3.62346005e+00, 7.25000000e+00, 0.,
    -3.59867001e+00, 7.30000019e+00, 0., -3.57126999e+00, 7.34999990e+00,
    0., -3.59220004e+00, 7.40000010e+00, 0., -3.58418989e+00,
    7.44999981e+00, 0., -3.55495000e+00, 7.50000000e+00, 0.,
    -3.57076001e+00, 7.55000019e+00, 0., -3.58947992e+00, 7.59999990e+00,
    0., -3.56595993e+00, 7.65000010e+00, 0., -3.57452011e+00,
    7.69999981e+00, 0., -3.59468007e+00, 7.75000000e+00, 0.,
    -3.61324000e+00, 7.80000019e+00, 0., -3.56848001e+00, 7.84999990e+00,
    0., -3.51907992e+00, 7.90000010e+00, 0., -3.53846002e+00,
    7.94999981e+00, 0., -3.56298995e+00, 8., 0., -3.56349993e+00,
    8.05000019e+00, 0., -3.51945996e+00, 8.10000038e+00, 0.,
    -3.48336005e+00, 8.14999962e+00, 0., -3.51512003e+00, 8.19999981e+00,
    0., -3.51674008e+00, 8.25000000e+00, 0., -3.50566006e+00,
    8.30000019e+00, 0., -3.48670006e+00, 8.35000038e+00, 0.,
    -3.47198009e+00, 8.39999962e+00, 0., -3.46501994e+00, 8.44999981e+00,
    0., -3.46620011e+00, 8.50000000e+00, 0., -3.46129990e+00,
    8.55000019e+00, 0., -3.44706011e+00, 8.60000038e+00, 0.,
    -3.44125009e+00, 8.64999962e+00, 0., -3.43506002e+00, 8.69999981e+00,
    0., -3.41921997e+00, 8.75000000e+00, 0., -3.39737010e+00,
    8.80000019e+00, 0., -3.37884998e+00, 8.85000038e+00, 0.,
    -3.36772990e+00, 8.89999962e+00, 0., -3.36003995e+00, 8.94999981e+00,
    0., -3.35439992e+00, 9., 0., -3.35432005e+00, 9.05000019e+00, 0.,
    -3.36589003e+00, 9.10000038e+00, 0., -3.39744997e+00, 9.14999962e+00,
    0., -3.39901996e+00, 9.19999981e+00, 0., -3.38905001e+00,
    9.25000000e+00, 0., -3.37860990e+00, 9.30000019e+00, 0.,
    -3.37032008e+00, 9.35000038e+00, 0., -3.36615992e+00, 9.39999962e+00,
    0., -3.36599994e+00, 9.44999981e+00, 0., -3.34662008e+00,
    9.50000000e+00, 0., -3.32094002e+00, 9.55000019e+00, 0.,
    -3.30789995e+00, 9.60000038e+00, 0., -3.30745006e+00, 9.64999962e+00,
    0., -3.30648994e+00, 9.69999981e+00, 0., -3.29649997e+00,
    9.75000000e+00, 0., -3.28429008e+00, 9.80000019e+00, 0.,
    -3.28617001e+00, 9.85000038e+00, 0., -3.28749990e+00, 9.89999962e+00,
    0., -3.28733993e+00, 9.94999981e+00, 0., -3.27933002e+00, 10., 0.,
    -3.26971006e+00, 1.00500002e+01, 0., -3.26251006e+00, 1.01000004e+01,
    0., -3.25367999e+00, 1.01499996e+01, 0., -3.23863006e+00,
    1.01999998e+01, 0., -3.20647001e+00, 1.02500000e+01, 0.,
    -3.18373990e+00, 1.03000002e+01, 0., -3.18666005e+00, 1.03500004e+01,
    0., -3.17419004e+00, 1.03999996e+01, 0., -3.15633011e+00,
    1.04499998e+01, 0., -3.13769007e+00, 1.05000000e+01, 0.,
    -3.12199998e+00, 1.05500002e+01, 0., -3.11868000e+00, 1.06000004e+01,
    0., -3.12461996e+00, 1.06499996e+01, 0., -3.12962008e+00,
    1.06999998e+01, 0., -3.12942004e+00, 1.07500000e+01, 0.,
    -3.13302994e+00, 1.08000002e+01, 0., -3.13568997e+00, 1.08500004e+01,
    0., -3.13548994e+00, 1.08999996e+01, 0., -3.12563992e+00,
    1.09499998e+01, 0., -3.11383009e+00, 11., 0., -3.10578990e+00,
    1.10500002e+01, 0., -3.08829999e+00, 1.11000004e+01, 0.,
    -3.07033992e+00, 1.11499996e+01, 0., -3.06560993e+00, 1.11999998e+01,
