%YAML:1.0
---
profile: [ 6.49999976e-01, 0., -5.63262987e+00, 6.99999988e-01, 0.,
    -5.59930992e+00, 7.50000000e-01, 0., -5.56306982e+00, 8.00000012e-01,
    0., -5.53703022e+00, 8.50000024e-01, 0., -5.51207018e+00,
    8.99999976e-01, 0., -5.49272013e+00, 9.49999988e-01, 0.,
    -5.47883987e+00, 1., 0., -5.46959019e+00, 1.04999995e+00, 0.,
    -5.47195005e+00, 1.10000002e+00, 0., -5.46074009e+00, 1.14999998e+00,
    0., -5.44652987e+00, 1.20000005e+00, 0., -5.43700981e+00,
    1.25000000e+00, 0., -5.42543983e+00, 1.29999995e+00, 0.,
    -5.41639996e+00, 1.35000002e+00, 0., -5.38694000e+00, 1.39999998e+00,
    0., -5.35695982e+00, 1.45000005e+00, 0., -5.34583998e+00,
    1.50000000e+00, 0., -5.33194017e+00, 1.54999995e+00, 0.,
    -5.32081985e+00, 1.60000002e+00, 0., -5.31730986e+00, 1.64999998e+00,
    0., -5.31440020e+00, 1.70000005e+00, 0., -5.30567980e+00,
    1.75000000e+00, 0., -5.28773022e+00, 1.79999995e+00, 0.,
    -5.26969004e+00, 1.85000002e+00, 0., -5.25637007e+00, 1.89999998e+00,
    0., -5.24561977e+00, 1.95000005e+00, 0., -5.23725986e+00, 2., 0.,
    -5.21902990e+00, 2.04999995e+00, 0., -5.20031023e+00, 2.09999990e+00,
    0., -5.17396021e+00, 2.15000010e+00, 0., -5.14958000e+00,
    2.20000005e+00, 0., -5.13846016e+00, 2.25000000e+00, 0.,
    -5.12654018e+00, 2.29999995e+00, 0., -5.11938000e+00, 2.34999990e+00,
    0., -5.10994005e+00, 2.40000010e+00, 0., -5.10128021e+00,
    2.45000005e+00, 0., -5.09728003e+00, 2.50000000e+00, 0.,
    -5.08485985e+00, 2.54999995e+00, 0., -5.07098007e+00, 2.59999990e+00,
    0., -5.04319000e+00, 2.65000010e+00, 0., -5.01194000e+00,
    2.70000005e+00, 0., -4.98413992e+00, 2.75000000e+00, 0.,
    -4.95076990e+00, 2.79999995e+00, 0., -4.92580986e+00, 2.84999990e+00,
    0., -4.91321993e+00, 2.90000010e+00, 0., -4.91431999e+00,
    2.95000005e+00, 0., -4.91892004e+00, 3., 0., -4.92410994e+00,
    3.04999995e+00, 0., -4.92741013e+00, 3.09999990e+00, 0.,
    -4.92525005e+00, 3.15000010e+00, 0., -4.91839981e+00, 3.20000005e+00,
    0., -4.90799999e+00, 3.25000000e+00, 0., -4.88664007e+00,
    3.29999995e+00, 0., -4.85997009e+00, 3.34999990e+00, 0.,
    -4.82852983e+00, 3.40000010e+00, 0., -4.79198980e+00, 3.45000005e+00,
    0., -4.77183008e+00, 3.50000000e+00, 0., -4.75306988e+00,
    3.54999995e+00, 0., -4.74583006e+00, 3.59999990e+00, 0.,
    -4.73352003e+00, 3.65000010e+00, 0., -4.71846008e+00, 3.70000005e+00,
    0., -4.70018005e+00, 3.75000000e+00, 0., -4.69682980e+00,
    3.79999995e+00, 0., -4.70283985e+00, 3.84999990e+00, 0.,
    -4.69583988e+00, 3.90000010e+00, 0., -4.68654013e+00, 3.95000005e+00,
    0., -4.67854023e+00, 4., 0., -4.64269018e+00, 4.05000019e+00, 0.,
    -4.60889006e+00, 4.09999990e+00, 0., -4.59000015e+00, 4.15000010e+00,
    0., -4.58647013e+00, 4.19999981e+00, 0., -4.59498978e+00,
    4.25000000e+00, 0., -4.59079981e+00, 4.30000019e+00, 0.,
    -4.58243990e+00, 4.34999990e+00, 0., -4.57444000e+00, 4.40000010e+00,
    0., -4.56463003e+00, 4.44999981e+00, 0., -4.55695009e+00,
    4.50000000e+00, 0., -4.54224014e+00, 4.55000019e+00, 0.,
    -4.52880001e+00, 4.59999990e+00, 0., -4.52112007e+00, 4.65000010e+00,
    0., -4.51005983e+00, 4.69999981e+00, 0., -4.49493980e+00,
    4.75000000e+00, 0., -4.47293997e+00, 4.80000019e+00, 0.,
    -4.44602013e+00, 4.84999990e+00, 0., -4.42526007e+00, 4.90000010e+00,
    0., -4.40699005e+00, 4.94999981e+00, 0., -4.39655018e+00, 5., 0.,
    -4.37728024e+00, 5.05000019e+00, 0., -4.36022997e+00, 5.09999990e+00,
    0., -4.35119009e+00, 5.15000010e+00, 0., -4.33771992e+00,
    5.19999981e+00, 0., -4.32588005e+00, 5.25000000e+00, 0.,
    -4.30096006e+00, 5.30000019e+00, 0., -4.27712011e+00, 5.34999990e+00,
    0., -4.26987982e+00, 5.40000010e+00, 0., -4.25271988e+00,
    5.44999981e+00, 0., -4.23468018e+00, 5.50000000e+00, 0.,
    -4.21580982e+00, 5.55000019e+00, 0., -4.19740009e+00, 5.59999990e+00,
    0., -4.18211985e+00, 5.65000010e+00, 0., -4.16245985e+00,
    5.69999981e+00, 0., -4.14650011e+00, 5.75000000e+00, 0.,
    -4.14933014e+00, 5.80000019e+00, 0., -4.14384985e+00, 5.84999990e+00,
    0., -4.12257004e+00, 5.90000010e+00, 0., -4.09941006e+00,
    5.94999981e+00, 0., -4.08272982e+00, 6., 0., -4.06734991e+00,
    6.05000019e+00, 0., -4.05368996e+00, 6.09999990e+00, 0.,
    -4.04321003e+00, 6.15000010e+00, 0., -4.02954006e+00, 6.19999981e+00,
    0., -4.01872015e+00, 6.25000000e+00, 0., -4.02008009e+00,
    6.30000019e+00, 0., -4.01446009e+00, 6.34999990e+00, 0.,
    -4.00606012e+00, 6.40000010e+00, 0., -3.99432993e+00, 6.44999981e+00,
    0., -3.97490001e+00, 6.50000000e+00, 0., -3.95050001e+00,
    6.55000019e+00, 0., -3.93210006e+00, 6.59999990e+00, 0.,
    -3.93190002e+00, 6.65000010e+00, 0., -3.91313004e+00, 6.69999981e+00,
    0., -3.88573003e+00, 6.75000000e+00, 0., -3.85121012e+00,
    6.80000019e+00, 0., -3.83031011e+00, 6.84999990e+00, 0.,
    -3.84027004e+00, 6.90000010e+00, 0., -3.84256005e+00, 6.94999981e+00,
    0., -3.83130002e+00, 7., 0., -3.80913997e+00, 7.05000019e+00, 0.,
    -3.80965996e+00, 7.09999990e+00, 0., -3.81998992e+00, 7.15000010e+00,
    0., -3.79939008e+00, 7.19999981e+00, 0., -3.76253009e+00,
    7.25000000e+00, 0., -3.72716999e+00, 7.30000019e+00, 0.,
    -3.70458007e+00, 7.34999990e+00, 0., -3.69271994e+00, 7.40000010e+00,
    0., -3.67127991e+00, 7.44999981e+00, 0., -3.64819002e+00,
    7.50000000e+00, 0., -3.63426995e+00, 7.55000019e+00, 0.,
    -3.62892008e+00, 7.59999990e+00, 0., -3.62401009e+00, 7.65000010e+00,
    0., -3.59589005e+00, 7.69999981e+00, 0., -3.56984997e+00,
    7.75000000e+00, 0., -3.56005001e+00, 7.80000019e+00, 0.,
    -3.53494000e+00, 7.84999990e+00, 0., -3.50801992e+00, 7.90000010e+00,
    0., -3.50415993e+00, 7.94999981e+00, 0., -3.49938011e+00, 8., 0.,
    -3.48550010e+00, 8.05000019e+00, 0., -3.47540998e+00, 8.10000038e+00,
    0., -3.46888995e+00, 8.14999962e+00, 0., -3.45933008e+00,
    8.19999981e+00, 0., -3.44974995e+00, 8.25000000e+00, 0.,
    -3.44342995e+00, 8.30000019e+00, 0., -3.44405007e+00, 8.35000038e+00,
    0., -3.42753005e+00, 8.39999962e+00, 0., -3.39124990e+00,
    8.44999981e+00, 0., -3.36373997e+00, 8.50000000e+00, 0.,
    -3.35130000e+00, 8.55000019e+00, 0., -3.35736990e+00, 8.60000038e+00,
    0., -3.35393000e+00, 8.64999962e+00, 0., -3.33325005e+00,
    8.69999981e+00, 0., -3.32680988e+00, 8.75000000e+00, 0.,
    -3.32872009e+00, 8.80000019e+00, 0., -3.31523991e+00, 8.85000038e+00,
    0., -3.28549004e+00, 8.89999962e+00, 0., -3.25488997e+00,
    8.94999981e+00, 0., -3.24709010e+00, 9., 0., -3.25152993e+00,
    9.05000019e+00, 0., -3.22960997e+00, 9.10000038e+00, 0.,
    -3.21499991e+00, 9.14999962e+00, 0., -3.21867990e+00, 9.19999981e+00,
    0., -3.19203997e+00, 9.25000000e+00, 0., -3.16443992e+00,
    9.30000019e+00, 0., -3.16427994e+00, 9.35000038e+00, 0.,
    -3.14503002e+00, 9.39999962e+00, 0., -3.11954999e+00, 9.44999981e+00,
    0., -3.12318993e+00, 9.50000000e+00, 0., -3.13057995e+00,
    9.55000019e+00, 0., -3.13041997e+00, 9.60000038e+00, 0.,
    -3.11379004e+00, 9.64999962e+00, 0., -3.08644009e+00, 9.69999981e+00,
    0., -3.04340005e+00, 9.75000000e+00, 0., -3.00797009e+00,
    9.80000019e+00, 0., -3.00168991e+00, 9.85000038e+00, 0.,
    -3.00129008e+00, 9.89999962e+00, 0., -3.00302005e+00, 9.94999981e+00,
    0., -2.99505997e+00, 10., 0., -2.97502995e+00, 1.00500002e+01, 0.,
    -2.95371008e+00, 1.01000004e+01, 0., -2.94894004e+00, 1.01499996e+01,
    0., -2.94453001e+00, 1.01999998e+01, 0., -2.93480992e+00,
    1.02500000e+01, 0., -2.91392994e+00, 1.03000002e+01, 0.,
    -2.89261007e+00, 1.03500004e+01, 0., -2.86397004e+00, 1.03999996e+01,
    0., -2.83540010e+00, 1.04499998e+01, 0., -2.81412005e+00,
    1.05000000e+01, 0., -2.80741000e+00, 1.05500002e+01, 0.,
    -2.80897999e+00, 1.06000004e+01, 0., -2.79446006e+00, 1.06499996e+01,
    0., -2.77796006e+00, 1.06999998e+01, 0., -2.76683998e+00,
    1.07500000e+01, 0., -2.75767994e+00, 1.08000002e+01, 0.,
    -2.74851990e+00, 1.08500004e+01, 0., -2.73740005e+00, 1.08999996e+01,
