%YAML:1.0
---
profile: [ 3., 0., 3.61959004e+00, 3.04999995e+00, 0., 3.64054990e+00,
    3.09999990e+00, 0., 3.63530993e+00, 3.15000010e+00, 0.,
    3.61995006e+00, 3.20000005e+00, 0., 3.62067008e+00, 3.25000000e+00,
    0., 3.62807989e+00, 3.29999995e+00, 0., 3.63546991e+00,
    3.34999990e+00, 0., 3.63618994e+00, 3.40000010e+00, 0.,
    3.62280989e+00, 3.45000005e+00, 0., 3.60904002e+00, 3.50000000e+00,
    0., 3.60904002e+00, 3.54999995e+00, 0., 3.64628005e+00,
    3.59999990e+00, 0., 3.68352008e+00, 3.65000010e+00, 0.,
    3.62581992e+00, 3.70000005e+00, 0., 3.60905004e+00, 3.75000000e+00,
    0., 3.60907006e+00, 3.79999995e+00, 0., 3.60907006e+00,
    3.84999990e+00, 0., 3.63200998e+00, 3.90000010e+00, 0.,
    3.65497994e+00, 3.95000005e+00, 0., 3.65497994e+00, 4., 0.,
    3.68385005e+00, 4.05000019e+00, 0., 3.72229004e+00, 4.09999990e+00,
    0., 3.74151993e+00, 4.15000010e+00, 0., 3.74159002e+00,
    4.19999981e+00, 0., 3.74163008e+00, 4.25000000e+00, 0.,
    3.74446988e+00, 4.30000019e+00, 0., 3.74324012e+00, 4.34999990e+00,
    0., 3.72323990e+00, 4.40000010e+00, 0., 3.72156000e+00,
    4.44999981e+00, 0., 3.72826004e+00, 4.50000000e+00, 0.,
    3.74178004e+00, 4.55000019e+00, 0., 3.72109008e+00, 4.59999990e+00,
    0., 3.69366002e+00, 4.65000010e+00, 0., 3.69370008e+00,
    4.69999981e+00, 0., 3.69376993e+00, 4.75000000e+00, 0.,
    3.70199990e+00, 4.80000019e+00, 0., 3.71840000e+00, 4.84999990e+00,
    0., 3.73001003e+00, 4.90000010e+00, 0., 3.73995996e+00,
    4.94999981e+00, 0., 3.76160002e+00, 5., 0., 3.79883003e+00,
    5.05000019e+00, 0., 3.84079003e+00, 5.09999990e+00, 0.,
    3.87408996e+00, 5.15000010e+00, 0., 3.89049006e+00, 5.19999981e+00,
    0., 3.88346004e+00, 5.25000000e+00, 0., 3.87403989e+00,
    5.30000019e+00, 0., 3.87192011e+00, 5.34999990e+00, 0.,
    3.87077999e+00, 5.40000010e+00, 0., 3.87040997e+00, 5.44999981e+00,
    0., 3.87056994e+00, 5.50000000e+00, 0., 3.86909008e+00,
    5.55000019e+00, 0., 3.86565995e+00, 5.59999990e+00, 0.,
    3.86392999e+00, 5.65000010e+00, 0., 3.87124991e+00, 5.69999981e+00,
    0., 3.87162995e+00, 5.75000000e+00, 0., 3.86251998e+00,
    5.80000019e+00, 0., 3.86719990e+00, 5.84999990e+00, 0.,
    3.87495995e+00, 5.90000010e+00, 0., 3.88332009e+00, 5.94999981e+00,
    0., 3.88257003e+00, 6., 0., 3.88648009e+00, 6.05000019e+00, 0.,
    3.89856005e+00, 6.09999990e+00, 0., 3.90851998e+00, 6.15000010e+00,
    0., 3.92560005e+00, 6.19999981e+00, 0., 3.94935989e+00,
    6.25000000e+00, 0., 3.96829009e+00, 6.30000019e+00, 0.,
    3.97761011e+00, 6.34999990e+00, 0., 3.98163009e+00, 6.40000010e+00,
    0., 3.98634005e+00, 6.44999981e+00, 0., 3.99322009e+00,
    6.50000000e+00, 0., 3.98617005e+00, 6.55000019e+00, 0.,
    3.98230004e+00, 6.59999990e+00, 0., 3.98769999e+00, 6.65000010e+00,
    0., 3.97618008e+00, 6.69999981e+00, 0., 3.97816992e+00,
    6.75000000e+00, 0., 3.98940992e+00, 6.80000019e+00, 0.,
    3.98271990e+00, 6.84999990e+00, 0., 3.98537993e+00, 6.90000010e+00,
    0., 4.00498009e+00, 6.94999981e+00, 0., 4.02901983e+00, 7., 0.,
    4.04836988e+00, 7.05000019e+00, 0., 4.04929018e+00, 7.09999990e+00,
    0., 4.04936981e+00, 7.15000010e+00, 0., 4.04733992e+00,
    7.19999981e+00, 0., 4.04158020e+00, 7.25000000e+00, 0.,
    4.03712988e+00, 7.30000019e+00, 0., 4.03568983e+00, 7.34999990e+00,
    0., 4.03809023e+00, 7.40000010e+00, 0., 4.01397991e+00,
    7.44999981e+00, 0., 4.00311995e+00, 7.50000000e+00, 0.,
    4.03204012e+00, 7.55000019e+00, 0., 4.04888010e+00, 7.59999990e+00,
    0., 4.05360985e+00, 7.65000010e+00, 0., 4.05977011e+00,
    7.69999981e+00, 0., 4.06302023e+00, 7.75000000e+00, 0.,
    4.06571007e+00, 7.80000019e+00, 0., 4.07566977e+00, 7.84999990e+00,
    0., 4.07846022e+00, 7.90000010e+00, 0., 4.07310009e+00,
    7.94999981e+00, 0., 4.08894014e+00, 8., 0., 4.08702993e+00,
    8.05000019e+00, 0., 4.06208992e+00, 8.10000038e+00, 0.,
    4.07273006e+00, 8.14999962e+00, 0., 4.07517004e+00, 8.19999981e+00,
    0., 4.06492996e+00, 8.25000000e+00, 0., 4.06813002e+00,
    8.30000019e+00, 0., 4.07215977e+00, 8.35000038e+00, 0.,
    4.07754993e+00, 8.39999962e+00, 0., 4.08622980e+00, 8.44999981e+00,
    0., 4.09884977e+00, 8.50000000e+00, 0., 4.11101007e+00,
    8.55000019e+00, 0., 4.11951017e+00, 8.60000038e+00, 0.,
    4.13190985e+00, 8.64999962e+00, 0., 4.14850998e+00, 8.69999981e+00,
    0., 4.15976000e+00, 8.75000000e+00, 0., 4.16600990e+00,
    8.80000019e+00, 0., 4.17516994e+00, 8.85000038e+00, 0.,
    4.18234015e+00, 8.89999962e+00, 0., 4.18578005e+00, 8.94999981e+00,
    0., 4.18832016e+00, 9., 0., 4.19006014e+00, 9.05000019e+00, 0.,
    4.19097996e+00, 9.10000038e+00, 0., 4.19216013e+00, 9.14999962e+00,
    0., 4.19371986e+00, 9.19999981e+00, 0., 4.19540024e+00,
    9.25000000e+00, 0., 4.19823980e+00, 9.30000019e+00, 0.,
    4.20168018e+00, 9.35000038e+00, 0., 4.20484018e+00, 9.39999962e+00,
    0., 4.20810986e+00, 9.44999981e+00, 0., 4.21229982e+00,
    9.50000000e+00, 0., 4.21697998e+00, 9.55000019e+00, 0.,
    4.22355986e+00, 9.60000038e+00, 0., 4.22885990e+00, 9.64999962e+00,
    0., 4.23125982e+00, 9.69999981e+00, 0., 4.23726988e+00,
    9.75000000e+00, 0., 4.24273014e+00, 9.80000019e+00, 0.,
    4.24288988e+00, 9.85000038e+00, 0., 4.24202013e+00, 9.89999962e+00,
    0., 4.24014997e+00, 9.94999981e+00, 0., 4.23779011e+00, 10., 0.,
    4.23443985e+00, 1.00500002e+01, 0., 4.23442984e+00, 1.01000004e+01,
    0., 4.23855019e+00, 1.01499996e+01, 0., 4.24748993e+00,
    1.01999998e+01, 0., 4.25673008e+00, 1.02500000e+01, 0.,
    4.25692987e+00, 1.03000002e+01, 0., 4.25495005e+00, 1.03500004e+01,
    0., 4.25278997e+00, 1.03999996e+01, 0., 4.25518990e+00,
    1.04499998e+01, 0., 4.26771021e+00, 1.05000000e+01, 0.,
    4.28479004e+00, 1.05500002e+01, 0., 4.29270983e+00, 1.06000004e+01,
    0., 4.29614019e+00, 1.06499996e+01, 0., 4.29028988e+00,
    1.06999998e+01, 0., 4.28740978e+00, 1.07500000e+01, 0.,
    4.30316019e+00, 1.08000002e+01, 0., 4.32607985e+00, 1.08500004e+01,
    0., 4.33708000e+00, 1.08999996e+01, 0., 4.33959007e+00,
    1.09499998e+01, 0., 4.33666992e+00, 11., 0., 4.34197998e+00,
    1.10500002e+01, 0., 4.34357023e+00, 1.11000004e+01, 0.,
    4.33772993e+00, 1.11499996e+01, 0., 4.33938980e+00, 1.11999998e+01,
    0., 4.35026979e+00, 1.12500000e+01, 0., 4.36735010e+00,
    1.13000002e+01, 0., 4.37825012e+00, 1.13500004e+01, 0.,
    4.38199997e+00, 1.13999996e+01, 0., 4.38435984e+00, 1.14499998e+01,
    0., 4.38735008e+00, 1.15000000e+01, 0., 4.38935995e+00,
    1.15500002e+01, 0., 4.38804007e+00, 1.16000004e+01, 0.,
    4.38971996e+00, 1.16499996e+01, 0., 4.39327002e+00, 1.16999998e+01,
    0., 4.39490986e+00, 1.17500000e+01, 0., 4.39586020e+00,
    1.18000002e+01, 0., 4.39550018e+00, 1.18500004e+01, 0.,
    4.39349985e+00, 1.18999996e+01, 0., 4.39486980e+00, 1.19499998e+01,
    0., 4.39941978e+00, 12., 0., 4.40477991e+00, 1.20500002e+01, 0.,
    4.40767002e+00, 1.21000004e+01, 0., 4.40442991e+00, 1.21499996e+01,
    0., 4.40090990e+00, 1.21999998e+01, 0., 4.39930010e+00,
    1.22500000e+01, 0., 4.40032005e+00, 1.23000002e+01, 0.,
    4.40352011e+00, 1.23500004e+01, 0., 4.40869999e+00, 1.23999996e+01,
    0., 4.41345978e+00, 1.24499998e+01, 0., 4.41859007e+00,
    1.25000000e+01, 0., 4.42354012e+00, 1.25500002e+01, 0.,
    4.42746019e+00, 1.26000004e+01, 0., 4.42642021e+00, 1.26499996e+01,
    0., 4.42868996e+00, 1.26999998e+01, 0., 4.43628979e+00,
    1.27500000e+01, 0., 4.45852995e+00, 1.28000002e+01, 0.,
    4.48154020e+00, 1.28500004e+01, 0., 4.49209976e+00, 1.28999996e+01,
    0., 4.50026989e+00, 1.29499998e+01, 0., 4.50476980e+00, 13., 0.,
    4.50717020e+00, 1.30500002e+01, 0., 4.50795984e+00, 1.31000004e+01,
    0., 4.50723982e+00, 1.31499996e+01, 0., 4.50672007e+00,
    1.31999998e+01, 0., 4.50328016e+00, 1.32500000e+01, 0.,
    4.50040007e+00, 1.33000002e+01, 0., 4.50583982e+00, 1.33500004e+01,
    0., 4.52047014e+00, 1.33999996e+01, 0., 4.53631020e+00,
    1.34499998e+01, 0., 4.53978014e+00, 1.35000000e+01, 0.,
