%YAML:1.0
---
profile: [ 4.49999988e-01, 0., -6.50611019e+00, 5.00000000e-01, 0.,
    -6.50614977e+00, 5.50000012e-01, 0., -6.50374985e+00, 6.00000024e-01,
    0., -6.49711990e+00, 6.49999976e-01, 0., -6.48969984e+00,
    6.99999988e-01, 0., -6.48890018e+00, 7.50000000e-01, 0.,
    -6.48369980e+00, 8.00000012e-01, 0., -6.47737980e+00, 8.50000024e-01,
    0., -6.48137999e+00, 8.99999976e-01, 0., -6.48072004e+00,
    9.49999988e-01, 0., -6.47111988e+00, 1., 0., -6.47077990e+00,
    1.04999995e+00, 0., -6.47081995e+00, 1.10000002e+00, 0.,
    -6.46282005e+00, 1.14999998e+00, 0., -6.44495010e+00, 1.20000005e+00,
    0., -6.42650986e+00, 1.25000000e+00, 0., -6.40859985e+00,
    1.29999995e+00, 0., -6.39486980e+00, 1.35000002e+00, 0.,
    -6.39322996e+00, 1.39999998e+00, 0., -6.38398981e+00, 1.45000005e+00,
    0., -6.37278986e+00, 1.50000000e+00, 0., -6.36032009e+00,
    1.54999995e+00, 0., -6.34434986e+00, 1.60000002e+00, 0.,
    -6.32686996e+00, 1.64999998e+00, 0., -6.30601978e+00, 1.70000005e+00,
    0., -6.28993988e+00, 1.75000000e+00, 0., -6.25282001e+00,
    1.79999995e+00, 0., -6.21977997e+00, 1.85000002e+00, 0.,
    -6.21142006e+00, 1.89999998e+00, 0., -6.24557018e+00, 1.95000005e+00,
    0., -6.29406023e+00, 2., 0., -6.28849983e+00, 2.04999995e+00, 0.,
    -6.27297020e+00, 2.09999990e+00, 0., -6.25605011e+00, 2.15000010e+00,
    0., -6.24939013e+00, 2.20000005e+00, 0., -6.24990988e+00,
    2.25000000e+00, 0., -6.25463009e+00, 2.29999995e+00, 0.,
    -6.25177002e+00, 2.34999990e+00, 0., -6.24344015e+00, 2.40000010e+00,
    0., -6.23292017e+00, 2.45000005e+00, 0., -6.22580004e+00,
    2.50000000e+00, 0., -6.22429991e+00, 2.54999995e+00, 0.,
    -6.22821999e+00, 2.59999990e+00, 0., -6.22807980e+00, 2.65000010e+00,
    0., -6.22527981e+00, 2.70000005e+00, 0., -6.21492004e+00,
    2.75000000e+00, 0., -6.20851994e+00, 2.79999995e+00, 0.,
    -6.21004009e+00, 2.84999990e+00, 0., -6.20478010e+00, 2.90000010e+00,
    0., -6.19651985e+00, 2.95000005e+00, 0., -6.18607998e+00, 3., 0.,
    -6.17866993e+00, 3.04999995e+00, 0., -6.17578983e+00, 3.09999990e+00,
    0., -6.16857004e+00, 3.15000010e+00, 0., -6.16239977e+00,
    3.20000005e+00, 0., -6.15988016e+00, 3.25000000e+00, 0.,
    -6.15496016e+00, 3.29999995e+00, 0., -6.14722013e+00, 3.34999990e+00,
    0., -6.13354015e+00, 3.40000010e+00, 0., -6.11773014e+00,
    3.45000005e+00, 0., -6.10577011e+00, 3.50000000e+00, 0.,
    -6.08436012e+00, 3.54999995e+00, 0., -6.06311989e+00, 3.59999990e+00,
    0., -6.05187988e+00, 3.65000010e+00, 0., -6.04404020e+00,
    3.70000005e+00, 0., -6.04116011e+00, 3.75000000e+00, 0.,
    -6.03231001e+00, 3.79999995e+00, 0., -6.02700996e+00, 3.84999990e+00,
    0., -6.02849007e+00, 3.90000010e+00, 0., -6.01626015e+00,
    3.95000005e+00, 0., -6.00402021e+00, 4., 0., -6.00545979e+00,
    4.05000019e+00, 0., -6.00089979e+00, 4.09999990e+00, 0.,
    -5.99385977e+00, 4.15000010e+00, 0., -5.98554993e+00, 4.19999981e+00,
    0., -5.97638988e+00, 4.25000000e+00, 0., -5.96790981e+00,
    4.30000019e+00, 0., -5.95873022e+00, 4.34999990e+00, 0.,
    -5.94995022e+00, 4.40000010e+00, 0., -5.94103003e+00, 4.44999981e+00,
    0., -5.93071985e+00, 4.50000000e+00, 0., -5.92292023e+00,
    4.55000019e+00, 0., -5.91286993e+00, 4.59999990e+00, 0.,
    -5.90670013e+00, 4.65000010e+00, 0., -5.90657997e+00, 4.69999981e+00,
    0., -5.89434004e+00, 4.75000000e+00, 0., -5.87581015e+00,
    4.80000019e+00, 0., -5.86665010e+00, 4.84999990e+00, 0.,
    -5.85771990e+00, 4.90000010e+00, 0., -5.85360003e+00, 4.94999981e+00,
    0., -5.84408998e+00, 5., 0., -5.83355999e+00, 5.05000019e+00, 0.,
    -5.82543993e+00, 5.09999990e+00, 0., -5.82005978e+00, 5.15000010e+00,
    0., -5.81544018e+00, 5.19999981e+00, 0., -5.80416012e+00,
    5.25000000e+00, 0., -5.79520988e+00, 5.30000019e+00, 0.,
    -5.79425001e+00, 5.34999990e+00, 0., -5.79380989e+00, 5.40000010e+00,
    0., -5.79377985e+00, 5.44999981e+00, 0., -5.79438019e+00,
    5.50000000e+00, 0., -5.79452991e+00, 5.55000019e+00, 0.,
    -5.79288006e+00, 5.59999990e+00, 0., -5.78711987e+00, 5.65000010e+00,
    0., -5.78884983e+00, 5.69999981e+00, 0., -5.79441023e+00,
    5.75000000e+00, 0., -5.79217005e+00, 5.80000019e+00, 0.,
    -5.78874016e+00, 5.84999990e+00, 0., -5.78537989e+00, 5.90000010e+00,
    0., -5.77714014e+00, 5.94999981e+00, 0., -5.76563978e+00, 6., 0.,
    -5.75368023e+00, 6.05000019e+00, 0., -5.73229980e+00, 6.09999990e+00,
    0., -5.71186018e+00, 6.15000010e+00, 0., -5.70336008e+00,
    6.19999981e+00, 0., -5.68100023e+00, 6.25000000e+00, 0.,
    -5.64135981e+00, 6.30000019e+00, 0., -5.61154985e+00, 6.34999990e+00,
    0., -5.61143017e+00, 6.40000010e+00, 0., -5.61124992e+00,
    6.44999981e+00, 0., -5.61107016e+00, 6.50000000e+00, 0.,
    -5.61094999e+00, 6.55000019e+00, 0., -5.61073017e+00, 6.59999990e+00,
    0., -5.61048985e+00, 6.65000010e+00, 0., -5.61029005e+00,
    6.69999981e+00, 0., -5.61004019e+00, 6.75000000e+00, 0.,
    -5.60977983e+00, 6.80000019e+00, 0., -5.60958004e+00, 6.84999990e+00,
    0., -5.60935020e+00, 6.90000010e+00, 0., -5.60918999e+00,
    6.94999981e+00, 0., -5.60890007e+00, 7., 0., -5.58326006e+00,
    7.05000019e+00, 0., -5.53234005e+00, 7.09999990e+00, 0.,
    -5.51444006e+00, 7.15000010e+00, 0., -5.55051994e+00, 7.19999981e+00,
    0., -5.53212023e+00, 7.25000000e+00, 0., -5.51537991e+00,
    7.30000019e+00, 0., -5.50962019e+00, 7.34999990e+00, 0.,
    -5.49337006e+00, 7.40000010e+00, 0., -5.48011017e+00, 7.44999981e+00,
    0., -5.48622990e+00, 7.50000000e+00, 0., -5.50106001e+00,
    7.55000019e+00, 0., -5.51684999e+00, 7.59999990e+00, 0.,
    -5.51744986e+00, 7.65000010e+00, 0., -5.51702976e+00, 7.69999981e+00,
    0., -5.51599979e+00, 7.75000000e+00, 0., -5.51584005e+00,
    7.80000019e+00, 0., -5.51564980e+00, 7.84999990e+00, 0.,
    -5.51553011e+00, 7.90000010e+00, 0., -5.47089005e+00, 7.94999981e+00,
    0., -5.42627001e+00, 8., 0., -5.42614985e+00, 8.05000019e+00, 0.,
    -5.42592001e+00, 8.10000038e+00, 0., -5.42575979e+00, 8.14999962e+00,
    0., -5.39916992e+00, 8.19999981e+00, 0., -5.36895990e+00,
    8.25000000e+00, 0., -5.35423994e+00, 8.30000019e+00, 0.,
    -5.37580013e+00, 8.35000038e+00, 0., -5.42465019e+00, 8.39999962e+00,
    0., -5.42448997e+00, 8.44999981e+00, 0., -5.42431021e+00,
    8.50000000e+00, 0., -5.41118002e+00, 8.55000019e+00, 0.,
    -5.35926008e+00, 8.60000038e+00, 0., -5.31128979e+00, 8.64999962e+00,
    0., -5.32697010e+00, 8.69999981e+00, 0., -5.33469009e+00,
    8.75000000e+00, 0., -5.33447981e+00, 8.80000019e+00, 0.,
    -5.33432007e+00, 8.85000038e+00, 0., -5.31849003e+00, 8.89999962e+00,
    0., -5.29753017e+00, 8.94999981e+00, 0., -5.31977987e+00, 9., 0.,
    -5.30054998e+00, 9.05000019e+00, 0., -5.25658989e+00, 9.10000038e+00,
    0., -5.23042011e+00, 9.14999962e+00, 0., -5.24397993e+00,
    9.19999981e+00, 0., -5.24382019e+00, 9.25000000e+00, 0.,
    -5.24353981e+00, 9.30000019e+00, 0., -5.24334002e+00, 9.35000038e+00,
    0., -5.24304008e+00, 9.39999962e+00, 0., -5.24271011e+00,
    9.44999981e+00, 0., -5.24246979e+00, 9.50000000e+00, 0.,
    -5.24215984e+00, 9.55000019e+00, 0., -5.24187994e+00, 9.60000038e+00,
    0., -5.24168015e+00, 9.64999962e+00, 0., -5.21856022e+00,
    9.69999981e+00, 0., -5.18788004e+00, 9.75000000e+00, 0.,
    -5.20488024e+00, 9.80000019e+00, 0., -5.20411015e+00, 9.85000038e+00,
    0., -5.18662977e+00, 9.89999962e+00, 0., -5.18039989e+00,
    9.94999981e+00, 0., -5.18966007e+00, 10., 0., -5.21082020e+00,
    1.00500002e+01, 0., -5.17351007e+00, 1.01000004e+01, 0.,
    -5.13090992e+00, 1.01499996e+01, 0., -5.12001991e+00, 1.01999998e+01,
    0., -5.11977005e+00, 1.02500000e+01, 0., -5.11956978e+00,
    1.03000002e+01, 0., -5.11930990e+00, 1.03500004e+01, 0.,
    -5.11628008e+00, 1.03999996e+01, 0., -5.11055994e+00, 1.04499998e+01,
    0., -5.10753012e+00, 1.05000000e+01, 0., -5.10134983e+00,
    1.05500002e+01, 0., -5.07763004e+00, 1.06000004e+01, 0.,
    -5.05001020e+00, 1.06499996e+01, 0., -5.03044987e+00, 1.06999998e+01,
