%YAML:1.0
---
profile: [ 2.95000005e+00, 0., 3.46973991e+00, 3., 0., 3.47869992e+00,
    3.04999995e+00, 0., 3.45230007e+00, 3.09999990e+00, 0.,
    3.43059993e+00, 3.15000010e+00, 0., 3.44899988e+00, 3.20000005e+00,
    0., 3.46106005e+00, 3.25000000e+00, 0., 3.46555996e+00,
    3.29999995e+00, 0., 3.46851993e+00, 3.34999990e+00, 0.,
    3.47495008e+00, 3.40000010e+00, 0., 3.48147011e+00, 3.45000005e+00,
    0., 3.48317003e+00, 3.50000000e+00, 0., 3.48540998e+00,
    3.54999995e+00, 0., 3.48989010e+00, 3.59999990e+00, 0.,
    3.50076008e+00, 3.65000010e+00, 0., 3.50207996e+00, 3.70000005e+00,
    0., 3.49011993e+00, 3.75000000e+00, 0., 3.50885010e+00,
    3.79999995e+00, 0., 3.52519011e+00, 3.84999990e+00, 0.,
    3.52519011e+00, 3.90000010e+00, 0., 3.54619002e+00, 3.95000005e+00,
    0., 3.56919003e+00, 4., 0., 3.57707000e+00, 4.05000019e+00, 0.,
    3.59840012e+00, 4.09999990e+00, 0., 3.62919998e+00, 4.15000010e+00,
    0., 3.65140009e+00, 4.19999981e+00, 0., 3.66082001e+00,
    4.25000000e+00, 0., 3.66233993e+00, 4.30000019e+00, 0.,
    3.66483998e+00, 4.34999990e+00, 0., 3.66791010e+00, 4.40000010e+00,
    0., 3.67094994e+00, 4.44999981e+00, 0., 3.68038011e+00,
    4.50000000e+00, 0., 3.69090009e+00, 4.55000019e+00, 0.,
    3.68384004e+00, 4.59999990e+00, 0., 3.67663002e+00, 4.65000010e+00,
    0., 3.67667007e+00, 4.69999981e+00, 0., 3.68044996e+00,
    4.75000000e+00, 0., 3.69081998e+00, 4.80000019e+00, 0.,
    3.70582008e+00, 4.84999990e+00, 0., 3.74278998e+00, 4.90000010e+00,
    0., 3.77599001e+00, 4.94999981e+00, 0., 3.79861999e+00, 5., 0.,
    3.79885006e+00, 5.05000019e+00, 0., 3.77793002e+00, 5.09999990e+00,
    0., 3.81333995e+00, 5.15000010e+00, 0., 3.84250998e+00,
    5.19999981e+00, 0., 3.79635000e+00, 5.25000000e+00, 0.,
    3.76300001e+00, 5.30000019e+00, 0., 3.74938989e+00, 5.34999990e+00,
    0., 3.74601007e+00, 5.40000010e+00, 0., 3.74689007e+00,
    5.44999981e+00, 0., 3.75976992e+00, 5.50000000e+00, 0.,
    3.77628994e+00, 5.55000019e+00, 0., 3.82190990e+00, 5.59999990e+00,
    0., 3.86345005e+00, 5.65000010e+00, 0., 3.86361003e+00,
    5.69999981e+00, 0., 3.86382008e+00, 5.75000000e+00, 0.,
    3.86711001e+00, 5.80000019e+00, 0., 3.87963009e+00, 5.84999990e+00,
    0., 3.88088989e+00, 5.90000010e+00, 0., 3.87056994e+00,
    5.94999981e+00, 0., 3.89489007e+00, 6., 0., 3.91712999e+00,
    6.05000019e+00, 0., 3.92509007e+00, 6.09999990e+00, 0.,
    3.93202996e+00, 6.15000010e+00, 0., 3.93975997e+00, 6.19999981e+00,
    0., 3.95496011e+00, 6.25000000e+00, 0., 3.95707011e+00,
    6.30000019e+00, 0., 3.94211006e+00, 6.34999990e+00, 0.,
    3.91182995e+00, 6.40000010e+00, 0., 3.93522000e+00, 6.44999981e+00,
    0., 3.96286988e+00, 6.50000000e+00, 0., 3.94951010e+00,
    6.55000019e+00, 0., 3.95366001e+00, 6.59999990e+00, 0.,
    3.96931005e+00, 6.65000010e+00, 0., 3.97403002e+00, 6.69999981e+00,
    0., 3.98551011e+00, 6.75000000e+00, 0., 4.00134993e+00,
    6.80000019e+00, 0., 4.00851011e+00, 6.84999990e+00, 0.,
    4.01716995e+00, 6.90000010e+00, 0., 4.02972984e+00, 6.94999981e+00,
    0., 4.03841019e+00, 7., 0., 4.04702997e+00, 7.05000019e+00, 0.,
    4.06874990e+00, 7.09999990e+00, 0., 4.08516979e+00, 7.15000010e+00,
    0., 4.08537006e+00, 7.19999981e+00, 0., 4.07428980e+00,
    7.25000000e+00, 0., 4.08698988e+00, 7.30000019e+00, 0.,
    4.11131001e+00, 7.34999990e+00, 0., 4.12059021e+00, 7.40000010e+00,
    0., 4.13156986e+00, 7.44999981e+00, 0., 4.14876986e+00,
    7.50000000e+00, 0., 4.15751982e+00, 7.55000019e+00, 0.,
    4.15869999e+00, 7.59999990e+00, 0., 4.16262007e+00, 7.65000010e+00,
    0., 4.16695976e+00, 7.69999981e+00, 0., 4.17314005e+00,
    7.75000000e+00, 0., 4.18506002e+00, 7.80000019e+00, 0.,
    4.20382023e+00, 7.84999990e+00, 0., 4.22342014e+00, 7.90000010e+00,
    0., 4.21656990e+00, 7.94999981e+00, 0., 4.17599010e+00, 8., 0.,
    4.13365984e+00, 8.05000019e+00, 0., 4.14434004e+00, 8.10000038e+00,
    0., 4.15887022e+00, 8.14999962e+00, 0., 4.17581987e+00,
    8.19999981e+00, 0., 4.19494009e+00, 8.25000000e+00, 0.,
    4.22147989e+00, 8.30000019e+00, 0., 4.24584007e+00, 8.35000038e+00,
    0., 4.24645996e+00, 8.39999962e+00, 0., 4.24545002e+00,
    8.44999981e+00, 0., 4.26653004e+00, 8.50000000e+00, 0.,
    4.27556992e+00, 8.55000019e+00, 0., 4.28195000e+00, 8.60000038e+00,
    0., 4.31547022e+00, 8.64999962e+00, 0., 4.33292007e+00,
    8.69999981e+00, 0., 4.31752014e+00, 8.75000000e+00, 0.,
    4.33274984e+00, 8.80000019e+00, 0., 4.34759998e+00, 8.85000038e+00,
    0., 4.33044004e+00, 8.89999962e+00, 0., 4.32635021e+00,
    8.94999981e+00, 0., 4.32847023e+00, 9., 0., 4.33238983e+00,
    9.05000019e+00, 0., 4.32834005e+00, 9.10000038e+00, 0.,
    4.32093000e+00, 9.14999962e+00, 0., 4.31369019e+00, 9.19999981e+00,
    0., 4.30374002e+00, 9.25000000e+00, 0., 4.32009983e+00,
    9.30000019e+00, 0., 4.36494017e+00, 9.35000038e+00, 0.,
    4.35852003e+00, 9.39999962e+00, 0., 4.29847002e+00, 9.44999981e+00,
    0., 4.29866982e+00, 9.50000000e+00, 0., 4.32504988e+00,
    9.55000019e+00, 0., 4.35593987e+00, 9.60000038e+00, 0.,
    4.37402010e+00, 9.64999962e+00, 0., 4.39246988e+00, 9.69999981e+00,
    0., 4.40499020e+00, 9.75000000e+00, 0., 4.39186001e+00,
    9.80000019e+00, 0., 4.39946985e+00, 9.85000038e+00, 0.,
    4.42047024e+00, 9.89999962e+00, 0., 4.39816999e+00, 9.94999981e+00,
    0., 4.38452005e+00, 10., 0., 4.38478994e+00, 1.00500002e+01, 0.,
    4.38499022e+00, 1.01000004e+01, 0., 4.40090990e+00, 1.01499996e+01,
    0., 4.42194986e+00, 1.01999998e+01, 0., 4.41706991e+00,
    1.02500000e+01, 0., 4.40952015e+00, 1.03000002e+01, 0.,
    4.40971994e+00, 1.03500004e+01, 0., 4.41596985e+00, 1.03999996e+01,
    0., 4.44287014e+00, 1.04499998e+01, 0., 4.48739004e+00,
    1.05000000e+01, 0., 4.50144005e+00, 1.05500002e+01, 0.,
    4.49844980e+00, 1.06000004e+01, 0., 4.53048992e+00, 1.06499996e+01,
    0., 4.55881977e+00, 1.06999998e+01, 0., 4.56737995e+00,
    1.07500000e+01, 0., 4.57169008e+00, 1.08000002e+01, 0.,
    4.56894016e+00, 1.08500004e+01, 0., 4.55774021e+00, 1.08999996e+01,
    0., 4.59202003e+00, 1.09499998e+01, 0., 4.62909985e+00, 11., 0.,
    4.63843012e+00, 1.10500002e+01, 0., 4.60517979e+00, 1.11000004e+01,
    0., 4.55527020e+00, 1.11499996e+01, 0., 4.55534983e+00,
    1.11999998e+01, 0., 4.55553007e+00, 1.12500000e+01, 0.,
    4.54376984e+00, 1.13000002e+01, 0., 4.52009010e+00, 1.13500004e+01,
    0., 4.51428986e+00, 1.13999996e+01, 0., 4.52641010e+00,
    1.14499998e+01, 0., 4.55037022e+00, 1.15000000e+01, 0.,
    4.59356022e+00, 1.15500002e+01, 0., 4.63072014e+00, 1.16000004e+01,
    0., 4.64016008e+00, 1.16499996e+01, 0., 4.65079021e+00,
    1.16999998e+01, 0., 4.67179012e+00, 1.17500000e+01, 0.,
    4.68241978e+00, 1.18000002e+01, 0., 4.68266010e+00, 1.18500004e+01,
    0., 4.68285990e+00, 1.18999996e+01, 0., 4.70543003e+00,
    1.19499998e+01, 0., 4.73394012e+00, 12., 0., 4.72821999e+00,
    1.20500002e+01, 0., 4.73522997e+00, 1.21000004e+01, 0.,
    4.74839020e+00, 1.21499996e+01, 0., 4.74243021e+00, 1.21999998e+01,
    0., 4.73788977e+00, 1.22500000e+01, 0., 4.74336004e+00,
    1.23000002e+01, 0., 4.76435995e+00, 1.23500004e+01, 0.,
    4.78769016e+00, 1.23999996e+01, 0., 4.80281019e+00, 1.24499998e+01,
    0., 4.79761982e+00, 1.25000000e+01, 0., 4.79533005e+00,
    1.25500002e+01, 0., 4.81637001e+00, 1.26000004e+01, 0.,
    4.82537985e+00, 1.26499996e+01, 0., 4.83439016e+00, 1.26999998e+01,
    0., 4.87842989e+00, 1.27500000e+01, 0., 4.90045023e+00,
    1.28000002e+01, 0., 4.81815004e+00, 1.28500004e+01, 0.,
    4.84207010e+00, 1.28999996e+01, 0., 4.87315989e+00, 1.29499998e+01,
    0., 4.89860010e+00, 13., 0., 4.91742992e+00, 1.30500002e+01, 0.,
    4.92994022e+00, 1.31000004e+01, 0., 4.93005991e+00, 1.31499996e+01,
    0., 4.92636013e+00, 1.31999998e+01, 0., 4.91982985e+00,
    1.32500000e+01, 0., 4.91399002e+00, 1.33000002e+01, 0.,
    4.92048979e+00, 1.33500004e+01, 0., 4.92854977e+00, 1.33999996e+01,
    0., 4.92875004e+00, 1.34499998e+01, 0., 4.95829010e+00,
