%YAML:1.0
---
profile: [ 2.29999995e+00, 0., 7.67759979e-01, 2.34999990e+00, 0.,
    7.63419986e-01, 2.40000010e+00, 0., 7.62780011e-01, 2.45000005e+00,
    0., 7.59689987e-01, 2.50000000e+00, 0., 7.57179976e-01,
    2.54999995e+00, 0., 7.56540000e-01, 2.59999990e+00, 0.,
    7.60299981e-01, 2.65000010e+00, 0., 7.64270008e-01, 2.70000005e+00,
    0., 7.66309977e-01, 2.75000000e+00, 0., 7.77700007e-01,
    2.79999995e+00, 0., 7.93799996e-01, 2.84999990e+00, 0.,
    8.03120017e-01, 2.90000010e+00, 0., 8.21600020e-01, 2.95000005e+00,
    0., 8.44439983e-01, 3., 0., 8.73889983e-01, 3.04999995e+00, 0.,
    8.97570014e-01, 3.09999990e+00, 0., 9.03530002e-01, 3.15000010e+00,
    0., 9.03530002e-01, 3.20000005e+00, 0., 9.03530002e-01,
    3.25000000e+00, 0., 9.45370018e-01, 3.29999995e+00, 0.,
    9.87410009e-01, 3.34999990e+00, 0., 9.88049984e-01, 3.40000010e+00,
    0., 9.64070022e-01, 3.45000005e+00, 0., 9.32319999e-01,
    3.50000000e+00, 0., 9.42319989e-01, 3.54999995e+00, 0.,
    9.48499978e-01, 3.59999990e+00, 0., 9.48339999e-01, 3.65000010e+00,
    0., 9.41540003e-01, 3.70000005e+00, 0., 9.43870008e-01,
    3.75000000e+00, 0., 9.52480018e-01, 3.79999995e+00, 0.,
    9.56319988e-01, 3.84999990e+00, 0., 9.58850026e-01, 3.90000010e+00,
    0., 9.62320030e-01, 3.95000005e+00, 0., 9.72999990e-01, 4., 0.,
    9.84130025e-01, 4.05000019e+00, 0., 9.90249991e-01, 4.09999990e+00,
    0., 9.97189999e-01, 4.15000010e+00, 0., 9.97839987e-01,
    4.19999981e+00, 0., 9.91079986e-01, 4.25000000e+00, 0.,
    9.92510021e-01, 4.30000019e+00, 0., 1.00156999e+00, 4.34999990e+00,
    0., 1.01496994e+00, 4.40000010e+00, 0., 1.03037000e+00,
    4.44999981e+00, 0., 1.04918003e+00, 4.50000000e+00, 0.,
    1.07817996e+00, 4.55000019e+00, 0., 1.10706997e+00, 4.59999990e+00,
    0., 1.10651004e+00, 4.65000010e+00, 0., 1.11375999e+00,
    4.69999981e+00, 0., 1.12585998e+00, 4.75000000e+00, 0.,
    1.13393998e+00, 4.80000019e+00, 0., 1.14543998e+00, 4.84999990e+00,
    0., 1.15620005e+00, 4.90000010e+00, 0., 1.16506004e+00,
    4.94999981e+00, 0., 1.17130005e+00, 5., 0., 1.17442000e+00,
    5.05000019e+00, 0., 1.18133998e+00, 5.09999990e+00, 0.,
    1.18991995e+00, 5.15000010e+00, 0., 1.19992006e+00, 5.19999981e+00,
    0., 1.21017003e+00, 5.25000000e+00, 0., 1.21601999e+00,
    5.30000019e+00, 0., 1.21161997e+00, 5.34999990e+00, 0.,
    1.21397996e+00, 5.40000010e+00, 0., 1.22005999e+00, 5.44999981e+00,
    0., 1.27133000e+00, 5.50000000e+00, 0., 1.32100999e+00,
    5.55000019e+00, 0., 1.26568997e+00, 5.59999990e+00, 0.,
    1.24887002e+00, 5.65000010e+00, 0., 1.26789999e+00, 5.69999981e+00,
    0., 1.30574000e+00, 5.75000000e+00, 0., 1.33422995e+00,
    5.80000019e+00, 0., 1.33434999e+00, 5.84999990e+00, 0.,
    1.33453000e+00, 5.90000010e+00, 0., 1.33472002e+00, 5.94999981e+00,
    0., 1.33484006e+00, 6., 0., 1.37284994e+00, 6.05000019e+00, 0.,
    1.41077006e+00, 6.09999990e+00, 0., 1.35241997e+00, 6.15000010e+00,
    0., 1.35749996e+00, 6.19999981e+00, 0., 1.38230002e+00,
    6.25000000e+00, 0., 1.39305997e+00, 6.30000019e+00, 0.,
    1.41346002e+00, 6.34999990e+00, 0., 1.43809998e+00, 6.40000010e+00,
    0., 1.46078002e+00, 6.44999981e+00, 0., 1.47598004e+00,
    6.50000000e+00, 0., 1.48142004e+00, 6.55000019e+00, 0.,
    1.49166000e+00, 6.59999990e+00, 0., 1.50393999e+00, 6.65000010e+00,
    0., 1.50721002e+00, 6.69999981e+00, 0., 1.50663996e+00,
    6.75000000e+00, 0., 1.50528002e+00, 6.80000019e+00, 0.,
    1.50582004e+00, 6.84999990e+00, 0., 1.50661004e+00, 6.90000010e+00,
    0., 1.50677001e+00, 6.94999981e+00, 0., 1.50468004e+00, 7., 0.,
    1.50548005e+00, 7.05000019e+00, 0., 1.51020002e+00, 7.09999990e+00,
    0., 1.51549995e+00, 7.15000010e+00, 0., 1.52117002e+00,
    7.19999981e+00, 0., 1.52736998e+00, 7.25000000e+00, 0.,
    1.51997995e+00, 7.30000019e+00, 0., 1.52841997e+00, 7.34999990e+00,
    0., 1.56630003e+00, 7.40000010e+00, 0., 1.59476995e+00,
    7.44999981e+00, 0., 1.59489000e+00, 7.50000000e+00, 0.,
    1.64157999e+00, 7.55000019e+00, 0., 1.68822002e+00, 7.59999990e+00,
    0., 1.61629999e+00, 7.65000010e+00, 0., 1.59551001e+00,
    7.69999981e+00, 0., 1.59572005e+00, 7.75000000e+00, 0.,
    1.59588003e+00, 7.80000019e+00, 0., 1.59607995e+00, 7.84999990e+00,
    0., 1.61512005e+00, 7.90000010e+00, 0., 1.65292001e+00,
    7.94999981e+00, 0., 1.68141997e+00, 8., 0., 1.68157995e+00,
    8.05000019e+00, 0., 1.68182003e+00, 8.10000038e+00, 0.,
    1.68206000e+00, 8.14999962e+00, 0., 1.68221998e+00, 8.19999981e+00,
    0., 1.68245995e+00, 8.25000000e+00, 0., 1.69098997e+00,
    8.30000019e+00, 0., 1.70771003e+00, 8.35000038e+00, 0.,
    1.69973004e+00, 8.39999962e+00, 0., 1.68340003e+00, 8.44999981e+00,
    0., 1.68356001e+00, 8.50000000e+00, 0., 1.68384004e+00,
    8.55000019e+00, 0., 1.68412006e+00, 8.60000038e+00, 0.,
    1.68431997e+00, 8.64999962e+00, 0., 1.68462002e+00, 8.69999981e+00,
    0., 1.68492997e+00, 8.75000000e+00, 0., 1.68513000e+00,
    8.80000019e+00, 0., 1.71727002e+00, 8.85000038e+00, 0.,
    1.75990999e+00, 8.89999962e+00, 0., 1.77081001e+00, 8.94999981e+00,
    0., 1.74282002e+00, 9., 0., 1.69597995e+00, 9.05000019e+00, 0.,
    1.73389995e+00, 9.10000038e+00, 0., 1.77188003e+00, 9.14999962e+00,
    0., 1.77212000e+00, 9.19999981e+00, 0., 1.80419004e+00,
    9.25000000e+00, 0., 1.84678996e+00, 9.30000019e+00, 0.,
    1.80122006e+00, 9.35000038e+00, 0., 1.79031003e+00, 9.39999962e+00,
    0., 1.81333995e+00, 9.44999981e+00, 0., 1.81358004e+00,
    9.50000000e+00, 0., 1.81387997e+00, 9.55000019e+00, 0.,
    1.81408000e+00, 9.60000038e+00, 0., 1.84018004e+00, 9.64999962e+00,
    0., 1.85979998e+00, 9.69999981e+00, 0., 1.86003995e+00,
    9.75000000e+00, 0., 1.89798999e+00, 9.80000019e+00, 0.,
    1.93587005e+00, 9.85000038e+00, 0., 1.88907003e+00, 9.89999962e+00,
    0., 1.86113000e+00, 9.94999981e+00, 0., 1.86143005e+00, 10., 0.,
    1.86162996e+00, 1.00500002e+01, 0., 1.86194003e+00, 1.01000004e+01,
    0., 1.86223996e+00, 1.01499996e+01, 0., 1.86243999e+00,
    1.01999998e+01, 0., 1.89447999e+00, 1.02500000e+01, 0.,
    1.93703997e+00, 1.03000002e+01, 0., 1.94790006e+00, 1.03500004e+01,
    0., 1.97169995e+00, 1.03999996e+01, 0., 2.01893997e+00,
    1.04499998e+01, 0., 2.06624007e+00, 1.05000000e+01, 0.,
    2.06640005e+00, 1.05500002e+01, 0., 2.06668997e+00, 1.06000004e+01,
    0., 2.06694007e+00, 1.06499996e+01, 0., 2.06714010e+00,
    1.06999998e+01, 0., 2.05083990e+00, 1.07500000e+01, 0.,
    2.03459001e+00, 1.08000002e+01, 0., 2.03479004e+00, 1.08500004e+01,
    0., 2.03501010e+00, 1.08999996e+01, 0., 2.03526998e+00,
    1.09499998e+01, 0., 2.03542995e+00, 11., 0., 2.03572989e+00,
    1.10500002e+01, 0., 2.05479002e+00, 1.11000004e+01, 0.,
    2.09259009e+00, 1.11499996e+01, 0., 2.12109995e+00, 1.11999998e+01,
    0., 2.12129998e+00, 1.12500000e+01, 0., 2.12159991e+00,
    1.13000002e+01, 0., 2.12192988e+00, 1.13500004e+01, 0.,
    2.12216997e+00, 1.13999996e+01, 0., 2.12247992e+00, 1.14499998e+01,
    0., 2.12279010e+00, 1.15000000e+01, 0., 2.12302995e+00,
    1.15500002e+01, 0., 2.12334991e+00, 1.16000004e+01, 0.,
    2.12366009e+00, 1.16499996e+01, 0., 2.12389994e+00, 1.16999998e+01,
    0., 2.12420011e+00, 1.17500000e+01, 0., 2.12451005e+00,
    1.18000002e+01, 0., 2.12474990e+00, 1.18500004e+01, 0.,
    2.12505007e+00, 1.18999996e+01, 0., 2.12532997e+00, 1.19499998e+01,
    0., 2.12553000e+00, 12., 0., 2.15746999e+00, 1.20500002e+01, 0.,
    2.19987011e+00, 1.21000004e+01, 0., 2.22195005e+00, 1.21499996e+01,
    0., 2.23350000e+00, 1.21999998e+01, 0., 2.23374009e+00,
    1.22500000e+01, 0., 2.23918009e+00, 1.23000002e+01, 0.,
    2.24632001e+00, 1.23500004e+01, 0., 2.24656010e+00, 1.23999996e+01,
    0., 2.24579000e+00, 1.24499998e+01, 0., 2.24461007e+00,
    1.25000000e+01, 0., 2.24484992e+00, 1.25500002e+01, 0.,
    2.26502991e+00, 1.26000004e+01, 0., 2.29170990e+00, 1.26499996e+01,
    0., 2.34079003e+00, 1.26999998e+01, 0., 2.38327003e+00,
    1.27500000e+01, 0., 2.38351011e+00, 1.28000002e+01, 0.,
