%YAML:1.0
---
profile: [ 2.00000003e-01, 0., -7.39222002e+00, 2.50000000e-01, 0.,
    -7.42305994e+00, 3.00000012e-01, 0., -7.42433023e+00, 3.49999994e-01,
    0., -7.41417980e+00, 4.00000006e-01, 0., -7.40361977e+00,
    4.49999988e-01, 0., -7.38827991e+00, 5.00000000e-01, 0.,
    -7.37491989e+00, 5.50000012e-01, 0., -7.35176992e+00, 6.00000024e-01,
    0., -7.33017015e+00, 6.49999976e-01, 0., -7.32292986e+00,
    6.99999988e-01, 0., -7.31553984e+00, 7.50000000e-01, 0.,
    -7.31057978e+00, 8.00000012e-01, 0., -7.30369997e+00, 8.50000024e-01,
    0., -7.29980993e+00, 8.99999976e-01, 0., -7.30052996e+00,
    9.49999988e-01, 0., -7.29507017e+00, 1., 0., -7.28855991e+00,
    1.04999995e+00, 0., -7.28528023e+00, 1.10000002e+00, 0.,
    -7.28120995e+00, 1.14999998e+00, 0., -7.27701998e+00, 1.20000005e+00,
    0., -7.27345991e+00, 1.25000000e+00, 0., -7.26390982e+00,
    1.29999995e+00, 0., -7.25022984e+00, 1.35000002e+00, 0.,
    -7.24458981e+00, 1.39999998e+00, 0., -7.24037981e+00, 1.45000005e+00,
    0., -7.23229980e+00, 1.50000000e+00, 0., -7.21871996e+00,
    1.54999995e+00, 0., -7.20603991e+00, 1.60000002e+00, 0.,
    -7.17739010e+00, 1.64999998e+00, 0., -7.14611006e+00, 1.70000005e+00,
    0., -7.12295008e+00, 1.75000000e+00, 0., -7.11712980e+00,
    1.79999995e+00, 0., -7.14028978e+00, 1.85000002e+00, 0.,
    -7.14603996e+00, 1.89999998e+00, 0., -7.14595985e+00, 1.95000005e+00,
    0., -7.14591980e+00, 2., 0., -7.18342018e+00, 2.04999995e+00, 0.,
    -7.18335009e+00, 2.09999990e+00, 0., -7.15826988e+00, 2.15000010e+00,
    0., -7.14567995e+00, 2.20000005e+00, 0., -7.13560009e+00,
    2.25000000e+00, 0., -7.09568024e+00, 2.29999995e+00, 0.,
    -7.05567980e+00, 2.34999990e+00, 0., -7.05560017e+00, 2.40000010e+00,
    0., -7.05550003e+00, 2.45000005e+00, 0., -7.05540991e+00,
    2.50000000e+00, 0., -7.05536985e+00, 2.54999995e+00, 0.,
    -7.05526018e+00, 2.59999990e+00, 0., -7.05522013e+00, 2.65000010e+00,
    0., -7.05507994e+00, 2.70000005e+00, 0., -7.05496979e+00,
    2.75000000e+00, 0., -7.05489016e+00, 2.79999995e+00, 0.,
    -7.01477003e+00, 2.84999990e+00, 0., -6.97468996e+00, 2.90000010e+00,
    0., -6.96452999e+00, 2.95000005e+00, 0., -6.96436977e+00, 3., 0.,
    -6.96425009e+00, 3.04999995e+00, 0., -6.92428017e+00, 3.09999990e+00,
    0., -6.88435984e+00, 3.15000010e+00, 0., -6.87420988e+00,
    3.20000005e+00, 0., -6.87405014e+00, 3.25000000e+00, 0.,
    -6.87392998e+00, 3.29999995e+00, 0., -6.87374020e+00, 3.34999990e+00,
    0., -6.87353992e+00, 3.40000010e+00, 0., -6.87341976e+00,
    3.45000005e+00, 0., -6.87321997e+00, 3.50000000e+00, 0.,
    -6.87304020e+00, 3.54999995e+00, 0., -6.87296009e+00, 3.59999990e+00,
    0., -6.87277985e+00, 3.65000010e+00, 0., -6.87266016e+00,
    3.70000005e+00, 0., -6.87250996e+00, 3.75000000e+00, 0.,
    -6.87235022e+00, 3.79999995e+00, 0., -6.87223005e+00, 3.84999990e+00,
    0., -6.87204981e+00, 3.90000010e+00, 0., -6.86188984e+00,
    3.95000005e+00, 0., -6.82184982e+00, 4., 0., -6.78171015e+00,
    4.05000019e+00, 0., -6.78154993e+00, 4.09999990e+00, 0.,
    -6.76870012e+00, 4.15000010e+00, 0., -6.75173998e+00, 4.19999981e+00,
    0., -6.74329996e+00, 4.25000000e+00, 0., -6.73887014e+00,
    4.30000019e+00, 0., -6.73631001e+00, 4.34999990e+00, 0.,
    -6.73545980e+00, 4.40000010e+00, 0., -6.73142004e+00, 4.44999981e+00,
    0., -6.72361994e+00, 4.50000000e+00, 0., -6.71536016e+00,
    4.55000019e+00, 0., -6.70695019e+00, 4.59999990e+00, 0.,
    -6.69635010e+00, 4.65000010e+00, 0., -6.68024015e+00, 4.69999981e+00,
    0., -6.66404009e+00, 4.75000000e+00, 0., -6.62868977e+00,
    4.80000019e+00, 0., -6.59245014e+00, 4.84999990e+00, 0.,
    -6.57417011e+00, 4.90000010e+00, 0., -6.57391977e+00, 4.94999981e+00,
    0., -6.57376003e+00, 5., 0., -6.58428001e+00, 5.05000019e+00, 0.,
    -6.59228992e+00, 5.09999990e+00, 0., -6.56768990e+00, 5.15000010e+00,
    0., -6.53442001e+00, 5.19999981e+00, 0., -6.50489998e+00,
    5.25000000e+00, 0., -6.48371983e+00, 5.30000019e+00, 0.,
    -6.47516012e+00, 5.34999990e+00, 0., -6.49606991e+00, 5.40000010e+00,
    0., -6.50742006e+00, 5.44999981e+00, 0., -6.50713015e+00,
    5.50000000e+00, 0., -6.50692987e+00, 5.55000019e+00, 0.,
    -6.50347996e+00, 5.59999990e+00, 0., -6.49688005e+00, 5.65000010e+00,
    0., -6.48944998e+00, 5.69999981e+00, 0., -6.48198986e+00,
    5.75000000e+00, 0., -6.47538996e+00, 5.80000019e+00, 0.,
    -6.45097017e+00, 5.84999990e+00, 0., -6.42281008e+00, 5.90000010e+00,
    0., -6.41558981e+00, 5.94999981e+00, 0., -6.41187000e+00, 6., 0.,
    -6.40474987e+00, 6.05000019e+00, 0., -6.37412977e+00, 6.09999990e+00,
    0., -6.33804989e+00, 6.15000010e+00, 0., -6.31934977e+00,
    6.19999981e+00, 0., -6.31640005e+00, 6.25000000e+00, 0.,
    -6.30832005e+00, 6.30000019e+00, 0., -6.30417013e+00, 6.34999990e+00,
    0., -6.30404997e+00, 6.40000010e+00, 0., -6.31772995e+00,
    6.44999981e+00, 0., -6.36909008e+00, 6.50000000e+00, 0.,
    -6.38896990e+00, 6.55000019e+00, 0., -6.33980989e+00, 6.59999990e+00,
    0., -6.30277014e+00, 6.65000010e+00, 0., -6.30256987e+00,
    6.69999981e+00, 0., -6.30225992e+00, 6.75000000e+00, 0.,
    -6.30240011e+00, 6.80000019e+00, 0., -6.30376005e+00, 6.84999990e+00,
    0., -6.31204987e+00, 6.90000010e+00, 0., -6.32212019e+00,
    6.94999981e+00, 0., -6.32191992e+00, 7., 0., -6.31443977e+00,
    7.05000019e+00, 0., -6.29651022e+00, 7.09999990e+00, 0.,
    -6.26407003e+00, 7.15000010e+00, 0., -6.23150015e+00, 7.19999981e+00,
    0., -6.23129988e+00, 7.25000000e+00, 0., -6.22056007e+00,
    7.30000019e+00, 0., -6.20643997e+00, 7.34999990e+00, 0.,
    -6.16614008e+00, 7.40000010e+00, 0., -6.12941980e+00, 7.44999981e+00,
    0., -6.15432978e+00, 7.50000000e+00, 0., -6.16764021e+00,
    7.55000019e+00, 0., -6.16639996e+00, 7.59999990e+00, 0.,
    -6.18128014e+00, 7.65000010e+00, 0., -6.16348982e+00, 7.69999981e+00,
    0., -6.12984991e+00, 7.75000000e+00, 0., -6.11496019e+00,
    7.80000019e+00, 0., -6.12403011e+00, 7.84999990e+00, 0.,
    -6.18615007e+00, 7.90000010e+00, 0., -6.18598986e+00, 7.94999981e+00,
    0., -6.18572998e+00, 8., 0., -6.18553019e+00, 8.05000019e+00, 0.,
    -6.14750004e+00, 8.10000038e+00, 0., -6.10953999e+00, 8.14999962e+00,
    0., -6.09905005e+00, 8.19999981e+00, 0., -6.07618999e+00,
    8.25000000e+00, 0., -6.03203011e+00, 8.30000019e+00, 0.,
    -5.99880981e+00, 8.35000038e+00, 0., -5.99861002e+00, 8.39999962e+00,
    0., -5.98935986e+00, 8.44999981e+00, 0., -5.98005009e+00,
    8.50000000e+00, 0., -5.97984982e+00, 8.55000019e+00, 0.,
    -5.97958994e+00, 8.60000038e+00, 0., -5.97933006e+00, 8.64999962e+00,
    0., -5.97912979e+00, 8.69999981e+00, 0., -5.99023008e+00,
    8.75000000e+00, 0., -6.00485992e+00, 8.80000019e+00, 0.,
    -6.00386000e+00, 8.85000038e+00, 0., -6.00321007e+00, 8.89999962e+00,
    0., -6.00295019e+00, 8.94999981e+00, 0., -6.00278997e+00, 9., 0.,
    -5.99140978e+00, 9.05000019e+00, 0., -5.96896982e+00, 9.10000038e+00,
    0., -5.93822002e+00, 9.14999962e+00, 0., -5.91226006e+00,
    9.19999981e+00, 0., -5.90236998e+00, 9.25000000e+00, 0.,
    -5.89849997e+00, 9.30000019e+00, 0., -5.89589977e+00, 9.35000038e+00,
    0., -5.88878012e+00, 9.39999962e+00, 0., -5.88712978e+00,
    9.44999981e+00, 0., -5.90633011e+00, 9.50000000e+00, 0.,
    -5.91097021e+00, 9.55000019e+00, 0., -5.89801979e+00, 9.60000038e+00,
    0., -5.84713984e+00, 9.64999962e+00, 0., -5.79113007e+00,
    9.69999981e+00, 0., -5.77077007e+00, 9.75000000e+00, 0.,
    -5.75139999e+00, 9.80000019e+00, 0., -5.74323988e+00, 9.85000038e+00,
    0., -5.75051022e+00, 9.89999962e+00, 0., -5.75077009e+00,
    9.94999981e+00, 0., -5.73737001e+00, 10., 0., -5.71904993e+00,
    1.00500002e+01, 0., -5.70356989e+00, 1.01000004e+01, 0.,
    -5.70738983e+00, 1.01499996e+01, 0., -5.71188021e+00, 1.01999998e+01,
    0., -5.70928001e+00, 1.02500000e+01, 0., -5.71551991e+00,
    1.03000002e+01, 0., -5.71420002e+00, 1.03500004e+01, 0.,
    -5.70124006e+00, 1.03999996e+01, 0., -5.67840004e+00, 1.04499998e+01,
